DIMENSION :100
NODE_COORD_SECTION
1 -92.44742766024252 66.75294925874027
2 65.83940819880672 -51.725986052686345
3 -2.9599963983703645 -55.47960395994957
4 -4.2602862911079455 -83.52126607934935
5 43.9043866122328 -86.73794078008132
6 -74.9442548890175 61.615378552658115
7 28.101317894870732 78.56276744344729
8 67.06049456552103 40.90247013973641
9 44.567743662853104 -85.32427846801637
10 -11.069957729358123 0.32039719443437775
11 -64.85569771140646 25.011967612571055
12 -96.2560296437589 43.354887636667144
13 77.36808230522317 -37.59284681751864
14 68.88330465861284 48.912854814667014
15 -82.28477911142807 8.121837118148491
16 9.362217418429168 -62.14477471257944
17 69.09920826702461 92.32073531339375
18 -17.51850246798668 62.005397614496076
19 5.907376207954201 -46.18471586805764
20 79.29330715078135 95.1560262767951
21 -15.415392865472043 -16.856964417307225
22 18.7181938419658 42.510918996356935
23 -6.25014778061967 -29.403520721156113
24 31.757121506871357 -46.83718179763625
25 95.05762476451395 -10.397229207563896
26 56.092595276615924 19.62205093064216
27 54.49319162610223 85.89521047683297
28 -34.52532026074526 -20.92507529772722
29 83.51672037862971 -85.793941484762
30 -56.360755910545855 92.96492489054611
31 10.448287445467955 -33.25040810290707
32 -20.892738855908007 74.65378173937245
33 84.71207280606987 -28.446814993513357
34 5.06564527033369 -40.66645096198367
35 80.03477868388481 3.7334113285924104
36 37.63159141992912 66.02490890180488
37 7.419791283207516 49.10308167194927
38 -23.845977658131233 88.41096133416414
39 -25.304860700460807 -12.965655647908108
40 -79.19275522972566 -30.580176084083277
41 -63.34002597683781 18.29185509730975
42 -64.4165006457041 -36.116540936541064
43 68.33074874187227 53.58932109800347
44 -61.10733205559142 -25.73584943059784
45 63.514864473813844 99.91153459707402
46 39.32895471322391 56.35416726307079
47 11.916200319314513 34.18326058201643
48 -49.234082748692785 -64.98181113096553
49 40.20334698713367 -62.34466092398008
50 -81.20723360233404 44.462146708906005
51 15.94807160928498 -20.582593761146867
52 69.60647152774365 13.176151437291736
53 -91.93196073107852 83.7357091170139
54 52.825716554520966 50.613326301441674
55 73.38438484975231 93.45359834747305
56 91.29432087392868 -39.16966055741686
57 -3.8687423955091162 50.48130625059119
58 73.79333314142602 -92.27048734303156
59 45.73111712692989 -45.559373928993296
60 -69.31743550234609 -12.79346789716034
61 37.87603921370277 -68.1806867630274
62 17.843842726831838 -76.57830828811055
63 -15.068147302164519 -49.47103648770146
64 0.899859041324504 -0.42319207712151297
65 3.908552865184319 48.549200063011654
66 -20.465899963925622 57.99393326021405
67 -86.28304932666695 -89.61982891086053
68 -79.16118188748516 59.95604637333133
69 -1.84193130791121 -78.68573286699636
70 80.96961321799739 82.6840610778294
71 -62.93156784090439 -42.92285704956955
72 -14.01323451280652 -51.01161967438992
73 15.270822809582185 -74.82282345055006
74 -84.38498895060997 -65.45254233178284
75 7.456830440004609 64.34147726700957
76 87.75498293938594 -21.570159499880702
77 6.853913403741018 29.705751670270445
78 76.93117685003881 -65.60988587086484
79 -83.49371867888537 43.964258896860315
80 16.462764269338592 43.63344883114391
81 -45.77437799342419 78.47527222983487
82 31.995271646019688 -15.842707315186203
83 -64.25596090382967 -56.643568579346315
84 -66.86749559919684 -42.55702034611997
85 95.32827129489073 -88.1064890623648
86 50.259932448791005 -89.81601460112205
87 -20.909210865880553 82.1250942409419
88 45.2520352817252 -43.09831414982766
89 -96.54005094729922 87.25482079835666
90 -52.3921273419391 -31.286533422913948
91 9.747869538919602 6.581870448517208
92 -28.339423960245142 -75.81779263169054
93 65.48136013664512 -0.07060163223671623
94 55.858151084480795 -19.90989401618006
95 64.13774456087606 91.0897184021569
96 -68.28561753300615 -86.85607799946145
97 -42.84604123970044 59.59413798640048
98 77.8803380902545 8.032819357571384
99 -84.44605794741193 -34.84568366600915
100 -56.11152628379126 22.923978185391803
EOF
