DIMENSION :100
NODE_COORD_SECTION
1 82.66223934637208 -79.06589176449457
2 37.34133672734208 -90.34482269153241
3 -81.79344215013786 99.25533675460062
4 44.9221318512827 -36.45144064804337
5 -13.843923277892017 57.7727519247523
6 -95.26284500506131 -51.06700534358042
7 68.90543487450458 79.47328023722196
8 -72.29708775324914 57.80074211141647
9 92.0356624303341 57.40434056835031
10 -36.28783604299362 65.97565265333279
11 -36.20088101531138 9.591845285997564
12 45.539079637075076 27.824414968547558
13 -31.930838362845677 -22.619569252127732
14 53.11885815613019 68.9805051984755
15 -38.7755107422896 9.667929179832257
16 85.87885957409418 -63.70888646337525
17 -31.835359715762323 31.795007343691736
18 41.14977442505284 -48.88874096472906
19 98.62984227091343 -74.60992682091478
20 -11.71299056745707 -69.76656233484661
21 12.224806830408625 -95.74152584764852
22 -99.01610981464077 88.1552035143813
23 49.02266402054306 61.4443002555073
24 -35.639956565570884 -84.9488695019287
25 12.35191044813817 -16.11813359948438
26 8.759688270510878 -63.270301297463405
27 41.345635850437304 -16.40668416353654
28 38.79622494262833 -93.98038926728994
29 43.058953951303124 -21.822398150156317
30 -75.96887428798307 -50.555704657875644
31 -32.562853711724514 -31.62466501387287
32 96.77654893385096 98.70718294544761
33 3.143502665161975 6.782962762428468
34 -37.137228505322724 73.42461355233624
35 -51.767516915498234 -70.6712057690734
36 72.81309029803847 -50.29282158286799
37 -33.119643706608514 -70.08742375269645
38 -76.27966269136112 48.604328444913364
39 81.86201758478003 98.64917717925951
40 -33.779191745991426 9.091321359666566
41 72.18931283906787 -84.55381192432536
42 -23.68711730452209 -27.80856724134584
43 -53.69737721367791 -6.815756564806335
44 18.369207860380897 95.9905118820752
45 43.43426928269551 98.557876785975
46 -26.457064992673196 45.71511723514598
47 79.23853141070194 43.67387058466119
48 36.86995636218265 58.70929526546374
49 96.50995512939176 37.79308214255349
50 96.72074150126502 71.05941946837464
51 -92.21203971988349 -83.8592206176457
52 -98.14313123678859 10.780287861350985
53 23.872452631247953 -78.50039181985963
54 -5.801027035852812 -88.11002848014016
55 50.75164921517688 4.338377249804012
56 -60.485641125561514 -15.635205089885588
57 -92.83012718733492 -71.48112792011254
58 23.584049996488062 -13.119965715125332
59 -33.960295183816314 22.162006604127242
60 98.0107270151621 -7.594146658879424
61 -44.8706395238067 -2.956311250769943
62 57.68040688022916 -88.85785854918456
63 -34.06718163018367 74.92979289478822
64 -89.00755530781241 -59.06001597488191
65 14.35666767657186 -94.45122854571638
66 -35.67611944971631 52.271500800145446
67 72.83430337748601 38.43939227890533
68 83.79574931921431 82.97387908988225
69 -49.29536873684448 19.700269669461505
70 -79.73942911287615 17.40752487281081
71 38.16901747693413 -75.29315277650635
72 -12.468235563996075 -44.66773146344663
73 -51.13330287912399 -90.84946507616036
74 -30.77271018515107 -62.28037169026097
75 97.08558594111955 -36.706142584244674
76 -3.798596644787281 -10.116747137580177
77 27.851813298879847 88.12441345721246
78 84.3899677737401 66.7236266394153
79 81.61802877887934 -22.870365963327217
80 51.99631192959768 40.547302714219654
81 -80.00307444592582 -16.296736084053734
82 45.2962080674304 58.834908101818115
83 -35.03683161172893 81.7336611702942
84 93.94209495643443 -82.50378027170757
85 -88.8266874378968 85.71300635215579
86 89.49824291475451 -55.43525245561973
87 -40.47002507862179 -13.254409481505178
88 35.040083401972566 69.94827001246856
89 89.84301965496101 82.12242608828316
90 -50.99743633720657 68.76583116624383
91 -58.58287054606146 28.668490375591347
92 23.063864611024826 8.965776975446474
93 -97.37836123142426 33.857944833290276
94 -68.29755826172443 -91.66653901674422
95 23.975103679608154 -86.26824897148487
96 -29.833115161420395 -88.3386075908743
97 -35.99631101077678 92.94119437125255
98 -42.05035293347981 -64.231526482698
99 -46.891102358577164 -0.2201607752848389
100 -13.542690984369557 98.21931017790482
EOF
