DIMENSION :100
NODE_COORD_SECTION
1 -0.7076598415345074 -57.17166568409162
2 -82.46724554192633 0.4809720085423095
3 -64.23293398863157 55.89399273495923
4 76.33159245045152 3.235873408479904
5 70.62756058215913 68.43880486476718
6 87.22070256852982 81.77491781674172
7 94.01091232256502 40.81210530004563
8 -74.31279563517201 52.51265543577148
9 -89.37831784692966 74.03410432484714
10 82.83220849476638 55.28538547860572
11 15.633492738563376 -24.977917237256236
12 -19.29762081721958 99.39601882615793
13 91.73108001018099 61.195909298528306
14 33.484206403566844 33.94120444794447
15 -81.6121776417607 72.55980215406177
16 -67.136881272142 -82.74407602238176
17 -70.79975243451655 -44.35371483871795
18 46.20086993380545 47.22480008014756
19 -20.922409050726458 -88.75257916296009
20 7.786436153944166 -67.62647967497503
21 90.3111343752849 -43.3525477272898
22 56.26704164181285 33.06766175931861
23 -64.97552409100979 -56.89005147379791
24 25.467596516662155 -17.189508251359825
25 -18.767459278235293 90.66179727409968
26 -68.84165305438242 11.545150675615858
27 -19.286303221256034 54.755241274011695
28 12.932130667594663 36.03086794249006
29 9.125855331138581 -76.82160747734872
30 88.20416444174097 -43.22314315495961
31 -17.72596745436968 -43.37639067855545
32 -45.55112481620498 -93.3184853123789
33 67.1634263800745 -67.38775128542184
34 -63.860184051856336 -66.56119488406036
35 82.44856543360243 30.013305960655856
36 -85.5396754273205 65.9375673842467
37 40.11574045800518 -99.81739303940009
38 -99.2958891059008 -85.70631451820334
39 18.712379868348435 -89.21184065768819
40 18.386490350249133 83.8190669813875
41 -21.836280991508474 -80.32353890664237
42 44.438612880941236 -54.85457020368594
43 -72.80647944885106 -61.32646162035977
44 26.458566643775598 95.8850194446469
45 36.59236801204301 81.00357623713955
46 -59.15524143588928 -26.375658497197477
47 55.0533861720038 51.04702644048032
48 85.73861330817715 -64.28883378706942
49 -70.97798556237302 -68.55071468347316
50 -86.94484653291694 -91.79095764064651
51 53.98287014782852 -49.87012672001978
52 95.48153683570953 24.557673373707203
53 91.8333905572469 68.53128632098156
54 -2.8246835613677206 -76.10849613343305
55 -22.529540811319194 22.48567788137605
56 -29.0043976000605 -40.366956601103986
57 7.442813061867071 68.36665494676049
58 40.452017059962145 80.89136032408894
59 -45.50143915531881 -60.26762883261394
60 -58.84227099858035 -7.6395800819244215
61 -15.916271496123827 3.4554220930475594
62 -5.575407547897811 -27.174185563903563
63 -37.67569191050772 -80.62613666719812
64 64.73982340777417 38.05265046586038
65 -60.249168228768156 53.78686377846299
66 -86.7846435023396 -29.258639295808763
67 -28.998922179650492 74.6575752625385
68 0.7023944248013123 -91.59777447392477
69 -12.036948529778897 -34.82521112015155
70 17.115477496517272 79.41355855168572
71 -17.703009297982845 -67.63592277530589
72 -82.3882923383499 -91.80755162123839
73 73.00162531325549 -41.271868298088336
74 31.62249538408193 72.32112959157416
75 -64.33338119614984 47.43513029880299
76 77.33672381679398 -12.363966951200283
77 -47.720489785195916 -54.63702168256302
78 62.0857189311283 21.70063631414658
79 -96.06780919092309 93.34632839685878
80 78.1820702170456 91.74739992556204
81 73.49842320757315 -50.73759627789729
82 -85.88416054327921 -9.912059389383373
83 51.33049293327758 57.13064378787226
84 -7.386700932851738 -1.8451023551794776
85 -55.7503121534223 94.19028897674735
86 19.914898655235632 99.7527664639459
87 76.58175980152114 17.95909633528194
88 84.73067767183986 -15.24075088547039
89 41.71522244634923 -43.43461041711918
90 -19.317030579271005 46.432566713352344
91 -86.3632182666575 38.184788263221606
92 42.64777153850574 -81.35561081905416
93 -39.87516859212008 -60.79808185840157
94 -14.742299319296777 -26.228063732701614
95 -87.241517548113 -54.243414244276636
96 -89.06894182826434 7.647043970770923
97 -56.373862529336826 -30.377133651905993
98 15.143050849851264 74.87388044992335
99 -25.405760139996204 36.90866685311863
100 -41.743186903608986 -94.0087820843371
EOF
