DIMENSION :100
NODE_COORD_SECTION
1 -54.76208637252596 -91.35487471512864
2 -29.089954218011243 -96.57671522711215
3 17.74518508335565 -98.24568120834442
4 -10.531736078922705 20.035870261815788
5 74.3050426265884 63.510443454783285
6 51.73964816581915 47.148573693910464
7 -82.34719020605436 94.98663695693844
8 -65.20466321032808 51.479300642143244
9 -53.90304566485684 43.00205995684087
10 81.61303340110862 77.88103276122143
11 84.44651015152667 -90.72527088330204
12 -19.147856298388106 -62.45057773219194
13 -55.339438677953346 68.76566257554572
14 41.50290195117404 35.44177874956506
15 85.04909181304296 -72.5793567563974
16 62.19587748446344 -32.39783538373371
17 69.08109099939298 -66.69501979445795
18 92.8097778487145 -6.49885279587987
19 38.33241782577559 -29.834353959532464
20 65.1170994888447 -5.837065467477359
21 -91.1675360197327 -91.25566762760992
22 29.558657125863476 -36.23331394526523
23 76.0451575812408 68.70395771068502
24 -23.160397618946533 50.5728139462465
25 70.94652816929633 -47.17981671886238
26 45.891158205795335 62.43916096359291
27 -51.8624702209995 55.128699056851104
28 23.84381417482774 -17.14400192252556
29 -93.34262533740552 16.00794779662904
30 29.009255977539226 5.342915363946204
31 -54.86071626904108 99.71613179105103
32 -65.5300164512717 87.21461480527074
33 35.17701294276446 -96.30969057452347
34 37.72696514277288 48.136785841456714
35 -39.7528627403128 -26.04541339029258
36 -89.04259189768224 -5.4427158242709766
37 12.258647836879604 -2.7267157074132484
38 76.78617525565426 -61.988169120833916
39 -36.222071067605356 68.22424783330544
40 -53.92405887272271 93.46760491728517
41 -58.7962134507257 -11.843713288179657
42 -72.90711467470899 93.28211683100366
43 12.643760998617239 43.03405356333241
44 -30.493974864410305 33.0188092205519
45 73.96947337136771 28.462455675650972
46 42.03013129898875 77.27485937798443
47 -32.49462561803517 42.72201873754432
48 -40.87646608546947 96.84089633028302
49 -99.96817177371851 -47.564512567411256
50 -29.996227660509007 82.92608237562277
51 -59.74006178331799 50.52512827718837
52 2.3456191965309756 89.84644001307711
53 70.66222390338012 72.40920218479587
54 13.377487328881529 -5.51189722247409
55 -55.480348258443236 13.925153900893704
56 -57.306113072977816 29.02132233390168
57 -43.72770546822746 -96.7438518108115
58 83.95314006178026 42.75513318379524
59 71.7372322634549 19.176596933155437
60 96.73104706426062 -20.313317317638322
61 84.48404011244506 19.221437021781583
62 -34.8471488505413 -79.78687258508357
63 -34.36530852663704 43.9229721013254
64 -23.472594892388912 28.638309149819577
65 -43.418725207638786 97.04807305543531
66 41.05892466669411 72.52023665568936
67 17.59153492197865 66.8077642891372
68 2.8133586597969753 35.569688182601794
69 -10.001308849220592 49.300064788076014
70 2.467975013567454 -67.27592541443207
71 -44.35127415702995 -37.01375507152773
72 43.97418824343998 54.18503646994574
73 -15.495260992708765 1.7895199767885543
74 90.11546013855423 -85.37795569898014
75 -50.215405675457035 64.44441890263408
76 66.04338167332108 -35.59149135981943
77 -40.26534788340703 -80.98599225549461
78 85.22685781663597 31.670974620108467
79 6.118962981979621 -85.96866218333116
80 28.850735011084538 -92.90416829189378
81 61.72976314496427 -68.48959697426626
82 -92.44822989506415 57.85235582780956
83 72.70179381142617 -7.888921179793741
84 13.481518577649993 -37.34534925585275
85 86.1394686056725 69.031515889556
86 -68.96284160306433 -3.100662484353194
87 -70.4575201439035 44.74054884243674
88 16.202878034363295 -35.02019756442509
89 15.742003519786877 -46.54829826516447
90 -22.703965569087487 76.29184562938329
91 -14.463804856353917 92.27947749969127
92 94.01382308314484 -7.890206440206413
93 19.940338305788316 55.307717642959176
94 -2.9722216187856247 -67.5740230919948
95 -45.056610727019034 47.33872724280218
96 -3.025030673681897 -74.98927660827313
97 13.889412798755913 -32.118870338473855
98 99.54636617464507 -96.63600644493565
99 36.07881477728134 -79.02670258424351
100 72.47431580091842 -84.10614297015815
EOF
