DIMENSION :100
NODE_COORD_SECTION
1 -50.1625567466854 96.02611761966261
2 97.17953680211971 56.151457560121116
3 37.873370393170916 29.901222141265436
4 32.0659589377 -2.445889963919228
5 -91.55735035359682 22.504140179049713
6 27.12267323429272 -69.91966235149532
7 -44.42607212787464 76.27161623623533
8 -14.349927269544139 -98.8465421815398
9 24.715215391335946 -80.38893647947035
10 -74.49732867791599 -68.01951069755708
11 41.33056082216504 -95.47539557496061
12 -65.32937948600349 -70.1123529617449
13 -27.436542028580263 -72.87926467775752
14 -77.65436842344873 -33.54573091944022
15 41.57763278013371 -66.74887378539779
16 -71.46114748156316 96.67089836357948
17 -28.587711237803788 80.29922004687256
18 78.16992042848457 93.76150474238833
19 73.66561122733907 -33.813722013726306
20 69.64793568784177 4.973751354536901
21 17.04676567774203 -92.05043288368053
22 -26.68333885714172 95.55532323238182
23 -88.18675501202765 54.786589214658164
24 81.73785742019095 -58.701590154877145
25 -71.66301211744499 -45.751906024868404
26 1.6381314438211945 -45.551485458106185
27 31.519219735107754 55.3018909904429
28 -93.55362859205056 83.43771561262642
29 -42.49942496304515 -71.72158196440515
30 78.70029411314107 13.816743114322904
31 85.08955232613201 -90.75192620247437
32 -36.797781824846766 -84.07587802309844
33 -38.44098994822749 35.16950800521556
34 -75.34420812179434 34.24481787578051
35 -69.06308013059565 -73.81303332531118
36 -42.38310462477071 -5.925162938856715
37 -17.355916650092013 92.74396027728372
38 -68.05645506435496 13.022271461716613
39 -10.691724858918235 -2.2804055210149556
40 -26.468805945818772 48.03940553852627
41 -65.18935242492714 87.58280515792606
42 77.97130179818731 83.09450293522852
43 -52.90313472224577 -78.40091140555131
44 33.872789354405285 68.2559775724961
45 -54.987964515760865 74.41305010045201
46 -7.062683916516946 57.875744998301116
47 84.39501579463786 64.86944670853777
48 -34.51889366588354 63.722532284954184
49 -54.10574689343781 -27.275754651108628
50 -57.05253732039264 38.330102541122756
51 -54.55612714910634 44.93643339119791
52 53.055724045675134 34.489291049081345
53 -31.934676742958274 64.52028065164376
54 -61.41600578181843 -51.27309882101634
55 -73.3636250852646 -42.52314564814452
56 17.38454599837462 -50.22144633162886
57 29.495955562681672 47.11269695702231
58 29.082228938081528 -82.52341184844758
59 4.229692943494555 -69.90752028204534
60 -96.99194471672357 -26.86174020615762
61 -30.29218472859992 -55.138232054788986
62 92.27136043986135 69.4534793683338
63 74.42339085979634 30.614808977210146
64 -89.52421139166142 26.035450526473582
65 26.405645977605175 33.77155335203227
66 80.43571766676311 -53.78844823826354
67 28.459558850059608 8.96700508125447
68 58.3514086161839 31.29596384926748
69 2.2094783015528066 -17.154774867356863
70 -67.74732395674619 20.499543439114774
71 -64.59882128294473 1.4891799220388577
72 10.122504262405798 27.79652542494331
73 -80.8568069325536 66.10690269322788
74 10.96345720987675 21.481663613225763
75 -44.75505151923764 -23.36668453470108
76 51.17147925524884 -2.184409244593695
77 -91.46430663086291 -50.80376583618775
78 -21.066896778022183 37.070060063524295
79 55.02484483076532 -49.06591827140132
80 50.9636866467676 98.44904808492848
81 -66.00909808567961 4.441967390847438
82 68.75588202260312 9.775398261801556
83 50.5626401936191 54.16174201094876
84 95.60910848154083 38.49720509841521
85 -4.917124711009862 -41.67919426278199
86 -38.93769574111601 92.48173418726068
87 -53.47834847168993 -27.436514462333832
88 -74.04615858894417 -7.770865475979008
89 -90.56774995706967 -74.79224488458136
90 -70.81590085071085 -19.448041031387348
91 -2.5800251338589817 -50.90063846380548
92 -33.64241265793939 91.43077337928278
93 20.820301807192337 -68.67580673343905
94 -39.16667797952063 -13.329923645559631
95 -37.740584347055695 -30.420915128905463
96 -20.686558680562655 -12.857090915437539
97 30.99684575538322 82.79000629175422
98 16.951874165919236 74.8265002523311
99 75.42640914308575 13.605999012632594
100 31.066221905493904 22.495415890529188
EOF
