DIMENSION :100
NODE_COORD_SECTION
1 2.83822534704224 -18.31408234972301
2 37.8877104629934 -80.14725490326602
3 -93.4788307846303 99.23439345148682
4 -96.61441291760451 8.043882294052906
5 32.511663858530596 44.03235314096693
6 -42.946096357927054 -91.08841547266647
7 -68.22871315538151 -99.75354015611666
8 -63.34983843187676 41.01494967587277
9 -61.697793731797844 23.591063938793994
10 32.226922600666086 51.34913011405075
11 89.68607471356484 -35.04487576718343
12 -60.60102331278916 59.866599691959294
13 -36.241496350461745 95.39573944433539
14 54.64028620551801 13.314877298256206
15 43.60786876801777 15.439008337227932
16 49.506435275600666 75.56962273508344
17 -57.18629212785022 -97.08213668944464
18 46.0299097426587 -56.44383716427428
19 -76.18343319133653 56.115776626306655
20 82.13707146843208 71.01653033048473
21 24.53770343235537 22.774111459834273
22 -96.21269007138764 6.793109223130273
23 -28.15637464672578 70.56010875974158
24 -50.36369556094156 9.964160173429221
25 -94.82304833618036 -49.1185424612014
26 -95.62297412409777 -8.919572622100219
27 -40.348218548358176 -64.52747122088623
28 -11.48644720434713 46.91621730104046
29 -34.861857142478186 -36.03366918250377
30 25.174426396412514 5.562282693355485
31 -93.6632360996237 30.705415567877907
32 78.67379694499081 79.35201947770284
33 -41.42799544277176 60.33396664849437
34 94.88014629680069 -64.97353688138412
35 65.00720242535724 74.25232314710954
36 90.0540023233689 33.70766495444687
37 -46.78658165362779 33.8043406860445
38 32.667514274500604 -32.33587855960411
39 2.49902163072106 -38.89299762030816
40 41.82052507691887 -73.48409292710664
41 68.13413229775327 -15.279222192940495
42 86.21903774469192 -37.558656172749984
43 44.58056553507356 34.898239239074
44 9.283840075586312 -7.88902675432459
45 7.064354022294012 21.93761352300234
46 28.80838618293049 72.48877061977856
47 9.304678399050843 71.20686098213923
48 63.686764997097015 18.304548708921715
49 34.93939078886123 -40.306904318020685
50 -74.41601549258539 90.91553483839348
51 1.1640249178212372 -98.5288986217629
52 -19.977481124935053 81.43924751533916
53 95.32769466707904 63.27379547166038
54 -70.78946857428774 35.453772704369015
55 88.70586207160511 56.38661523915698
56 98.03876351559003 -77.77428781267572
57 16.396465754095686 -52.62324424454494
58 15.024677949561593 -61.66004772573621
59 -61.737440881148785 57.70734383291017
60 -28.4160293531515 53.76972559340177
61 3.0711014017742855 -18.924340836388993
62 15.861119907809098 57.83925511193047
63 -73.5459324056664 37.353534837142575
64 91.45229747869487 -56.80453694362515
65 63.04477712560376 3.297248442012716
66 -33.294664809250605 -22.180705648897685
67 -95.88136965377349 12.733119905161999
68 16.883270323410414 58.2711892803315
69 64.2943383333232 2.7142472076762374
70 19.32925680883386 -88.22061827896903
71 34.32795382616368 -2.817253950179463
72 -99.12751273317642 20.443687547315818
73 -28.241177172772964 65.96103596545936
74 37.066075246109534 -22.258377582183343
75 -22.85690756679601 -25.565337571879397
76 44.44960824849912 -44.3124187704548
77 60.83678874779602 -51.9216759155974
78 29.880486523328955 60.41006976541442
79 -56.23265487836795 16.015742340507998
80 -34.92012218710829 -15.424130659346716
81 -44.64122165656641 69.09309792019417
82 39.89055411911849 -72.9958008225517
83 -7.2476599421744226 70.48489418178389
84 -85.65454663949095 42.97791514799357
85 -12.30887647360828 -9.359963391657118
86 -62.50247052364746 -86.82705620537045
87 -9.086432697016662 3.415094963999991
88 30.06273796738114 74.79109185031024
89 28.62733270258235 76.53072190815124
90 38.2798186136302 -54.60444124050827
91 -88.38827544830745 -82.97370432207948
92 -42.00798704637818 88.1124152398946
93 -15.27667705011298 91.17682915172466
94 -99.1926841106361 -83.72446882873525
95 -6.944068242779423 28.37546042562124
96 28.295618443211765 16.25631817970148
97 10.732786206493088 -60.22642945618713
98 -84.46753321803698 79.13384291573547
99 -70.71477115265719 35.01000200185422
100 -78.09909890013331 -24.97508977441089
EOF
