DIMENSION :100
NODE_COORD_SECTION
1 64.19987353169091 89.83124053710432
2 31.976467102733636 -18.721729869185523
3 92.23566796791826 50.47990685216462
4 85.62874492780077 83.92759631293652
5 0.05776205146021596 43.45397570309538
6 -2.256961245704602 -61.96537515664045
7 -36.657075201319515 -6.079655676635781
8 -53.296654467927354 6.754607169488565
9 -60.14171570689548 -33.79889868998956
10 -62.828660800309244 45.36179717951666
11 -94.02079403324248 -28.554163581589975
12 34.3716031171997 -41.082322172837316
13 -69.95407664929188 -49.50125700669474
14 92.35978115684455 -75.66621719793297
15 57.24755725422716 77.40110341635724
16 -24.330684697167044 -33.49198871944594
17 -99.55107029391898 0.2589336906490587
18 59.08419834623655 -59.872476323975185
19 -67.64810130140637 -61.25542373759936
20 56.88651162146127 -38.10478236578252
21 -43.390314996489025 91.29010583799726
22 -19.220761581228714 -37.64899362805283
23 98.98917146682857 -29.930529175984972
24 54.7863715184954 -17.876955108895842
25 -95.59734824498535 78.1553420399421
26 -74.21616189997802 -75.64180484670979
27 -48.39281676742502 -29.22423304551853
28 99.91639907434197 93.24506412919385
29 4.596179011163741 1.3846427941506505
30 8.007195313453352 -2.043003970992956
31 -91.81556859518287 -56.7006784861849
32 57.16818315686595 -17.993503320648486
33 5.0144139159964425 -1.0525681482617415
34 61.17133788566903 49.91656790693287
35 2.188145558357135 61.304345242168864
36 -41.258115296932374 6.278562397358954
37 -52.044451052045225 75.89156226373515
38 -73.21336643916902 96.68019640066251
39 92.36680308242796 -33.25449905206557
40 74.6717992098834 -54.34857213532642
41 -99.47733480382901 36.05510777048721
42 66.01645864647017 -76.31003851115297
43 -36.96660930977813 24.705914000376268
44 56.069203188161055 -56.40781125483891
45 5.523435746714412 -70.24289129316656
46 55.58725527889456 85.72951143716242
47 37.4955898097416 14.91727957333002
48 36.23870599984855 -17.426042318225996
49 -99.40508474454894 21.373624135126306
50 -22.09972639343198 -45.30889287334892
51 77.2892374749083 -11.131640880083012
52 24.824412689995228 83.58245470751967
53 3.209687232708262 -69.29475105187548
54 -34.49878751161121 -68.82672844956804
55 89.87121540535878 71.40811459979952
56 -19.85787629604725 71.40626543200491
57 9.219596606512255 52.042392519528306
58 10.06402669303499 -13.684774986243582
59 -82.57190345787524 35.7497029034711
60 -5.146192934083203 -2.88296566220086
61 2.5933435599398535 4.8345894028956025
62 -3.9548723926488236 -49.725584532568014
63 29.45674494099407 -69.21837779152631
64 80.14060914233198 -40.8541268131563
65 24.00415577853903 -80.12997906246434
66 -30.835723267618903 13.753346861333029
67 91.77314911691454 89.59221334052617
68 83.53064105641775 -85.63782710500483
69 -4.076159564666455 14.87157041618265
70 99.86834086049271 -41.01803422581158
71 -65.39429886748256 98.11381532503762
72 -74.46216481045678 -79.43884897100494
73 -48.12060718376849 -36.584386975212
74 51.93426036626485 86.56190010344841
75 -7.570755262510545 -47.207223288127565
76 -9.731961199748213 -98.23369012709249
77 -32.47150579420892 11.079846817956025
78 -83.63260198553517 54.57871917433778
79 -61.803941341730265 86.19160546756427
80 -44.8513265306663 77.7530940049509
81 41.210068485582894 42.72632272699451
82 -79.24845925836732 96.38854332456776
83 84.6200700325949 -10.570500749018791
84 -5.061811503491526 49.199995347454376
85 21.626216654057544 54.8260111565437
86 -25.79317238715457 -66.51479042328268
87 -24.829447994780352 10.367510554431746
88 -54.82849268298675 -20.12666646389549
89 -69.68825806647565 -63.268860837323345
90 -41.888151902028966 -50.1457575213982
91 37.43153640434261 -43.55542786506186
92 60.19780086190286 -32.74799125495527
93 76.54749079583527 -85.19851473329341
94 -77.25388020600775 44.21991271956114
95 21.483199985413705 -18.929334470127927
96 50.966785440242205 -57.001591379606566
97 12.373858172946555 63.290959774910476
98 0.009244872006178184 26.59159535008355
99 -4.038537387567118 82.48337745318872
100 -62.28021481031914 94.68177390932391
EOF
