DIMENSION :100
NODE_COORD_SECTION
1 -79.98551890573145 -85.84570983426964
2 73.63222264625429 -62.27895951573894
3 66.09699261890145 72.6603336177418
4 -40.645768376098346 -33.23796502673531
5 -6.402567915891197 97.66633912856616
6 -27.942995851086593 -77.67570207100064
7 -80.251280103814 22.425646826036854
8 38.910647557005205 -81.50717909856766
9 3.5147559451325066 11.60476623757593
10 30.9339445320648 38.17670275069821
11 -8.445730754052633 -57.578531960010146
12 83.44673200864017 26.21818508823131
13 -58.62019444637727 -89.09568655096362
14 -34.68524493627352 14.401200527210477
15 -43.44311420754367 25.120681991583595
16 19.038963858928668 -53.05547781597924
17 -86.48517105721014 43.509136224063866
18 -95.90715726938785 61.97888253648901
19 -14.482657809548385 43.991300158601746
20 -32.48710998682117 2.6713116408303392
21 -23.432490811843593 -31.67274317071079
22 -61.401075671589055 81.07415601421656
23 66.49846878061629 -23.782265690783817
24 -1.3174774146052783 98.44017223627131
25 -61.77249804265694 64.94524093110033
26 -87.72669823212102 -62.34074686968067
27 9.127881153913208 -37.114514878208226
28 22.494557647110085 86.63635182368083
29 20.699418083151883 89.00943503941613
30 -88.42893714238103 -74.15574450594873
31 -45.80481999726618 -14.464565203211265
32 6.23362057030738 18.94889803605777
33 -65.41165836396968 77.17989150552478
34 -31.743581074697317 -17.681006463439218
35 61.23988696094344 87.99402272966893
36 -48.05523241990144 -22.60419589987886
37 -39.14579580505848 -44.43665305784461
38 -66.7575251693481 69.31296628818845
39 96.78635107764242 22.385545315750605
40 -80.77044267559384 25.820299492126722
41 88.49128609677567 55.53142994414844
42 -67.86735875818364 -7.52039039303061
43 95.88186131451985 48.2328515053367
44 28.571899724579595 73.26461982490912
45 -94.41096427677486 -9.169620958724451
46 62.61997727788324 -29.888898411043854
47 -80.40575111454874 63.55265878878481
48 30.349919918262714 90.62745699022292
49 -8.569506003464753 -0.11148618320133608
50 43.90065401764761 -79.90998913490668
51 -18.87479560259571 96.8517329176371
52 74.69014141599561 -27.988658010536625
53 7.284570277350127 -92.77227626795765
54 -21.74210596739607 80.98400780769924
55 63.195574239793814 38.93021415600674
56 -32.67984077235877 -17.83378040863073
57 -66.45157445637284 -92.11482264256605
58 34.97248952743627 33.68985643443469
59 -0.64112838783619 -56.601665141543876
60 46.576159234183905 -18.564510398469736
61 -49.10383118929617 28.751571684581677
62 -83.28368465927132 40.03303071245091
63 41.89926812745324 74.8127172912468
64 66.72140538715857 69.61070086661104
65 -86.90979835235512 -29.267883230735038
66 18.58491703743212 64.72910599537295
67 -11.029700109392834 -66.66137982716502
68 -77.26794153816184 -59.89877802805304
69 9.111361615657486 85.636529186307
70 39.92558885569204 97.11322310221013
71 -6.3694594212544615 -65.15576208612595
72 -98.293479037872 85.82507028507533
73 62.26419203312162 91.70426083864288
74 59.11705303201225 39.04388156909374
75 27.43253651741145 75.33344338433884
76 -3.945448796111009 48.227209892810976
77 -36.08643809128726 -18.32872614554404
78 -68.54291774833018 75.38728954747722
79 21.221144520402447 -41.37686965790237
80 63.62243803218601 -49.16845968243355
81 -10.49113639061521 27.28453596063143
82 -79.68573533479342 93.48853135004649
83 -44.20232671404869 16.171419690677098
84 69.91041810442263 8.732792683209965
85 -5.447935741245871 34.170512793729586
86 -78.2998168175449 -31.964200510514644
87 25.10592292316005 -2.036963797726571
88 97.53869425008378 -44.56533898559491
89 -61.83412431444464 50.963952236132826
90 92.41827255991768 -22.27604331830777
91 44.59649508924724 63.35802599643932
92 58.11816978382217 -21.5596459527126
93 31.91823398109176 -13.396874520139534
94 -58.05445298319833 70.12364038592222
95 -72.57442887047517 50.81011395992047
96 91.6822677134229 5.0018311604290915
97 61.55942352080771 39.69787205976888
98 -1.7964621085476864 -58.83779633434292
99 -98.85561384059933 -44.63903472461457
100 88.83601677460771 29.43399274056509
EOF
