DIMENSION :100
NODE_COORD_SECTION
1 -49.70495947315181 65.00507353289748
2 -45.76007201469701 -37.103134766726974
3 5.34171924626601 83.19925718164185
4 -41.78453561997068 87.80658119602967
5 -49.57211215213031 -2.6072326734756928
6 -77.1566951571831 -99.63883760630021
7 17.350864310523235 -23.185433325810976
8 -52.77593737284594 -18.698568566508754
9 -50.25279511525931 -39.35192401857566
10 86.78969969582758 46.563327688566915
11 -42.3054301760599 -40.55947638041664
12 -3.2261767745560093 83.04596035493344
13 -72.90339819885222 -46.63765632701824
14 -19.03145840949152 -26.836128968680455
15 39.008361982251756 81.97598179917179
16 -86.86756808328138 -65.41873434961347
17 48.78632431398046 66.46265195651597
18 58.76566194450365 38.439889430156455
19 -49.076476409147276 82.79455053795576
20 66.56994348455183 -62.44356207797419
21 12.657017417163544 13.129158909014293
22 -78.23759339144812 -64.52060231472441
23 -2.0886139200346037 -57.25870248684826
24 57.51424510522142 57.95923301640718
25 22.86856951790206 -58.90231939002095
26 -93.86357888858295 50.299963951427344
27 85.4308286609882 -31.78221713449676
28 -61.76374660630226 17.224221725282547
29 93.07032937215718 -18.746195166363066
30 85.92039421062782 -53.70210447919557
31 -22.964761359647355 -18.738222557001933
32 -24.778821676581714 11.624599997676086
33 25.608908484959287 36.424705380294625
34 3.2748876642779265 -58.56575821201915
35 95.09522341506184 45.52781013544626
36 -12.617931265634923 51.35395679978487
37 64.42981218854533 -35.724971124525126
38 85.9316252632415 -5.436102995168682
39 -12.206735908752947 7.074871797598092
40 -54.728130209820925 60.70423491944874
41 69.32921488193867 -41.78702670921499
42 -38.03657582664886 -32.6860240901716
43 35.046608700495455 -21.132503284820174
44 -33.54970796455281 -69.25388520347178
45 -90.7879652718929 -19.787086376124805
46 -67.96294628995807 -22.08221492721627
47 16.014638168652652 -52.103550726253786
48 92.16171496331592 -34.081876268839736
49 22.012621802201807 -50.53924491380102
50 -90.69477603348122 13.410597312101501
51 10.846941917092863 -66.17466933795677
52 80.48034874864456 15.93064243670166
53 -61.065679214743085 40.72830218070811
54 -12.905985250075716 16.593487950617416
55 -40.67161159477599 -21.930727824980494
56 -98.92104396699293 34.39113960153702
57 20.664095536982344 96.38288511295517
58 44.541933835519586 -85.82848373698681
59 49.07739918201469 92.21203441852751
60 66.7773648673355 55.55683771899905
61 -96.78149802599616 5.938464862510287
62 50.3469284044001 -97.52757405573863
63 -44.04630165573502 -55.33226290461797
64 -12.973016198569255 30.621058893191417
65 1.0772964249627677 -42.94545074475056
66 -25.222480696750566 -42.84778201245214
67 9.33179216300772 -85.5065611629626
68 -21.512367817479202 14.939520935187844
69 65.26084816965601 -88.11097337552118
70 70.10434771898252 -16.706264471543946
71 4.896416503091842 -8.741117342366536
72 17.852898142207692 47.60283096728091
73 44.00767164583496 -87.28865076076727
74 -70.39159029497439 72.30459765258311
75 37.616208287450036 49.87958626153704
76 -27.91972972124175 -85.23859636361264
77 -56.29168591393054 70.6821388150394
78 -14.677822744999077 -17.97929334000905
79 -22.44814497762026 79.31958831078063
80 91.1823255495373 38.109091387418204
81 37.75180528981838 -58.294399908108296
82 -45.34012907024903 6.421533163327254
83 61.15494734290181 -5.929923922875744
84 -1.2648178723644747 -20.06826249355673
85 20.941002150661305 43.26090867203317
86 -3.90681146828544 51.363503350800045
87 -79.28617415257207 -92.68990617356619
88 65.26049526714255 -93.8730650858899
89 -42.86700260907062 -83.88113179478702
90 -15.971371827280521 -17.26230571904344
91 24.602642710453267 -5.344295118402528
92 99.63723920378766 -1.3987881500402892
93 -82.23911510944532 -15.149938771451417
94 -36.957225695802975 -36.541902534543084
95 -49.01009598946844 -72.59628418540998
96 -56.30046921634286 58.450928918215254
97 58.89313301876305 -78.96922764262717
98 91.63173422971511 -54.31332700192897
99 -32.337294188331896 -95.82368067737059
100 5.176721455433693 -8.666907755591424
EOF
