DIMENSION :100
NODE_COORD_SECTION
1 -88.68478621924271 -56.46640582811884
2 28.212808363616944 24.996000691780765
3 -51.09363261697539 30.9151122373558
4 52.51290185360335 70.53236303962964
5 65.64741595009295 -78.45470611604696
6 49.83219800427088 -37.0368310528433
7 8.18578176783977 -17.925259499193388
8 44.78952812843852 60.96629220132573
9 69.23994889020034 76.87095982753738
10 5.292868769468811 0.9209754293546126
11 87.16741720677618 -95.8478439188811
12 26.605643793570295 -78.96198344291267
13 -59.59637245958509 -36.80043206151782
14 -60.306299559495955 -6.341080195173248
15 -87.75821327365078 -19.87975843428127
16 -43.469895608372575 49.93428746353075
17 46.15018061241264 -84.07876995894684
18 -24.613812345152695 68.00559857639243
19 -62.200026103422616 8.195344570524284
20 60.739043521579674 13.978824249867557
21 -82.79671248741317 56.50741007629205
22 -14.722861957769638 -25.607803593636675
23 62.8376526194364 -48.39062576404327
24 -24.412685373459638 99.5446194458903
25 -40.640305021654854 69.90139277433937
26 -61.54204581636486 -11.034763469527945
27 -38.51262852547006 7.095225719507667
28 61.33473655863173 -6.531287143063352
29 -41.14332100694398 8.825294642969354
30 -21.683137998271064 82.65491310367125
31 50.1352821324997 -29.00813236687661
32 72.18334198920948 32.37565041106737
33 -70.5978727698731 28.909776759424176
34 -56.70970901596395 -76.39473650118171
35 -36.22139763965202 -68.1246881103331
36 17.78196258825224 -87.6840929663718
37 98.52343755548577 8.552804372091956
38 90.40966602937434 -70.62762922102164
39 64.2800393227958 -31.37831979268735
40 -98.64570509308386 0.12546414245755955
41 80.89154509185232 57.413626210160544
42 31.799853571749935 35.29690055796101
43 -46.82453778626696 -17.191298524924008
44 69.60677939694384 37.91285231134782
45 -63.72372215558231 -32.551709804414955
46 -55.714458856251724 95.45721462388676
47 11.691018629445239 44.36176631148123
48 -40.42748154268514 82.07988992815817
49 59.78930719771947 -89.60711515322102
50 -37.73827104137861 82.60927464331553
51 40.625982227557984 79.35093709456336
52 77.5474750447436 -31.717662501896825
53 -97.92903370097869 -64.39919630314287
54 -86.01530835073603 -96.48036356473739
55 -77.24241580208869 -21.15496467514086
56 95.27517922852746 43.73677441453677
57 -32.92285547654508 72.1402533082782
58 11.439551490375294 96.097755583214
59 80.4240639352414 57.72911966296377
60 -1.4637218963327285 -41.72010152375321
61 -14.877458532953796 89.05827091427767
62 -46.059218991135786 -75.26615622029391
63 -49.057833892092084 42.391609123643235
64 73.29905362475026 -44.413497180484484
65 8.836519955322402 17.71748567998317
66 -44.3781178929612 40.24855478611059
67 -47.48459555083699 16.187258969834502
68 -35.41271003188254 -44.0475547170978
69 29.687789359557655 -9.888096975351829
70 56.97042996353531 -79.13925910769504
71 63.28926135067155 1.5822929623551687
72 93.2216134946894 -27.951246885705842
73 -37.26578615734992 -2.932070393380741
74 -69.4351623849949 -39.420481474265046
75 -13.79035790533716 -92.11210496169346
76 -34.40932649007283 49.05318548876363
77 97.25395149471396 20.236896060730444
78 41.16896838875283 -78.57309375370936
79 -77.65924272522875 23.488329801321257
80 -38.39167883402648 -29.43447957358603
81 -39.085818272523 41.785347243804665
82 70.34096252015792 -84.10274857523905
83 25.29877459368828 81.46996195186426
84 36.0130936076898 21.712732116560346
85 -4.866294136279365 85.68932876574897
86 -34.28756060225706 -63.94021814302189
87 59.457426998728266 -22.442631955183273
88 18.166215841930295 -49.14961068757828
89 89.29562613678937 94.53893509157547
90 25.09436875403108 -4.289592285666515
91 34.581815525418136 69.26288073800887
92 45.504408060259834 -78.73348916187344
93 71.46638356605834 95.75934948195089
94 75.56585420144344 1.9791383949825985
95 39.546735371244694 35.15570974509973
96 -84.19629059565975 94.29405241001686
97 -96.72262368533721 -38.84535149181296
98 57.70208815870666 -77.20070518928277
99 -52.20431242625227 -76.84304567550464
100 -6.589398566156618 -64.76158868421919
EOF
