DIMENSION :100
NODE_COORD_SECTION
1 53.93175846552049 31.02732710037131
2 -38.44359951019825 -34.41142267942405
3 -87.10146801439626 14.653118607924625
4 -90.8359253701993 -46.386894060398
5 86.5838642429218 -26.932301420296767
6 94.96873550249214 15.239810682982991
7 -5.229312913808641 22.806056594932684
8 -20.783059764508295 0.8173698103232994
9 -73.35279569356805 63.808564157417834
10 -74.7147116690406 14.314132647335413
11 -60.70850458355235 -71.63695780108452
12 -82.32695044534204 -48.7180887363363
13 -81.29718004651696 -82.91769737512612
14 -70.23610502453843 71.25830837066547
15 19.474647043168346 15.014241129768706
16 44.65857637494483 -95.55727340160061
17 -56.06908039278791 77.2703780533999
18 -57.26776215983003 79.39542735071007
19 -52.476361023083506 -98.90210252720972
20 -38.82856723060013 76.67285059045878
21 64.51644332321038 -39.890638581354686
22 3.5975183915218025 62.72666291540895
23 36.45538666640843 66.42317639513459
24 -68.01524972683852 39.05799661654373
25 -4.345285446093854 -52.24283472604869
26 -91.56719984065484 -46.4676904772098
27 -93.09800565499584 79.0564087027033
28 70.95515598964593 -36.075408042886515
29 -97.18655824492333 92.02583498916917
30 -74.70372855952746 -81.82160312954815
31 -38.25296340670554 -99.02306489494974
32 -86.10794836477393 -78.47346254720799
33 71.90731230241875 -70.31294395798665
34 -16.560357953170694 -2.464864144577291
35 -98.74744478477635 -98.49111709861333
36 14.144220505510162 -81.70311565736645
37 50.04145471371868 -36.243322334989884
38 96.56196965131306 78.41341044699337
39 1.3330090527990563 57.43498800864458
40 46.05993609954399 18.070708284475586
41 -95.52004945021034 14.664488331050592
42 30.26515540542445 62.42560478597062
43 -72.36752826609091 68.69886508014335
44 -48.523127946929364 -62.31455955896044
45 97.49576288680132 95.21549122654534
46 73.86731944534617 -51.32302191716993
47 -91.938725254834 -31.398103249654625
48 -85.60195178806845 -41.63513440344979
49 -75.24178942089527 -86.75103861121111
50 26.73036599588896 -3.3061457235211975
51 -63.55158682396274 57.40096146996271
52 -0.9899545584812728 44.293087420669764
53 -85.08571185004759 -44.09854035915897
54 -40.742061741812165 -14.005087958207426
55 -70.03410784532849 38.21334233025556
56 -63.80021490187846 -90.2153544874563
57 38.02012891233849 -40.61986582563415
58 -41.27995850187058 38.71175419078796
59 12.981276187386982 84.13496928555776
60 -6.273940435520913 26.45713947605026
61 20.478775556790936 18.15252216663812
62 -79.93941034431037 -78.33494453336039
63 -50.00521219465017 15.478335682754988
64 -84.79788277403794 11.81246866312911
65 -85.85945462247113 37.45908542460998
66 91.84407193577607 -5.697471129836302
67 0.3170404065919712 16.036240016634423
68 -36.95445657600924 90.6330651880225
69 -82.77771002561647 83.05479228002795
70 -62.50230844169749 18.904954383680987
71 -82.85619316880768 -32.722283828427095
72 -49.44835907466554 -29.40068621407677
73 94.70168610016754 32.085891811641886
74 -77.99490584806495 99.46654748478409
75 63.68397263276401 -70.61771630302638
76 -1.7533636194835225 -76.46563226425825
77 95.84293050658141 -20.991752247207856
78 84.20806926167589 65.65584127946434
79 68.99698170675629 -51.981123093430526
80 -0.3231060417712399 -86.31726229523142
81 16.51000973101233 -99.54659948784091
82 -95.12762923306914 68.26343862327758
83 96.1960022148676 15.775624582138363
84 31.79042835630989 64.42872415414601
85 3.9237999581407337 -67.05136921135497
86 30.67396368430437 2.5428095501198698
87 45.67305937131812 67.1467630758267
88 -4.93306437090726 4.861140198382614
89 51.51931243997353 67.39729304595267
90 64.26192808838667 25.850399480209603
91 66.00239730294862 -64.01706941245172
92 18.55264148225666 87.5903821467792
93 81.55922486927804 -85.77436578669808
94 80.55426653001632 85.99130250300112
95 -4.8216998423833815 54.31109113898415
96 14.95614524185514 -80.77571879104485
97 63.160069324332056 43.10238524935875
98 -20.577099180420944 26.676778617671545
99 4.843665965295443 -78.56964758807194
100 20.96158150039551 94.90880998362056
EOF
