DIMENSION :100
NODE_COORD_SECTION
1 -23.374553554040986 -86.31940306107319
2 -24.902309725416117 66.64478183604237
3 -82.80312647734573 66.76678413803856
4 -45.403341322606835 -16.47393794136258
5 -40.15154778532788 -14.64727191382002
6 19.341725647302496 -59.05830168801629
7 56.95241067616362 -1.8700591114953369
8 -92.80701580557935 78.4806662967371
9 91.03219741792324 80.19587729343445
10 -69.39935972153495 5.560494196866998
11 84.21702647794407 -63.15409537513903
12 69.66067988017645 82.13286108208356
13 66.10493345197474 -53.85847525174165
14 -96.03467487680138 87.79495672694324
15 43.08247629553114 83.42994119931873
16 44.75361689236473 -9.530004286548532
17 -80.62424820651388 9.77908400968002
18 1.7186281317154766 75.23425455061087
19 8.583920024946394 -3.668760835432394
20 -27.070287281723978 -25.467941539491008
21 -55.826966622712604 77.86751776473537
22 81.67949137136935 -47.06570065263329
23 -51.615465525334784 -18.585505843746958
24 -99.332979505982 -57.239982719980965
25 -48.76072890065362 -40.486626008897744
26 -98.21996290527144 -98.70531779255667
27 -35.205408296595394 72.81105219153872
28 -51.15916439539427 66.00291859934094
29 12.538469169839487 -87.07835956851171
30 -88.96822760783004 21.04741895129081
31 -10.218721065257256 34.045959498001736
32 -83.68190313569626 -43.41014347060259
33 88.13241915372515 70.62558357238214
34 87.03723778463092 -98.23624578572061
35 55.62544700967402 58.347177825198514
36 3.9253245588848955 42.87316701314137
37 -16.21795996754753 47.10181655087413
38 30.203288766532523 -99.71469831085118
39 -86.11837292489514 97.04310572700828
40 -6.053670564169252 -69.35093194983573
41 -63.069907444983016 -17.323081355651354
42 -25.18768371699747 45.4857420393748
43 25.297506939741837 -5.04521453350182
44 70.3059811177379 -7.138026156389927
45 -21.278525416494688 -72.36824013032896
46 27.10760260199065 -64.23067541646066
47 -6.650890062170049 61.68897328431942
48 -85.40377914887654 78.99876510479774
49 69.71737938913466 -79.59013324228339
50 -9.450900806103803 45.71244343770766
51 -35.952023489330884 -42.261665036794625
52 -36.8993228986485 85.57923889136785
53 56.959534034741864 -36.16397991723268
54 -11.604142648028912 -91.74544641259192
55 -35.32346080769722 24.295011484806366
56 -40.02602199120966 -20.850987236224498
57 -49.959201690388696 -46.748634521672685
58 -56.22861524492728 88.84460667913402
59 4.1080016401194825 35.683836082941355
60 -8.267816708084325 -86.81889485417051
61 63.8383547636422 60.47128583341163
62 27.36814231475313 -82.05064306041655
63 7.366910906644762 3.3214072563665837
64 38.210446003746824 -69.70752587532016
65 25.565750935234433 -72.5277506543662
66 32.94746195883894 -1.6703351415089571
67 -92.91327683754798 -89.892684563582
68 -74.85576416975226 -8.81827385485883
69 93.800040711171 73.71394321990766
70 90.79112204523068 -46.508792842203746
71 64.52057143797902 -95.84627957795253
72 13.530325234163271 -78.30569783427173
73 87.1402546204377 -28.997109502188295
74 -20.73915533320158 -66.28433743152533
75 42.76154304475887 -69.24042421250661
76 10.923835860251742 -80.57870836347003
77 70.15350709501908 89.80384659538618
78 -55.378076771103714 46.07878342789189
79 4.82862010955651 31.53572568731167
80 -60.172428162641744 -88.76172127615429
81 -5.735093575381882 70.90515366290177
82 -10.712709246027657 -75.13851032576784
83 59.274663897608775 -10.412849107501515
84 -51.670162444490366 -96.80971975537238
85 -58.752414130848926 26.344401498434337
86 38.638244745376824 -91.23970756715083
87 -74.0274379142116 49.65854626906315
88 98.14711705520386 -85.87078897190908
89 66.96910361235263 23.50055077704252
90 46.578051147994614 -58.696692549270836
91 -55.264120571244945 92.14957656824026
92 -84.77226934931184 -65.49001465863242
93 -6.949626441850953 56.2588419954088
94 -50.02525096395101 -39.12195810572419
95 99.4302278364614 89.90599124958291
96 -61.92720324943364 1.75157535762456
97 44.09352515486299 57.154671225715106
98 32.149353233728846 -3.2227151979357274
99 -19.768400551470265 -73.30714271072418
100 -51.06927076352874 -66.43072313544691
EOF
