DIMENSION :100
NODE_COORD_SECTION
1 -62.49896992475683 88.8770603832794
2 -60.030641138225405 93.05206864130119
3 -84.87828114100657 61.085717715592324
4 51.40016167737113 -96.91490278661688
5 91.36031197028674 -78.17382263664584
6 -16.724661262026146 -75.44326682705315
7 82.3945990055671 58.04244315586047
8 39.026696487546076 24.60137375685214
9 -35.546232573292926 12.004087286299537
10 92.43307578114383 -42.678701219430025
11 -45.319382950851804 66.61758477272909
12 29.860775862954426 21.982116714577728
13 89.45261170359794 58.54470869386367
14 98.27882359226217 11.261929008834912
15 95.94425683706379 -20.587616527901403
16 -82.96132902652546 91.57697254024743
17 47.439808500844805 71.68752221942415
18 -28.240708120297768 94.4204690328684
19 -31.118078370250004 -96.67067879592031
20 -49.73961974235286 65.8155507319122
21 -83.63160930287658 -85.8792912072801
22 -96.66218686313246 20.39707693190364
23 -7.214274937876297 -33.38042443006783
24 -82.72290099257268 77.30141578616713
25 81.49482136030753 -94.04048834962136
26 -29.64781740373526 -83.04290787891884
27 -19.03944360550804 35.268885546100506
28 -87.84154745656969 -8.96653204786466
29 -94.5562410573215 -52.73388797551273
30 52.48037313601529 -57.78145575125648
31 -19.649471962052402 -82.3719976589351
32 75.4957993373279 46.16108964303126
33 5.560358860272501 62.01725846256275
34 -94.52955025061473 -25.17356756974631
35 -13.96874020880179 86.19404617716523
36 -58.3022110064106 -1.3208539743896637
37 -63.79352314112605 -82.5741035621958
38 -46.70913411817581 94.52008722859085
39 53.22404071855149 -4.551025694443965
40 78.53448293734039 -93.53075504251238
41 -76.3430593613384 -77.47694242550689
42 8.857434953653438 -80.5001489490024
43 -20.511740968989173 -75.33854726575694
44 -45.913772809118946 -51.90657623121324
45 -48.747829796602815 -40.09374932292633
46 -16.50679443350505 -83.00068364375724
47 -20.2517056178352 -75.44166451275656
48 16.25358657575397 -83.25349436455538
49 -57.53659271652132 54.56060643720005
50 95.27749645867806 53.46938565397991
51 26.811142241418565 96.77202450331126
52 19.984561015341512 80.77339883887785
53 39.52679406561256 -66.34098348283383
54 -63.5596489998469 0.780394180881828
55 -19.96900395131074 84.96997210679794
56 87.37532025919262 -47.84236618659956
57 25.30252432552429 81.24754719621112
58 9.958641960176436 -35.15144225508486
59 74.77705830322981 -93.42745001474174
60 35.80074773951699 -45.61272730470041
61 -13.984631708777599 -58.277668974787055
62 -4.4899211122860265 53.09298215208699
63 -4.639177318019904 -96.03445786397717
64 -40.76900737185638 31.10455929064915
65 -37.46719821618394 -23.995743090601124
66 54.94140695235714 -52.87051670401757
67 4.0790938697619055 44.113543830876154
68 97.89033719565836 86.94550825076038
69 -12.163061854611087 -75.68241393133708
70 -62.59302939045583 97.10747369593463
71 49.02894398334928 45.48045700583654
72 81.41457109043765 1.9756449101574702
73 -41.653379839200674 79.47891413289886
74 94.33397713147954 -95.90381904457665
75 23.350936346723188 61.16338051645303
76 80.66316324801531 11.128239117240682
77 36.74579448698816 24.60256658880415
78 64.37066167975172 6.926416673641171
79 -1.4431979115023381 97.14612589875208
80 53.3424871234927 90.05118937822826
81 -66.02544887136226 -60.87121325919813
82 38.47357124186783 39.89416277193891
83 -95.40218759802481 -5.421380176654338
84 -81.40370988035055 38.768884253262854
85 68.03894600341499 27.080906220548925
86 -34.70965356847593 77.73223400122467
87 -20.669835440847223 54.98842835318155
88 -54.28027004131015 4.565216696782784
89 47.29596976413268 71.4577871722195
90 6.994056052173207 34.25625826005435
91 -39.96640975353394 37.33065376163535
92 92.15318824179235 35.49406486999908
93 -24.130155003944623 -31.332254480458488
94 5.725539419630209 -68.90881270411175
95 39.639392554883926 -94.2175296861372
96 75.91211986940371 -94.07652676789266
97 -71.14409382179336 -53.08974512741153
98 70.79983369501926 2.8846971384249116
99 60.324249832243225 -42.81145470223573
100 17.609182839115903 -94.48026730086619
EOF
