DIMENSION :100
NODE_COORD_SECTION
1 68.83814380487439 53.61605631570325
2 -33.753150662842586 25.181555046228326
3 17.112951065896652 43.978499576816205
4 83.25372812618934 -99.17771337596419
5 -52.213993418609725 -48.25514685688417
6 -64.07280379688827 89.83189054577022
7 57.660422945065164 -21.248799246892517
8 1.0170035720940263 -24.916152260614723
9 -71.41434502013675 -56.24744466745557
10 21.93943553042797 67.90983086966946
11 4.954428275033493 99.14059950457036
12 -50.91936614487553 3.9149029005506293
13 28.741461099804866 -3.315694302579388
14 -73.96407764856681 -41.73457467536665
15 -30.727227698476042 10.234086020848679
16 83.68087781638866 -67.3713780353431
17 -95.35915687275829 -5.38076668319016
18 89.32150217402759 -72.14321189526096
19 12.65747095435708 62.507409888372564
20 64.77233595043433 -90.32671852641062
21 -88.53726874868057 -5.2159064452922905
22 35.062978577389714 99.03134749133227
23 53.38501197053753 -34.95111403529003
24 98.57499094314909 74.4811092723802
25 -79.62634137304674 55.11464308428583
26 19.762773665178045 60.79386464439119
27 -4.6976702058064745 65.93452331422637
28 -62.78647681442715 -3.7429131314483897
29 90.66769973488644 -12.828979582175279
30 -47.34702439835263 -79.53245070322899
31 4.684755720278446 -21.339789012363
32 -79.3948326128561 -94.88607603246473
33 44.50647327511106 38.31337934627251
34 -6.233948352339638 -37.84549793986138
35 -92.72782132808797 83.53737233469207
36 -4.247652645362891 -93.04049320892038
37 -58.08444735558182 -42.955964641645124
38 90.7384998981681 28.40169889530347
39 -71.86029360952311 82.95815755758616
40 98.59636847136116 23.54298842016462
41 3.693407256716114 -54.57763500740658
42 -35.49639958103417 -8.521218271574924
43 47.05900729405016 39.43659066468021
44 -66.41163529026315 -50.934110175437986
45 79.8892490493225 52.45867795902328
46 -95.97036415815414 -69.32603833711349
47 92.00667791758329 -24.668210294040065
48 36.13378716240521 64.7643068048699
49 -88.49406425392496 12.393401821746977
50 -19.740247453233664 82.01419297006947
51 -56.52421808226116 -36.84038464494242
52 53.06671586160567 -97.13135335654374
53 -16.91575587429419 -18.23227989703895
54 -60.59028522901524 76.81594666056245
55 72.24689512498449 85.39888907100294
56 26.31014627140604 -98.6530177604399
57 -86.17526509821825 79.19198720831514
58 85.77982559178702 35.47276417077953
59 83.2748577601493 92.69855825627226
60 -85.12140370248187 -59.16160462907973
61 -15.096541612337248 81.71812808946541
62 -85.76270456503296 -67.11408152359516
63 -11.652495776950559 39.3919272925591
64 40.37926119520242 5.182484774031508
65 50.637771726612044 81.72233263263684
66 -97.47478864371773 -98.05563832247606
67 -19.82737031508266 25.22430951909425
68 -8.832091261964365 -43.04865935005926
69 -68.84150549123116 -41.79579648477556
70 -76.44554519673459 -8.539753866277366
71 -69.45061508391336 22.200300991324923
72 -29.684146213246493 69.3901746987278
73 34.244654183607764 -33.59131012901008
74 -12.165226741318122 -55.033719849599635
75 85.28045245798296 15.45690442491059
76 22.544212071522907 6.172926661093101
77 3.9771091843563795 -0.3229823400525902
78 76.2012566154653 16.78110843703125
79 78.4811523575049 -62.93116917728454
80 25.28163970652126 -9.620947138525764
81 43.86722815730565 -72.56711797172989
82 72.99246689778863 91.74906923570325
83 38.94178735947824 -78.3078717863991
84 -20.998067406236316 -45.90227018573765
85 12.116947485154597 63.21010510373037
86 59.83650943100557 25.060451285442767
87 11.19946369211857 62.952490332671715
88 -18.00239866202824 -89.9342038932857
89 36.66641380953092 66.62811242885638
90 80.2012150989658 -31.441375127602456
91 -36.0243846152013 99.48438722119917
92 -75.2542235420847 36.74559260444107
93 47.68548754822936 33.22134952093123
94 -65.13521115333587 99.94019844359096
95 -91.36445873125388 -90.47260707238397
96 -10.97740323107584 18.249016742488138
97 75.16531858265725 -23.970991847704852
98 18.463050853359505 21.254507979095422
99 -99.67390233665185 -57.01418794532822
100 86.92243423188492 30.514023963578353
EOF
