DIMENSION :100
NODE_COORD_SECTION
1 -30.457682066627555 -1.8725086793108972
2 12.576363872449221 -62.140336682638676
3 63.91306626655032 -86.55997773180249
4 54.21497598335438 51.016180077009324
5 -90.05587354172809 -62.60015824628189
6 -54.4415815439794 10.574018705484562
7 11.627885053518014 -29.64197165058542
8 7.378558755668749 -17.545856674245414
9 98.91484217218033 9.387742415665997
10 -47.47316037041352 -63.28597004863998
11 97.03407592115343 74.83702893488942
12 -63.34755996560748 99.03533273403448
13 -71.37587931443733 -23.397277261825522
14 65.67195343080576 44.80434476917233
15 25.7067041996157 11.659893723423735
16 99.22991253038575 -90.9419746518865
17 23.262400346836046 30.67030899995305
18 -50.2585593240342 22.482242133855905
19 82.14378259028095 89.03244620529392
20 -81.79058143277878 51.81319002160291
21 46.288234935745436 -93.4752937317285
22 30.860573381560158 22.406786476439635
23 -22.330848338337915 -0.2675252349299484
24 -55.25391496733614 31.405019520810328
25 -67.84922887645769 22.738738605183244
26 75.80410676717614 21.8423101208967
27 -59.611436704442866 -45.902852362785175
28 69.48304296853397 81.1989037702208
29 40.143511094939555 -98.10473113461507
30 81.87605831801443 -47.677536642937326
31 69.85526282300566 63.75504447320154
32 -31.581236350194672 0.3030989063642693
33 -21.954254149080654 -25.09359639581983
34 -12.44630744284423 -34.1989604933098
35 29.1012560660987 5.009062727430631
36 18.366691432563755 53.4903356324528
37 93.20776829493019 -76.81331792928873
38 -35.94813000979218 53.69592613591303
39 -3.3094087021073477 40.776463774748265
40 -32.83657838704555 75.96561111122912
41 78.73623523027143 -37.41347350728024
42 97.96408632302749 85.23233165665854
43 51.45081402426638 -70.00771730582437
44 93.78164546221475 -25.613554858686967
45 -7.5641574945020835 -77.00779819816754
46 -74.86359339124915 -18.508413683782223
47 12.538961852874777 -96.61760803637375
48 43.5041449525917 65.54179568065521
49 36.163612400186054 27.498503891104463
50 -74.069419808308 -8.428230364476036
51 7.498208179206259 -65.48757935152128
52 -26.684948111339395 -55.904054245176525
53 93.25203646404799 -74.93951137119066
54 -57.96747826716748 87.2664111412843
55 90.96153834617456 -14.981194082263258
56 92.66468227104977 20.80355532361517
57 71.65730286627726 -19.46957057223051
58 -75.0374887603118 -57.33253570154759
59 86.65859829969096 -47.07176639505983
60 -65.23589750744092 -77.39782326732481
61 -49.511138101073904 75.98628728201012
62 76.44325219167584 15.098906286430264
63 75.38207406467319 -97.02829558557599
64 -56.43422157318678 -4.011544364180011
65 77.57662872665472 27.257924283398083
66 90.78213025295312 93.78710839119034
67 1.569728652892337 7.79947205927607
68 11.586474440249631 5.084266840914921
69 -84.26801387043031 -30.442659940300132
70 59.42384593652511 -67.32569865549887
71 -78.84153484207354 79.00311824379665
72 53.728716134679104 -34.20097068325292
73 85.35892060416302 -83.88084828409234
74 47.82973241915266 33.781332536510575
75 63.36658884222189 16.850997365765494
76 -47.74298187611019 -92.50549207173
77 1.0714739405776044 -56.24243457217071
78 4.839984024919801 97.52601112066424
79 -70.93946882671284 -42.356670737634985
80 58.0851533986299 3.5582522603459807
81 49.973839170863045 -90.75386373428742
82 -85.32496941892694 -93.59673673081296
83 98.36232931342522 -52.40685841737378
84 83.5307087968068 -37.707982649733566
85 -90.74075424645567 50.42648840097834
86 -48.26768256333847 58.4333444242734
87 70.15403908341088 22.139374382916728
88 71.69316886056748 19.52134202114945
89 50.78399418160586 75.9523176058062
90 48.33478148188607 16.784371036349526
91 -93.86458784257836 19.598323196364248
92 -22.38819014999909 -75.66738973501468
93 -69.72719574927733 -2.4251026275201752
94 -64.41281389886097 -8.024556033472948
95 -97.90899790141614 -91.94023851505979
96 46.35958510036605 -40.65623906338307
97 8.811776080080861 8.876325625616573
98 -32.503333507595826 23.06653812776078
99 -40.97697149767321 54.43389637335545
100 23.229341607115543 86.91495779638004
EOF
