DIMENSION :100
NODE_COORD_SECTION
1 -18.343469725978707 -44.31216736729824
2 -94.00310796880167 40.431490041253824
3 99.51508760505726 21.395290222061504
4 32.38753529034753 51.163301507124146
5 41.37546280437914 -87.55468293792165
6 -44.478657019834486 -88.81047947243606
7 -87.146664474342 99.79313767553316
8 -67.98981509984958 -42.93806508897946
9 63.32294946542646 14.347945130063124
10 -51.47982011278116 56.98963321790208
11 -94.66358712842238 86.82946319809653
12 -72.99848310917174 35.853805855527696
13 -33.40301104440606 -55.82089759960305
14 -52.06317061783841 -80.39019398289015
15 8.940829608263016 -16.642979057158854
16 7.019476234197612 -29.60395287380439
17 -18.991979013682197 -72.85453992243882
18 18.52465761121904 -41.91667455006423
19 84.76038498573192 -18.382235847173177
20 57.737903428783426 -80.33764211562382
21 -69.26989988274718 61.221566244743315
22 -4.843046344141499 -5.2187433630984685
23 32.85974964187679 24.96368800544036
24 -83.21530976799964 -6.091261112703165
25 -48.97909916955374 -24.02658509935638
26 47.68230846299332 -44.98696314455968
27 27.774996360271672 16.759720965307338
28 -99.9465493524332 75.31041911602142
29 85.66681568291148 23.767296823473444
30 52.48166770355172 66.55133298814994
31 52.31733573398469 7.375067394303471
32 -66.4549931807137 -24.52373352248638
33 62.80942104302585 57.270144648354574
34 30.883278116803154 35.487491659691955
35 -47.663665406417245 -61.83088417026043
36 75.89487399833172 -28.753164078838807
37 -3.1904769236401194 97.14761807194199
38 -35.408192752461005 -35.17618971897001
39 85.09887792117965 -28.62170667247736
40 66.7430606264447 10.182393829576085
41 13.805051035781574 43.86621458616932
42 -51.712121514758124 32.20885796475878
43 83.94007611279193 84.80997283078668
44 -13.897606965840708 -72.85287880213895
45 48.619071616203826 37.5056233427332
46 89.5542312768832 -6.777882256415452
47 -88.1576023176367 60.24983035207282
48 -40.118377318066244 63.39576740593179
49 -89.32588158687093 -80.51242374222325
50 16.28484229979874 26.61420438768205
51 26.599296324947204 44.48879022199142
52 96.71957163689925 -70.43102949086921
53 -33.43086740289934 -99.87252196661788
54 -98.26682872731863 87.90889498031856
55 -69.78046952397827 -88.12415656626416
56 91.28655782183225 4.003565025553996
57 36.97526993797641 -14.08499188942882
58 -32.644179002457705 -12.226789843807566
59 25.228487497794518 -92.6969662014258
60 -20.790633840128407 7.764026090100316
61 -44.4932265664147 -29.57001333876299
62 73.60787812869108 61.56184425663764
63 -49.477302781574096 98.52878220274684
64 -21.22400327922503 47.80139628564001
65 87.2232128702835 42.79977064939544
66 58.84613932496762 -53.55787580838687
67 19.43385440560897 16.74586901286972
68 4.576448541654798 69.64589617537575
69 -45.580678137591654 -82.39563968952996
70 -63.50350028791105 32.50580569344129
71 32.658515528925506 -85.69972974775347
72 88.23578959949737 -88.96055585261348
73 -32.6413273966142 40.13554913422533
74 -89.35821271250175 4.2739508272076705
75 -11.290167394216482 -81.53285177632104
76 -8.604235842174404 97.91441921576313
77 -92.39254685183884 70.91629620994539
78 20.186202475406034 -60.998925256619806
79 64.54744627198775 10.190202631991411
80 -53.898816505539735 -25.875162744970922
81 61.62460385098521 -96.61338025319783
82 71.75270159870658 78.18492623696602
83 89.04188448047228 6.6906486091888695
84 -92.25265025737612 6.336201296565378
85 -47.735465435141464 -81.33774529699669
86 -28.530458410011278 38.68800218191305
87 -18.070299272045176 -23.147896308614065
88 -44.25522773661263 -44.51967399616421
89 65.84868667724686 31.27227349888429
90 15.802224870544123 79.8772155393709
91 80.9155298299205 -31.712446707121543
92 -72.94260203050224 56.1813448010667
93 22.462222683130634 -70.217981454221
94 -48.4129010275054 93.18780657770506
95 -70.4225781964346 -25.005253238047032
96 17.770670152882715 -4.440852381886074
97 87.13202541361534 -33.79251552892761
98 65.42289006607746 30.517864848815407
99 -51.26837855170603 -75.49380792631072
100 -62.15442981935466 -67.18349011976483
EOF
