DIMENSION :12
NODE_COORD_SECTION
1 96.75867293674568 -47.169613415409415
2 -71.05598079421699 -41.152081962366836
3 -3.351175290339569 30.229029909909002
4 59.59391815982971 67.11697012863036
5 30.231216658545236 -32.85879797421249
6 16.46947238612968 -98.42428859483907
7 -44.9017917220595 96.10251228916547
8 61.66326099557082 48.61720965900764
9 -58.62592160402298 90.62033131611184
10 -0.2933759626570662 31.011075280596117
11 -0.8181753591123311 51.57878595713055
12 34.450482179797234 -17.164099501320777
EOF
