DIMENSION :12
NODE_COORD_SECTION
1 -16.615408298303876 -70.80814824855992
2 22.866063512953033 -4.356120448506019
3 96.02881961298672 -34.363854251964355
4 -35.073069886114155 -50.50850985576491
5 -9.926097468154339 19.486542313050066
6 -30.545910686840713 -37.62910271045949
7 48.63187861046529 1.1942377542203246
8 80.26620862751057 -23.855378786220456
9 -7.871999079782327 79.3112692681573
10 7.670514115756035 36.81807026933751
11 53.294441354780645 -73.83131174977339
12 48.28195704005648 -99.93529761225257
EOF
