DIMENSION :12
NODE_COORD_SECTION
1 -78.63680999716584 54.46615617506549
2 -61.65199484326034 80.01812875984834
3 -83.61282919993872 42.23113389001429
4 63.99943527816154 -7.4142619074627305
5 -79.74024595617294 -87.87728441380338
6 -49.92552480942898 -18.157765701228485
7 79.42343222831906 -41.14629711577393
8 99.95395008969666 -31.094554758134024
9 69.55649926035466 83.9166464663432
10 -12.259175190427072 36.48134477368657
11 45.24058784219963 -52.94539111716134
12 -84.59423923704419 9.328554497575766
EOF
