DIMENSION :12
NODE_COORD_SECTION
1 -23.580331887865484 91.8585526163219
2 0.28212209357565143 23.34627148233797
3 83.53833969443622 81.82702490959588
4 -49.05332725707172 -42.22864668727178
5 -52.94776975553235 -37.202401431728504
6 -97.1803129636789 -56.80872390491727
7 61.22279865638481 6.868802347876141
8 75.822151691291 -42.379097655284646
9 53.421996421972636 93.98188002999748
10 -31.568256776729427 -5.282861735781836
11 -41.456154827986815 -93.75831023328365
12 10.379292335965701 -12.558571936222918
EOF
