DIMENSION :12
NODE_COORD_SECTION
1 -46.37923482819688 41.40803635424243
2 35.620137815187945 83.84282129022728
3 2.134742676818263 84.24070380465011
4 86.86594534423901 -74.03273639586769
5 -24.955738711177645 -36.74211875174489
6 53.67054578809427 -48.9064877097847
7 26.96620147466308 -49.12944578585498
8 66.76456015792084 48.02183093559029
9 -43.52903210849277 24.03017717329483
10 -65.03530842279024 -32.929415795679986
11 -70.61218048645937 -39.63920674000121
12 -75.23310548244781 23.357596447913892
EOF
