DIMENSION :12
NODE_COORD_SECTION
1 -88.93198707715877 6.99565419315266
2 -2.552191397067176 59.64206507875355
3 27.60706666926525 25.371526168359424
4 73.38273158654002 -58.78148047583414
5 45.75387405595029 -63.477092054320686
6 -71.36006487404401 67.26834627593553
7 -87.7889749164036 43.95746664784531
8 45.51270750659285 -73.76155326846751
9 25.25726246597806 -5.016956615657449
10 -63.4979588582834 -2.769333870083244
11 25.099515453021382 -43.604327786056494
12 -59.63550233966062 -94.95026810328832
EOF
