DIMENSION :12
NODE_COORD_SECTION
1 61.65617162412752 68.29639789420278
2 90.86699453828214 70.40131012895745
3 40.73091621307603 -56.669742531731494
4 24.895621983484645 17.833819415314835
5 -95.26774856285898 -49.78695173152061
6 -60.73915506949346 -39.24577146713144
7 60.24155037914957 32.67332037473324
8 -50.57915972287941 47.845666787086
9 -7.881898429658563 63.46273195938667
10 45.19685700317294 -82.55310359674624
11 88.96277723534106 -7.493825019424705
12 98.26933380315688 -37.71235147791392
EOF
