DIMENSION :12
NODE_COORD_SECTION
1 46.50269860217375 56.83604283239217
2 20.084024945617074 63.93885054240613
3 9.667040009510217 48.50813783389128
4 -88.68843057735995 82.44880509149871
5 55.92773850161808 85.93208691359777
6 27.00079177616827 -73.79706941856944
7 -96.20375917876825 -84.90230129620036
8 -88.76325108278166 80.59854213989584
9 21.29359204057188 -81.5995861216453
10 31.830519208335176 -52.02972733599933
11 -39.14646916358853 -81.02537264943524
12 -83.84261365223472 -56.09462626432518
EOF
