DIMENSION :12
NODE_COORD_SECTION
1 81.86152537715827 29.588634156813242
2 62.055375012000724 1.991945753373514
3 79.40608737775815 15.295514025739806
4 85.53946630464145 51.68185541015663
5 -68.69954697182445 15.811232262210922
6 74.75005079710812 -91.24361812717538
7 -61.2066150339099 -37.3414556905469
8 34.67679888585752 10.051706841561554
9 20.110277686014655 -76.49363242347664
10 2.6088868958659788 -42.32269251509961
11 93.27960532847374 22.041180283568963
12 92.8095687826619 64.2433127405379
EOF
