DIMENSION :12
NODE_COORD_SECTION
1 94.56511152508062 47.32751115026619
2 29.83913311069938 -53.88717764249622
3 -16.63554802477212 -3.8547719954617747
4 64.84395723501385 -78.84502963012845
5 -58.33862873316835 -99.41987593821322
6 91.98074969203242 -33.11131498102013
7 14.595190483682075 33.183499682953965
8 -13.753202570531357 -74.42897532788058
9 58.43785896318633 -46.694479658110225
10 69.33848380588444 -95.30180655713274
11 63.24540404572616 60.7461012989647
12 -23.2379681520777 14.55123515294548
EOF
