DIMENSION :12
NODE_COORD_SECTION
1 -95.5024824603306 79.80072866339006
2 30.191111058776272 18.84696633071843
3 -57.96655573233722 -68.39701581868366
4 69.3671753470046 97.19896155241437
5 40.56675626446696 -52.32186069283629
6 -81.46600098385926 -99.19649711423868
7 -72.93050520627158 70.70477970014258
8 65.31778825131246 88.93391286664931
9 -95.41711341090458 36.109682570035744
10 -50.99081857183086 68.70489272827021
11 94.89826120407568 4.201508375924718
12 -15.614443278321176 -31.025423544980455
EOF
