DIMENSION :12
NODE_COORD_SECTION
1 10.919366755718272 87.96895849439358
2 46.01042050522736 -78.79916319526059
3 -25.681416525180722 2.787869322654174
4 -44.57346760797709 -86.75438419793923
5 40.193214516392516 4.999669167456105
6 28.466663002595055 44.226794993211456
7 72.24576614625639 -32.26117096156116
8 -88.54534371828227 -53.61137520456898
9 -65.20476724930057 -24.581994606167925
10 -15.204955459792032 -60.8814880826984
11 -49.85389577325348 99.6758165057469
12 51.33697974513029 6.282302779478229
EOF
