DIMENSION :13
NODE_COORD_SECTION
1 54.686185352907614 -65.15923204044978
2 41.69278000512654 -52.391515382144924
3 -57.581381506029494 72.75750689690864
4 -20.937464859288298 -87.82992407053727
5 72.88894887847943 -37.740072997219066
6 -93.02899879292661 86.52650083968066
7 4.555262886447494 -86.62574652251136
8 82.82839055834285 -26.145375028744283
9 44.189231448648485 85.18446594691889
10 5.64688271513505 -66.30466204271208
11 -44.84735887906817 -69.68851775918824
12 -59.366892084125354 -91.59503279098845
13 -62.05031074463838 54.22334890861379
EOF
