DIMENSION :13
NODE_COORD_SECTION
1 -75.75979338838226 -57.09429388806524
2 -58.370713440306865 20.64033250452539
3 75.00080921639949 -73.72179643463122
4 -86.75322528384429 -57.904980801275485
5 -71.64366265144626 -58.62330520157122
6 -34.09629085080748 38.301566936527706
7 40.2141602669368 98.63861504071002
8 47.774123365577225 -35.175644856103006
9 43.70531984860085 -59.602553210501256
10 -49.788884805192566 74.0557397431981
11 2.5524738624494177 54.04495855018999
12 -27.326917363408953 -68.89443572810572
13 44.0439585127705 35.333296147786655
EOF
