DIMENSION :13
NODE_COORD_SECTION
1 -89.75999294196933 -67.78613485106402
2 16.4197675273402 -90.43778968076481
3 -94.89225098026688 24.545465410762773
4 -71.04800514332841 33.4359134127196
5 82.54984311569379 31.889136511819316
6 -72.2712608322874 46.66294834468536
7 -47.812122358344446 -72.30188614998872
8 -63.87293816875006 19.911784457517825
9 97.01305874794812 -34.92720325857756
10 46.187194887230135 -45.47644232291803
11 95.45317175997369 72.70050425529234
12 85.5766386726986 29.422790474483634
13 -74.1193261723446 -43.568739805172484
EOF
