DIMENSION :13
NODE_COORD_SECTION
1 78.43457477457065 -18.273923265028657
2 -42.650494430355 -88.3543704082713
3 7.523472396175876 -83.45925944489383
4 60.882822201551505 -11.063942559484147
5 -20.559969112184476 -51.47709533069988
6 -36.70618517487896 30.8185409865508
7 5.17787265500813 21.64728211716121
8 -95.75996968017328 34.48862049883195
9 -36.04324282328171 -97.82655980983623
10 71.52812498936837 -92.08935522677966
11 -63.392244185993675 -62.393331485978365
12 19.27659599319709 -39.061487606878956
13 29.871227739474648 98.32121378685468
EOF
