DIMENSION :13
NODE_COORD_SECTION
1 -18.64774730204533 -98.93766565940263
2 28.698692208569184 49.53266506406197
3 65.31610207013253 -13.356494176204436
4 -44.74879674513321 -30.52962781111013
5 69.34073330111414 -0.7101601211631419
6 36.138410155853876 -70.98531941655297
7 3.0379923166904916 -62.938568921865
8 83.54411876244473 78.72807908598008
9 -87.1378444701564 1.4869931486736476
10 81.23554507044918 51.12312421180093
11 -86.26947172640519 -46.09056377569212
12 33.05528253065265 79.17436555629808
13 10.729810753569197 50.46858471864019
EOF
