DIMENSION :13
NODE_COORD_SECTION
1 31.341389778682526 -33.505160713896444
2 55.731967128961514 31.843969146197793
3 -52.42775284060919 -2.4149859075879476
4 -23.703493451854584 -61.63386588963719
5 -45.87248260561325 71.09367249130761
6 94.77902340093846 -22.142300683750676
7 -99.80870005446532 -69.1053355469527
8 -80.01905258902768 94.51760678968907
9 73.1992488283519 73.37565658023891
10 81.42142001808145 51.072720377669754
11 52.73213390005586 61.244157690251456
12 10.058550368318848 38.449258556775334
13 72.38151919709935 -16.89970892775061
EOF
