DIMENSION :14
NODE_COORD_SECTION
1 36.07616755641797 63.75149010925196
2 -91.28528087586942 57.457542801777095
3 -16.488456256752187 6.305883223731385
4 38.143059084390075 49.30404994321444
5 65.13310928240145 -66.73783735647696
6 -71.58009302737634 -99.15575776031642
7 16.556743526260334 -98.72593830436003
8 14.09739790736262 -42.918295642115446
9 65.089237833076 -8.399796852295438
10 79.44408530460015 19.380516408658096
11 -39.74443835364989 -47.1741595045063
12 99.48372206046457 1.3177098266803284
13 8.059411421759677 -7.294810354103504
14 87.22395558943708 80.66854604278916
EOF
