DIMENSION :14
NODE_COORD_SECTION
1 -65.03803084887112 -55.33271152261723
2 68.88481598080588 62.82624989738949
3 35.54735872672927 94.86431916049764
4 92.19068555532817 -98.14181895490096
5 79.42467372599671 -72.24478432570783
6 -43.639289087085075 -84.81303662953277
7 90.07124384665201 -3.9513330728314173
8 -59.79181605317117 74.1114603318388
9 -45.45732950586559 6.90975407205579
10 -23.4679902993403 -66.30533820819971
11 62.75179297560541 -12.095185128406214
12 82.75433765748122 -30.458140229369562
13 8.854928572974032 -31.160656388595868
14 46.356483876530916 -47.9064548857826
EOF
