DIMENSION :14
NODE_COORD_SECTION
1 -50.137354971679926 -34.87136261337436
2 -33.36132450576406 -58.45586588107685
3 72.17666301462228 -16.74558963213397
4 11.538317707983637 66.56972837300427
5 43.34063708203362 -92.10845720918688
6 3.7973875233009693 -16.22561239893912
7 80.59720531131578 -40.48704024984111
8 -49.758127532893305 -67.28359908950293
9 -0.04758110868606025 -56.052935539911665
10 -79.7429320655068 -51.82633218786894
11 -88.37024513126306 -75.19259856842051
12 58.402902658528205 -32.63153757423211
13 -38.39033327482986 -86.09113903496689
14 -68.97939347516066 24.358999250924768
EOF
