DIMENSION :14
NODE_COORD_SECTION
1 -27.99711687734768 -93.6715712762932
2 57.225487218340646 -62.51067741174916
3 -1.6600819174983172 51.95889811492512
4 53.034309909134265 -33.589560719838474
5 -56.211171424214726 -36.8621141962518
6 73.85457715758258 98.54630490401732
7 -61.63696399799667 -71.93578942823962
8 43.37207161766588 75.93978027794893
9 -15.718338564657628 18.969149841139526
10 96.98238831078405 -3.120563627955562
11 -12.440242109159698 -32.35902039784031
12 42.21848201099695 42.82685635656418
13 6.790102556667591 56.31149897567508
14 -41.154086508719764 19.76904953188192
EOF
