DIMENSION :14
NODE_COORD_SECTION
1 27.008968300114944 -3.5112811040594067
2 78.21887037997973 14.836160510914809
3 -21.661569988344965 63.865693259039915
4 23.549987924347818 -67.25536585616189
5 55.08379590012214 -49.58712262063434
6 -10.467489360166354 -26.688848805110993
7 -26.41136891798 -45.98814386857899
8 88.00141738197448 -26.48546103510047
9 61.49112720312007 -96.42835144016044
10 59.134244926227154 -72.11642574298887
11 -98.92989842547126 -36.366158094069625
12 -68.37119511850199 49.54029829117022
13 -2.8810601377031446 5.914394060500186
14 -30.85722413080667 -80.68659886697236
EOF
