DIMENSION :14
NODE_COORD_SECTION
1 52.44367796883728 -77.27235388853518
2 -11.465025285875967 38.97757395323143
3 -42.81584891280021 69.57295203414267
4 -14.74036854770877 -92.7164450324844
5 -39.95174439485631 0.17138785825252967
6 82.1843227224555 -42.9037484761299
7 46.9547405044363 -30.675969126962272
8 -16.85912496785103 61.0961761354084
9 -82.86440410564846 92.47790721651444
10 -96.32582345319263 81.81902785275614
11 67.86617702482104 39.023619346255856
12 -3.3359884069342485 41.44761559994578
13 77.42934064397937 19.165353066891953
14 -51.538174773742426 -86.26852992841359
EOF
