DIMENSION :14
NODE_COORD_SECTION
1 -77.4679865333953 -53.56806398222274
2 19.32513702857797 -20.49133459301997
3 -43.133842657077246 -58.863006668666614
4 -94.1449067752538 -12.2411204378366
5 26.45958599653291 -50.381558122213654
6 67.21421059286536 -15.502543091098886
7 16.612393194274944 -48.969625243010604
8 77.93485641610033 1.1166225022741543
9 81.92968251226921 -59.31087645325328
10 12.692944680019892 63.6622585422225
11 -99.5282858440744 -72.19165555421947
12 -2.2750158216519054 6.7635617732923805
13 -16.140951342845852 53.130932763687724
14 87.45358600533132 -31.856156390786822
EOF
