DIMENSION :14
NODE_COORD_SECTION
1 59.45271434027691 -98.68920975583515
2 -67.94442988586178 -23.174141635229418
3 -29.15578221386346 -16.777993120932038
4 -59.52327260984094 -86.3830437685442
5 51.92130755316825 97.52186783497211
6 -68.62687153264706 -11.19375187972527
7 -69.22927787800366 10.27944315972205
8 -34.869739847430026 -38.37783636751671
9 21.636569964256623 -47.168436369043555
10 5.953661210451358 21.361420876653796
11 -20.22891759116861 86.53467540764098
12 73.03745023807863 -61.00712438994278
13 -86.87467593588212 -54.03542376870918
14 -44.57601429322378 55.64734448471489
EOF
