DIMENSION :14
NODE_COORD_SECTION
1 69.5747950312562 23.425321005397578
2 -19.19794983593475 4.865129011478643
3 33.670528748879036 -83.89562813142864
4 74.40388476522634 -46.565707622338934
5 -58.24369759946859 -91.0656732321281
6 90.03367419106755 59.0192218011197
7 -36.35800648612999 -33.19869858600006
8 -67.22446458903124 -84.38604321415647
9 17.463568432555988 11.975121587911786
10 -86.97392659515666 -62.91234037406679
11 -89.97823735132056 14.215743339612857
12 67.6082288600571 13.107231025494428
13 -41.899873147737175 90.84002510094615
14 25.258650044157932 -79.52984349649716
EOF
