DIMENSION :14
NODE_COORD_SECTION
1 -41.478803967523326 29.860017751253906
2 -97.67211410849865 51.114957703421936
3 97.55874134452864 -77.33914693929694
4 -81.57571695716814 -45.083555540350126
5 39.262060053551295 2.702754519571272
6 16.636489132394587 -39.1348965654041
7 81.05524149060045 -18.16751654207431
8 -64.6234140065387 -81.70141704322947
9 46.24368102803302 -23.554666531067454
10 75.10288153782406 -45.6390319149522
11 -3.729686440309308 -42.18069875938784
12 26.455671355094907 43.29955909651153
13 -5.8889174662315895 88.57545741807735
14 24.547516634466504 -22.447561433757016
EOF
