DIMENSION :14
NODE_COORD_SECTION
1 -88.84436546977648 7.1139556110424
2 -30.709254425291462 31.980242194000198
3 26.147459733624274 -13.264990732075788
4 63.47802554361124 39.26927863278755
5 -38.04441332331259 -10.162458229285846
6 47.172572377435586 -6.132899402306947
7 73.02675164989003 16.663483311540503
8 -48.148876448181646 -45.80855441845528
9 -80.22638850568235 -64.99519352731018
10 -92.47760005095793 -71.44759921242249
11 -52.80072842160504 -97.95945149761754
12 -73.97181346736544 59.94924258613261
13 -44.0242532181711 75.96827905892499
14 -13.71376601282526 85.95519746903418
EOF
