DIMENSION :14
NODE_COORD_SECTION
1 -78.10201969137972 67.95768918049461
2 58.24099791721247 3.850407013385194
3 -74.86672036559408 -68.54035966654943
4 27.356418028733813 -26.76147820104265
5 -54.865960481508246 -10.620657722751375
6 -31.12647600783265 26.626587387801834
7 -92.63378022730022 -72.2689121484141
8 48.36716885201798 25.968387877102074
9 -40.95160497014505 -3.4091267360578854
10 -41.413002482328395 -58.866470784979995
11 89.58648447638978 -43.81306988110667
12 38.23936617896658 91.25145490986887
13 99.84674486686563 76.88375312553612
14 16.868865173662158 -58.54654907888657
EOF
