DIMENSION :15
NODE_COORD_SECTION
1 -13.141954135686973 -95.07471863677095
2 -64.85109869196195 92.32063931496916
3 86.98483719831677 45.821053824205194
4 29.05556158422675 83.56038411257461
5 -96.78379400972064 -12.831576698409947
6 -93.21595104347095 60.869998174326554
7 69.44975592545146 -37.92255230748003
8 3.6646834649659326 -60.611429025843265
9 34.463759165710286 60.21350125939534
10 33.9988893914167 -14.37008335959122
11 63.441936229182915 -21.07873695424827
12 -76.15405647974501 -18.374186266023102
13 67.12987196220962 12.47974067838868
14 -36.697775656569355 -63.33617476467786
15 -29.285994010015656 2.1752993386545256
EOF
