DIMENSION :15
NODE_COORD_SECTION
1 -35.60369783700949 -81.24374223484605
2 -98.44572842218693 41.52445333914551
3 77.04326967485656 -81.91715948824114
4 -67.7330875419318 30.872347788741138
5 -78.0334593706344 -66.86049082242539
6 -60.20123409764473 31.45620200071386
7 61.13539606847348 -40.39007934398573
8 32.19210014010733 12.363517645181915
9 -45.079268221884575 83.09360936647434
10 -47.66650447188443 -53.920265558267744
11 -28.083153112726535 -58.354186470510825
12 -65.9844629338557 -99.50983677763645
13 -38.37573681825099 13.045084338845854
14 57.64246220136877 81.87013111454658
15 10.678460761457558 51.819237707565634
EOF
