DIMENSION :15
NODE_COORD_SECTION
1 -80.40288394023244 10.896119492421235
2 -48.64513684423524 68.17688816577393
3 -50.897089403235675 17.180501000421316
4 -30.96102092455591 -44.920810862277015
5 84.74216804342007 3.524459728778993
6 -29.88454663235231 -93.75049076519663
7 -24.921403196297916 0.29407204355793226
8 48.72973166756958 -14.996125424817691
9 -24.32816204631287 69.15587351426657
10 61.22359765549493 88.77729399706999
11 -40.595472301886936 -87.87436528966508
12 -71.37192263273727 -19.832963668982657
13 34.30537161643255 -42.35402513323574
14 21.032862329951783 -80.98098000309186
15 41.31097564069569 -16.706317858767818
EOF
