DIMENSION :15
NODE_COORD_SECTION
1 -85.15771773075478 37.085121583056775
2 -78.48832702683933 17.71484205064509
3 -81.43167541321674 72.1664113632728
4 36.40860391746915 -84.53933436886392
5 -35.92075628096836 -57.25751415966425
6 -63.74485805144421 62.27927371736263
7 70.58780345494435 -40.107673352852416
8 -82.37520506625782 58.89577817389386
9 82.01320088512466 -54.29340801686657
10 -99.06216433785444 -80.23642030558395
11 -50.31574625210562 -75.20825737533217
12 76.45919443072938 -55.064485766408524
13 56.37352759031785 -37.35140835765138
14 -29.353594752876518 24.884208558521976
15 -49.89897740828908 40.115967577495326
EOF
