DIMENSION :15
NODE_COORD_SECTION
1 -57.02986286339809 -51.11293286834291
2 -73.29827168205361 -15.828020591213289
3 58.7922291115693 95.2247029318763
4 80.27267280411803 13.882486788563924
5 -57.91629656752673 52.54064761161749
6 -76.78968132151431 -17.105844053182565
7 86.02379179657166 65.46141232220418
8 9.795442411670408 0.9394594787146104
9 -51.08270726803647 19.078934137518402
10 -75.16828916421386 95.83780733329718
11 24.762998827031794 -8.634746599761286
12 56.409564738856744 -83.20574852372343
13 -78.22705215602647 -5.57660686823877
14 16.870549487702306 91.80832797635873
15 44.42956786672167 -55.64912426016135
EOF
