DIMENSION :15
NODE_COORD_SECTION
1 -47.552980999383124 13.134914673444541
2 -26.09495587399664 32.23009587968281
3 4.700443101128869 -19.337929893777897
4 51.96384161238632 66.86143569469027
5 -37.015481251019075 7.596291007057772
6 21.90945747570518 -94.43154264461513
7 -22.46558192501334 80.91580883064859
8 74.85029594407618 -95.53841461639485
9 85.91244646524169 -79.74144306915427
10 -44.75462343471661 98.70899522399563
11 -26.392464541194286 63.089514434926514
12 -80.62805797626116 6.086709871344368
13 22.504962836138716 -76.00531430854144
14 -58.75123103053501 -99.79720566458481
15 40.86031638208465 62.80016330914404
EOF
