DIMENSION :15
NODE_COORD_SECTION
1 -0.8328942137987241 35.54137027844527
2 -88.4242537116626 38.021105474321985
3 34.26049812987907 -33.726531005692735
4 64.26682371197495 -2.480892834005232
5 -96.67441487694812 -99.34853875696858
6 29.339858564295156 35.633355968192774
7 -65.27706195699865 5.223040667922604
8 66.56026587532673 61.062057803888706
9 84.7483893590998 12.38297509680973
10 45.85735454817299 -18.606428282399975
11 -76.55478830535942 97.30431352375459
12 56.526401916428625 -85.84781284886391
13 59.086065382434555 9.825101188114544
14 72.7915753311542 -0.5789153752041756
15 -34.14282353526896 -59.67503359736093
EOF
