DIMENSION :15
NODE_COORD_SECTION
1 -47.39870213689679 -20.681919501592887
2 -23.985036085128982 12.813761789695349
3 -61.17675578019899 -13.750121750629035
4 64.01184605296964 -23.211310557953198
5 -12.38414018982769 -62.1936670523328
6 49.58753092557026 -38.92871851085458
7 58.33469421776434 -34.942993479360496
8 -53.23156535261053 49.060125544583
9 -56.43833346912683 -21.804361643909488
10 -24.231951878809113 37.36126030578629
11 -82.29075718739188 84.1915467504501
12 -8.540049457926301 3.7742103724307725
13 7.320524999928679 24.014438207126602
14 74.96816434304833 -16.827645805731663
15 -0.25385412387768724 -15.947036431208872
EOF
