DIMENSION :16
NODE_COORD_SECTION
1 42.63924377633859 69.48239861542604
2 57.66226784203394 -5.024022538830607
3 10.839654462509827 74.43027357977343
4 -1.2611148896122302 -74.19137595526612
5 -19.818026818045368 88.25275107182199
6 -57.106243749138955 51.93398923350679
7 28.41211093276047 -50.41871756978429
8 69.49227635788893 -61.3315675689357
9 78.10375522599492 6.451148007806168
10 71.86554894972107 -92.95590939431406
11 -69.12895058125696 -19.441624986007383
12 -10.581419223335246 89.64491804343666
13 57.91460378183356 59.89736976705592
14 74.50503735831606 -60.6250864964685
15 54.79271428582254 -48.45183087298916
16 57.917505961239414 48.41553346242668
EOF
