DIMENSION :16
NODE_COORD_SECTION
1 62.796246755011 50.453986050032455
2 85.57350134193038 24.341663579392176
3 56.06308047063493 5.905936947223651
4 11.672297707090308 -71.7703167992632
5 84.88467676974949 46.591075869430284
6 -71.6250795484095 81.99805266764207
7 -94.16258066291105 84.99261067152557
8 45.61939840459647 -32.35962165903325
9 51.98321958976862 -89.11609743526144
10 4.311899666428914 -65.63269410392533
11 -13.705465410955227 -43.52506774122724
12 -20.814638931925145 4.3311855079436015
13 -54.651755452496545 28.171961879331093
14 5.828983729367195 93.73404612909448
15 -20.382165097033322 -27.34327234777271
16 69.1749833826135 -82.48648547894797
EOF
