DIMENSION :16
NODE_COORD_SECTION
1 5.41785691189925 47.913426782660565
2 -44.47830400174142 73.66586130841287
3 -38.540828017375105 7.010880267592597
4 -54.23770306278766 56.27834136919327
5 60.83415064688086 67.86170409724036
6 -44.17918713056048 -48.06621628860195
7 -19.494350014388658 -33.35208964248319
8 96.68146667832985 24.487136709345975
9 -42.232707969962036 64.39003465747481
10 -73.24553262028704 65.16406581549072
11 69.3673140901393 99.535654890843
12 87.7088800279069 -25.356349266877487
13 69.35837864997885 -54.850662289107376
14 3.2458926110035407 81.32516573887824
15 -42.372388731023825 29.035393577452652
16 93.7238686487365 4.59859860637637
EOF
