DIMENSION :16
NODE_COORD_SECTION
1 -86.49340170476563 74.80240463348514
2 -85.24432540277982 36.95057796378737
3 -76.94348260029524 -75.34082213276136
4 -94.68572121732063 3.42422956528317
5 48.89775847877749 49.744116162582
6 -86.58054152871853 -42.94060744217989
7 31.816032719221568 21.007066367087816
8 -71.78176696809203 -37.56051996960632
9 22.32494619733525 -22.399404166055987
10 -48.14723343803684 -46.6636714354135
11 54.597285715931264 -58.71966738621348
12 63.8165005065793 -70.7341380182765
13 54.7570345894637 2.0571275595408878
14 -28.4583143145325 -41.21552611701269
15 13.298870448397352 -96.25506792137529
16 82.9422222080824 -6.341693377429266
EOF
