DIMENSION :16
NODE_COORD_SECTION
1 -66.37132336501054 -8.162825339810382
2 -15.512752798928958 22.45144126724179
3 -67.80508730443013 -48.8163872247712
4 -62.51756638722765 -52.256653689202224
5 10.407482572785113 57.22860977347048
6 15.587645490829118 -41.90026575133847
7 -55.482870783626325 -7.889109349577765
8 -1.7990318456936336 84.08523103319905
9 46.855030094188265 35.71393788074016
10 -92.80908914318213 77.02020800452755
11 40.30885955222391 31.795108175407904
12 -71.44006960298253 -70.15173125565208
13 -42.3620010461758 -49.38921332072961
14 -4.02580395639616 71.39485190264782
15 28.20735642629336 -78.00612840254553
16 -70.30410747992008 -91.53839226966831
EOF
