DIMENSION :16
NODE_COORD_SECTION
1 -71.68166384556527 24.457325414470787
2 90.61798302476208 54.27070018550782
3 -56.190668078656444 -74.66265543191585
4 -43.698526242610924 65.06241735967794
5 63.45842907926391 -26.376894676524756
6 51.55913327340153 -10.583907963830754
7 46.7813928168311 37.13827846064814
8 -34.45834357042561 -17.05787199864055
9 -37.51759245505328 14.158930214611345
10 -4.2599174301844585 -34.57325300934369
11 -95.67435920094165 -81.26637068841747
12 -86.39157137726063 92.55550322966712
13 -78.26131834076544 26.220279975704713
14 7.726275163040867 71.77985048769315
15 -8.210476802610515 79.55848574588546
16 -12.899714417388864 -51.6660579689727
EOF
