DIMENSION :16
NODE_COORD_SECTION
1 -35.23189912784059 -74.15471862750285
2 55.01791970216928 12.371767264326778
3 76.23122109544303 -24.46750475847972
4 51.67415379670942 -45.227930295586646
5 -11.439741890282832 34.70162316844855
6 63.850367665222194 -86.05663062884716
7 66.46351463943171 3.0271523754586553
8 -93.15507569480428 22.77748704542404
9 77.37531841573798 88.38453369111113
10 -95.72511872591612 -79.35093238714714
11 61.93271842601945 -85.23142321788582
12 78.07911964672988 -0.846654036296826
13 12.64100999378708 53.416836448606716
14 -20.169045780544565 -62.21218267935147
15 52.99493929396746 68.28177214486917
16 61.58420217308907 96.20984527950176
EOF
