DIMENSION :16
NODE_COORD_SECTION
1 14.398148260224815 13.331361822871202
2 10.692358538215771 -50.09891507264088
3 10.948092510818498 74.87094904541479
4 -6.249518399869871 -26.50649889651484
5 -81.69982007049126 -72.01913627225156
6 -76.73252070725314 75.8664375387277
7 32.24588801677723 -50.37263362679201
8 -37.22578659519411 20.165782115875274
9 -37.073562370497214 2.1817886477736295
10 -66.99482947942334 -45.67781058347913
11 -31.60610084182514 61.295859215159
12 -12.772809215975542 49.572997197174345
13 2.952932508339984 -65.87925022270053
14 52.4382561083672 -17.214606895332565
15 95.9874705829657 -80.04893996420302
16 33.09778419323595 -34.8494679349528
EOF
