DIMENSION :16
NODE_COORD_SECTION
1 9.203297627735552 49.16411715904826
2 -28.09868697730124 94.23212902746721
3 33.69395984261598 -48.63593134209341
4 41.21411126312955 12.017333550679595
5 82.96402940010123 49.929154288652654
6 -0.8702623489523518 -11.46842324204755
7 -85.97962324037147 57.69982492037241
8 -14.27875127498514 18.743243969305794
9 -34.131466371204795 57.334184858365944
10 57.904163136929014 -80.10187487883205
11 -56.77204922579067 -10.103408874395697
12 65.43198659979052 -52.91252506917674
13 93.00632739791317 -53.466025540996796
14 -44.10340744707979 -93.23216869255143
15 -77.9500340319186 60.63383079603034
16 -36.79265020417104 -58.88543011887695
EOF
