DIMENSION :16
NODE_COORD_SECTION
1 -92.37057938689775 -54.576529104039096
2 -33.77004041860636 79.71723920951092
3 -97.25078655049029 44.482414922638014
4 11.716125110512166 -59.00554175604504
5 60.41722663659431 -61.38092984011103
6 -28.642220028865722 45.84510736530157
7 96.42212559069122 53.52515456221113
8 68.25219324987793 -41.84860881600696
9 89.44002965021943 53.351004718933694
10 70.46376658420158 -83.69163785258624
11 91.36262188839089 52.55006192119734
12 44.047449172265516 -71.87297804669734
13 31.605048637706716 83.98496575036049
14 43.328965715061 55.14423912287148
15 -9.526967257228918 -90.24838681731958
16 -55.521767546591214 -26.716009103719827
EOF
