DIMENSION :16
NODE_COORD_SECTION
1 99.34087579872036 -73.12427174792258
2 31.91770169336229 37.63862727009919
3 -97.3369534075756 -48.80690684900515
4 -53.78479525178912 -21.80643522081786
5 11.570352644649361 -50.30286469429874
6 -97.00015399819763 -26.20431478986258
7 76.16309818135176 82.35882168218691
8 -76.70074272895127 -33.53766117063468
9 -50.96400375400783 -99.86341734770667
10 62.515241734724725 42.545362860010044
11 -69.31986341309926 28.637835732382968
12 -44.203524835628436 -61.63276206680162
13 77.32175233076651 46.03037411333423
14 39.437480942578276 -43.93521739809132
15 -88.09774355599566 -67.7150119184401
16 -30.034647574526915 -82.78998480137807
EOF
