DIMENSION :16
NODE_COORD_SECTION
1 51.945111820528695 -75.14948308163865
2 -2.042614401217179 -69.73777028300583
3 -3.128897438465117 8.824680412550805
4 -90.74024526159734 83.40642088631569
5 -98.49373099890397 -65.58391828529827
6 -64.70406118564358 10.514391827667964
7 86.57328165862111 54.565923832680966
8 -77.80579814475223 81.21046109618192
9 86.60518038255663 -29.748629182695055
10 84.61310012914646 35.41745036074923
11 -21.850835986632575 80.99424166308694
12 98.97941062541037 -49.994881352628504
13 85.2997658728722 -81.65963778887651
14 13.42627482358381 -88.60192546264423
15 67.32834410232238 -34.04667612532049
16 -14.844636960501049 -26.724693664999393
EOF
