DIMENSION :17
NODE_COORD_SECTION
1 -79.61982515856022 25.861459424645545
2 12.740137957717906 -90.81349027545576
3 63.220503983014964 -40.57155353768165
4 74.93373103424187 -66.48492269307641
5 -31.691452308771844 57.75510906514435
6 -45.37248797447289 -45.076239942712014
7 28.235255848980813 -77.31401842530394
8 17.112755598507775 51.10579788874787
9 -58.2294807413934 -96.1833036824751
10 -25.431716300536607 -70.31359867832363
11 -89.65283657934768 15.789069718420379
12 65.01333903876042 -74.88726122199941
13 -62.582443047201664 11.219199627025802
14 -6.867267225171673 -14.799034277004623
15 -36.22991657310679 86.53510278289627
16 -24.856499173082298 -71.76983540242578
17 10.369110488036256 38.03965616495395
EOF
