DIMENSION :17
NODE_COORD_SECTION
1 -91.26575348407549 54.11661574788275
2 -64.80626538391503 23.254782163231383
3 -21.93578581371429 71.9086502849841
4 72.17738603564837 49.30774843271121
5 49.326150520451364 8.220026446590921
6 11.204927208120736 -72.0237966359861
7 -14.21365093189199 -10.726858484955272
8 -81.45620707568466 6.77415815472267
9 -63.71458772136511 65.20699794778469
10 -24.053075780316902 -35.771873747329934
11 -80.5265687455184 84.3144784102164
12 10.506881406159124 58.52436372856786
13 56.2120166697087 -68.07249358683099
14 -88.92907536787631 -38.74618585297143
15 87.33187660401131 41.89071143367045
16 93.11288199973677 -71.5663006296802
17 -66.33874159495826 -40.146584941132076
EOF
