DIMENSION :17
NODE_COORD_SECTION
1 -31.537574236216088 -65.67546216263915
2 6.116005683942973 96.43658396001402
3 58.59061519284069 23.51941627121674
4 60.354001057373864 0.007640116573170985
5 -41.83862986567222 -83.78061531419073
6 -11.272819214383432 -74.2984991403785
7 25.085489388010203 51.43911714652356
8 90.33527582493736 66.7687023145682
9 99.94652624984013 -15.563574570500151
10 -45.023910002906284 -86.04976597873653
11 81.8859735819205 8.223945814936855
12 -20.727580350762835 21.16846805076085
13 82.42823103483326 -15.36165964089551
14 -46.37491772831801 -77.09484387175485
15 25.293490196429076 -66.85789832414248
16 6.497253311211466 -60.57023567816267
17 -32.52686407995749 -15.677969078617892
EOF
