DIMENSION :17
NODE_COORD_SECTION
1 -7.814492456129571 -84.18356540027993
2 16.140239177558826 45.074168054512654
3 44.96213534519737 9.607264203180748
4 -29.902651868323304 -14.457453397829156
5 28.048177923357287 -27.9403719593231
6 -88.13964691437155 85.87336710109875
7 -42.87062874964236 42.6793195896274
8 -71.90935524709197 -44.20956359303878
9 -37.83758809243842 5.1402343094003555
10 -15.121349832636781 -10.73861540848982
11 98.08304789663376 11.9333221962779
12 4.781624677890292 -42.28297463964121
13 62.02151115125173 50.97363119767206
14 -37.94605459655198 86.23532668701256
15 10.952260322887966 69.6255837111749
16 -2.4836362041193922 67.70081174010761
17 84.05656831620502 -41.479227542488275
EOF
