DIMENSION :17
NODE_COORD_SECTION
1 -7.867606859150868 31.208694256644094
2 -10.170161196791355 -85.8322076892236
3 -14.149704591958184 -23.7089191436838
4 87.98552896456559 78.03247544142789
5 -95.11311744474699 -59.128825047004916
6 -4.71254895721691 55.33944760152775
7 -97.64380079552548 -40.68998254355447
8 73.53515580451241 22.46585512968491
9 0.2845022652766147 79.1229789732553
10 -37.68925307466689 -97.87616603364879
11 68.68156791041827 73.52929081807642
12 -89.0356719985554 -7.899914604343252
13 4.014830378688842 -37.51207033547092
14 -73.23443901487616 76.69140834588015
15 92.41953933869561 55.33633813188638
16 -5.425847890972619 -63.99653667875596
17 78.32984677438773 -59.93752607077909
EOF
