DIMENSION :17
NODE_COORD_SECTION
1 -49.554650985272716 83.56290076923935
2 63.47963779980006 -18.41251322036068
3 -49.93283217132232 91.91779631042809
4 54.62200454506623 -74.3229718932493
5 -44.781312535306775 -69.65383623854366
6 -60.33512228782296 29.30470757560252
7 -3.286672938624349 -98.74835323077255
8 -68.06523293723761 -25.102088176078993
9 -74.08052948862684 23.157252867434636
10 99.35381579027566 -26.896562941074052
11 -60.7683447807897 33.872650727701284
12 -7.265464798935511 55.75937390862856
13 -64.49832755922299 31.896315024895358
14 -29.913151113948786 41.662948358810866
15 74.96598286555039 -94.502784979835
16 86.74335429883834 7.879856177711602
17 6.057401172376714 73.33457764336643
EOF
