DIMENSION :17
NODE_COORD_SECTION
1 34.585244871213774 14.379414153831831
2 5.590533335960373 -33.86148170885886
3 8.377992549785091 -23.930948258924104
4 -61.83797991126689 -84.11175211244162
5 -46.797688700045036 -46.15934750934294
6 82.20825511198086 87.08869624487
7 4.192607374674779 -54.96956873759502
8 93.01471054565206 -15.839510926984104
9 68.27161600985104 93.73293573308865
10 77.07266097510578 99.6221688494787
11 17.29651278822098 -87.30102969860489
12 -62.46935976897492 29.657706863087157
13 63.0083639206012 11.08621174578633
14 17.08943186884038 76.82643196434665
15 -33.59671945722924 -43.879608548379736
16 12.541108921591487 -15.913603417296258
17 -2.3797086647102645 61.763953051645075
EOF
