DIMENSION :17
NODE_COORD_SECTION
1 56.61275155431363 95.51612020762994
2 -88.12180840131192 6.610566423003533
3 21.91556110432333 -6.7266841718952435
4 -78.27644782033805 -8.621978746270159
5 -17.080497120413952 37.21532678565083
6 53.79236492625867 1.9674850337610508
7 -63.08563671194187 13.904612375216956
8 -11.366790697782108 -14.013411870923662
9 68.38622425306303 12.621706604161176
10 -65.54166739563252 33.05885271037033
11 61.899003988977995 -57.8114434354259
12 -51.20435330508046 64.93850372203457
13 45.57387957381741 -8.864636280723047
14 70.6855459938242 27.455768716681007
15 -87.19547199366322 86.31965120127782
16 -72.04509125604027 -36.67292955997596
17 -51.05230579514814 -89.22979410518906
EOF
