DIMENSION :17
NODE_COORD_SECTION
1 24.140533133043533 -60.022401528549565
2 45.76432170562845 17.80631970040669
3 7.347392665522179 39.38723769294526
4 89.51965218588197 -53.12793882569524
5 57.426311669567866 -44.135596961248716
6 85.09549742209731 44.79071294609105
7 37.91835646988932 7.6883583694268225
8 -94.31661966910325 -72.19937176461298
9 29.68479649686816 -47.672597577830174
10 -46.47510081520563 5.196635397037312
11 43.07863069199698 11.08415948887243
12 27.037502249626684 57.032111728438906
13 -18.52487984245073 -34.561759056974495
14 61.5801483880623 62.0737885392854
15 -71.68905593040563 3.925499813275394
16 50.090502866006545 -16.538342153011058
17 -81.74175305484239 -11.568060203523828
EOF
