DIMENSION :17
NODE_COORD_SECTION
1 72.00075858494802 37.7399280554657
2 66.9955148041775 -17.73768613919249
3 -97.20225189639582 -40.55021164293544
4 -40.21655976214833 54.15603797918581
5 94.40570293459928 -27.072964305228624
6 -93.95124097599692 -65.51655867323876
7 -43.420011672065215 -5.730695597630202
8 20.433052741536358 -71.90095415526561
9 75.23669019912757 -36.23719349391998
10 -54.63644614525893 -61.75791219829818
11 -59.46206893181278 -19.268471898044723
12 11.662284776174573 -22.626572571813824
13 -85.22389937631452 2.527685516522965
14 35.64907182376976 -65.81438454674873
15 -98.34019820356188 -20.919274270282017
16 79.67321511345887 78.06658131833834
17 -70.41913237227567 -53.03889481094577
EOF
