DIMENSION :18
NODE_COORD_SECTION
1 2.0785433005340366 -43.46495853307199
2 -79.55883798874353 -11.089416324430545
3 99.94343270805467 12.412263124328703
4 0.2962857157411918 -55.558020161338774
5 -38.24227902192278 52.93710558988343
6 -42.73109554692782 -13.90027478934428
7 67.33288085922126 5.085523260560336
8 86.1681823963525 57.939569894828
9 -5.446836314683125 78.12006642732229
10 3.3232625058934104 66.82771935802413
11 -17.33116295530266 27.596909041111346
12 12.80739969793217 -42.63094257637419
13 3.4974826789602105 -5.652101576448615
14 -18.926217751746563 -96.25540533344466
15 -4.309146611305124 -86.90298553752665
16 87.36737745353423 44.855808161346374
17 11.951249271218018 -68.34022307266105
18 -22.37102010799032 -73.91230324610494
EOF
