DIMENSION :18
NODE_COORD_SECTION
1 -52.23143280479601 -86.16945167409136
2 84.69709551012684 -89.27447837951938
3 68.4967984480131 27.13569422143516
4 57.63067511760576 -79.81712668994271
5 16.011950783276617 -38.73794949288782
6 73.14044239888946 -63.423670854170425
7 46.08873489552005 -28.86187125614532
8 -56.966342570757746 64.79866145880149
9 65.71310518579554 58.003318217531444
10 -24.652265178181892 -74.75800003930502
11 -90.82161665668053 53.10866258108601
12 24.434452645479382 15.6683674367561
13 -89.50721482957039 -28.75868749705394
14 21.06217110015038 -78.83385222294118
15 24.912024096005652 -17.361756182777384
16 -89.94311375906344 14.996503450605815
17 -27.862688483032244 -76.85591355317123
18 8.354348639408187 -44.95225771505922
EOF
