DIMENSION :18
NODE_COORD_SECTION
1 -86.1819147798186 -92.70005297373257
2 -31.919015348657595 -98.85406092312053
3 37.12672236679788 -99.61179411433352
4 -15.879107694616692 38.381143928164505
5 -13.1473810596259 -13.792688994724543
6 -64.75443737704414 81.59486212285026
7 17.780767490422875 1.6235308458077924
8 -51.79898494750035 -20.49102998252937
9 -95.25567875978803 5.1938210543303995
10 -41.89922600249043 67.39157880265952
11 -85.22099886125669 -43.83503776401343
12 28.707767130566964 -94.26162438716797
13 80.41063629029645 -86.66698416000382
14 -99.6705711503471 -91.71248106866447
15 46.81152287244731 -5.874440237486084
16 -68.48127868408696 62.71885820002831
17 -77.21239466386717 -56.94162831554215
18 23.625219725269204 -53.19752997691278
EOF
