DIMENSION :18
NODE_COORD_SECTION
1 7.996031828044863 -51.08151168652692
2 54.81370937514325 -41.36094141395936
3 -24.970271178738955 86.93856798904471
4 -58.172475820245765 1.9729363853116695
5 -34.0836211540186 -97.09931684569595
6 -1.136850092529798 -1.5089079416921578
7 82.80888291524789 95.2986068492585
8 -62.0071114935266 -63.60696879194341
9 -74.7863375749988 40.62935309647099
10 -9.852400315968907 -13.445040643625063
11 -89.95129415828802 35.574595753459505
12 -93.88223238471964 57.838832635890924
13 -42.2665500961432 14.028937555246742
14 24.382885403257987 49.94415484761569
15 -70.25860266084348 -87.65462505680004
16 37.78215055564604 -81.71380858930931
17 -83.47703357081818 71.20740163395928
18 -29.85906034427343 71.04827537542943
EOF
