DIMENSION :18
NODE_COORD_SECTION
1 -12.18419245125051 93.0178324282738
2 -49.842936447118106 -84.19467826236469
3 68.00059610793784 30.937015802585847
4 -18.252758834377317 -35.91595855668179
5 -39.69059372635846 -5.806061643983355
6 -69.06394669707423 61.613548559159256
7 10.811773341461347 -1.9676027956780473
8 -66.24620660318396 -13.945848748559555
9 -20.26131388290591 -46.178573942667775
10 65.2021072599347 23.324693365214657
11 45.295738298982116 -81.39064129321514
12 -11.591643864497755 51.46956738465852
13 96.73809206177694 27.422749920260614
14 -81.35702682839418 -65.54140320489418
15 -1.3774346345013697 12.539756076859248
16 74.44718286002995 65.01289867656052
17 9.128635154927409 -83.49312601785451
18 54.7199046088071 -11.286334762040724
EOF
