DIMENSION :18
NODE_COORD_SECTION
1 54.96328088400563 54.94749402475529
2 54.92999740073597 -46.29934035288959
3 -39.383681030505535 -81.50478967744112
4 49.09105104561712 -18.06110343882095
5 -89.01991511503573 -48.054035211887935
6 -37.5584092962004 62.746332572344215
7 81.18813828788504 -95.33259792561614
8 15.194080183030707 -45.99824210063615
9 -35.87788031085732 93.05847264153016
10 43.748247558214416 -85.20979657528594
11 -11.263383593683372 -76.267664803386
12 -29.383705458868192 -56.45247830304441
13 -37.03317317346517 -69.97121491575487
14 97.4813801509996 66.39063561889
15 61.22036515641818 -74.89069947820309
16 91.09760411603438 48.12473851308485
17 46.18088484188502 -3.8229285151798678
18 -32.90863633265653 -89.66687447801502
EOF
