DIMENSION :18
NODE_COORD_SECTION
1 -43.59407353500111 18.07473718848928
2 49.1368343669499 -87.94213290238704
3 -9.075670101383679 -38.42605355562054
4 -29.414103882895404 93.57177734463312
5 6.385213679342726 63.398521395629984
6 -65.69883218619152 -33.69219104293764
7 -88.8518425199835 -78.57050530721153
8 -28.272840847862696 -58.51628221773548
9 -61.7759482355867 35.1743250949377
10 63.9744370010485 -9.99976920859271
11 -65.29085445942806 34.96651881797038
12 -53.66634534259551 -40.22561755650098
13 42.65373812357316 84.55948835128154
14 8.34104859153095 -62.20419981197192
15 -33.437900505471816 55.875559251250735
16 -12.576023817731226 -96.96978699131704
17 -51.30334047725589 2.210223115832946
18 45.75666746246151 34.4584446050562
EOF
