DIMENSION :18
NODE_COORD_SECTION
1 80.5861789032721 14.980764781349748
2 -7.192166873225744 87.95340732757705
3 67.61408393956492 -60.852614050313036
4 70.1633901344969 36.361416087208454
5 33.289761957945586 43.72410562712804
6 50.559138475216116 79.06844086953373
7 0.782168540991492 -3.6642938510313456
8 19.659739114249135 -29.504169955993476
9 -78.47833954388521 -25.43388085921032
10 -93.02804123040404 -8.61584554067447
11 -65.84753835247346 61.88261944528534
12 11.381674238252756 -7.61212684600936
13 -68.15506033864787 22.209392332113794
14 27.155665834703328 -23.582357522217848
15 91.95309384082043 -75.23704941235573
16 17.850907258483446 54.330962630330475
17 -20.77040182035286 99.5510546946843
18 8.425454677920513 -92.01375798343862
EOF
