DIMENSION :18
NODE_COORD_SECTION
1 8.720304579109666 -22.04668364733169
2 29.798925315910594 84.24194099673505
3 -13.153540080007332 95.89855356560795
4 -46.23491416217369 -50.22005318247822
5 67.46821192288832 58.815920500288314
6 7.405554770616021 -29.055694794234796
7 -58.58764703600292 75.66519391446792
8 20.452136162858324 -94.43928607734348
9 0.28511983117911655 -11.513795796933394
10 46.23548592323439 51.9616568781106
11 95.27650056620999 -26.63256831345224
12 30.454616611828214 7.290376138494366
13 4.708773126576631 44.813654009508156
14 -61.48936707657933 99.36076855437585
15 -71.81792278300519 41.1799720624943
16 -75.41055788317337 79.60374899007235
17 -23.853663701784427 21.37836930043973
18 -57.72014493459046 -92.20533317185868
EOF
