DIMENSION :18
NODE_COORD_SECTION
1 85.77835047560757 -42.05432934891506
2 92.80213379680947 -5.831336429398192
3 61.12901195920901 -4.55216673048038
4 80.45059366550268 98.36323187106018
5 -55.49137288685129 68.63291121510008
6 67.15860259703692 85.22878811907157
7 -14.841120699096578 41.795932255008125
8 -81.70202971032488 47.88397018312972
9 -27.43586056265039 -68.10600854131059
10 -41.10582996920185 56.06492366094173
11 -59.162401706401035 -14.941183186698254
12 67.09146295198977 -71.83097489782497
13 52.77449809966748 -34.09218416255759
14 75.62067181589697 30.39461918076978
15 94.70644248960315 31.852131490549397
16 -9.764316323126337 97.53846891080963
17 89.26746612812735 42.13920804953929
18 -24.313670266982058 -61.823168553040354
EOF
