DIMENSION :18
NODE_COORD_SECTION
1 34.79238044231255 56.20066709745609
2 -76.24860692051776 -51.24290599494008
3 70.59237626043299 -87.09033386229437
4 72.60739457362777 -9.875733062312236
5 83.35732540313623 95.80949495351382
6 94.42506274841708 78.66761659209405
7 -47.88469055521523 -93.3895046591491
8 -86.32177971295563 77.2445695580169
9 23.736272390955037 -36.04854296844577
10 96.8591192675677 -60.06377966933967
11 -72.36482627498955 74.82239979161804
12 -18.266377549235983 64.60615094677999
13 -67.43708063227456 -30.170420335453855
14 -53.93733379852714 -76.88931530415437
15 44.39245710308822 -9.287904741659986
16 26.904525374985894 -10.691779234806802
17 -61.465832306983394 64.80865981268448
18 61.96390903280701 -78.07051530000868
EOF
