DIMENSION :19
NODE_COORD_SECTION
1 -48.21825666419552 -90.8861729532647
2 85.51765057957527 -77.54729219638376
3 49.55103372616156 -48.39400353801866
4 0.18291109075090617 70.27333201981642
5 -25.21990098288589 -3.2099531774938157
6 -49.0897623902284 63.558770865249045
7 -84.38991399135041 85.42586816586095
8 66.2907810921316 34.32825936146233
9 66.00829863172353 90.87624901508659
10 76.9174937637822 -50.97119034238771
11 28.91075893876456 -18.55137042679506
12 43.56858803825085 -95.09094282027337
13 40.096242301196185 -67.69712943067516
14 -21.010677167951357 66.03796737402936
15 45.48847105224692 23.18612987263778
16 98.80076360575066 22.592593314036932
17 -9.440596162260363 -14.205159415770694
18 -71.33443173397991 75.20326479135414
19 -12.266590663276872 23.35290356037116
EOF
