DIMENSION :19
NODE_COORD_SECTION
1 -55.6730572062274 34.77373731189542
2 -91.62124337364367 79.68346612756272
3 -57.799588801002066 36.50585440378248
4 -29.348863393669205 33.193112856098395
5 20.3351349211369 -33.23046368110549
6 -1.2971555406919038 -85.95266210431136
7 -33.09985653773009 -25.582159717726853
8 37.298421605838314 -19.221750637081712
9 96.11230746483835 62.942959061479996
10 -59.03103732197139 -49.3674540560042
11 36.83411681593515 -9.002379311727708
12 51.052575679170815 -0.09273811467333815
13 14.775892050294658 28.82717183095869
14 74.70417840344402 12.569810090022088
15 12.463870012524893 -39.31807786921304
16 -98.6944378251267 0.5327605586239912
17 -11.012956949830397 -2.306580716069888
18 5.183122124660315 33.99271889674887
19 20.637320497931455 71.36227863118435
EOF
