DIMENSION :19
NODE_COORD_SECTION
1 -90.8516074877331 -63.103861369769575
2 67.40136922990337 -24.611857498106545
3 -59.894563130975364 71.81851425000394
4 32.649966522657905 10.88531237688079
5 -51.43709056386807 -5.6902966743902965
6 -45.018101731915095 -29.07648003398107
7 -24.998488100960742 85.52221634754031
8 -66.45734669339703 57.8035737137414
9 -74.51649811180977 -17.6877206390933
10 8.157366741582607 59.717331084507265
11 -60.31334985390482 75.25243815105333
12 -49.663365409313734 68.66277650332319
13 22.113607774473792 -30.935803933801267
14 -96.19897589430389 -34.10300523287701
15 -38.24870104923412 62.4348497932059
16 -16.118845389461754 -89.49558724172755
17 -46.06838697442437 94.22173670400039
18 99.25139426301769 -52.6782389307624
19 -92.12887785306572 24.336019694015903
EOF
