DIMENSION :19
NODE_COORD_SECTION
1 -15.975550000178146 33.035814814442205
2 85.925342063856 82.66021805551961
3 74.31046273903317 -18.687656988165458
4 -60.095339935125835 65.93828401673062
5 13.549979422774186 -5.224465439877335
6 45.99289383585051 29.926182188948587
7 74.37971240523768 -9.022587759355275
8 73.67588149820946 24.571281578515624
9 56.56077644729706 54.85504804722078
10 -36.167668079724045 -63.54495421091797
11 -76.28770628125969 21.299718769709244
12 63.0242346149069 60.18560959705317
13 -48.00030852058343 16.972305520468552
14 49.05404459863908 -4.126865774810071
15 89.48985856239122 29.26656713074354
16 5.582955664622432 -5.797120778205155
17 -36.638158491732284 10.36095993988522
18 -92.29415333975047 -98.71508550156946
19 91.8884302460468 95.5887162091037
EOF
