DIMENSION :19
NODE_COORD_SECTION
1 65.78955082640772 -25.960749990784677
2 -56.33445418844716 96.56615126040239
3 -45.10900341541158 -30.40110367634537
4 75.57742250583894 97.8035883320029
5 37.327690091534066 -67.95377109187683
6 -90.09205243579646 83.34849923436894
7 -3.94293405020521 -22.779878517002643
8 73.8297344670099 -21.15504222963125
9 -92.32374370019438 95.35224224018742
10 35.330224027260925 -0.18216093154312318
11 8.855883552107997 -15.373763016602894
12 -74.12311640824711 -58.07808732301696
13 -2.331405456175446 -20.74770269914532
14 46.67405723418824 42.94328792325649
15 54.950312853882025 64.66580688171243
16 -39.456065434992446 -66.91234602106364
17 -50.06633162591954 78.12274734052937
18 66.1906820691816 -63.6212333927424
19 54.74467160365387 29.878645019310966
EOF
