DIMENSION :19
NODE_COORD_SECTION
1 -29.313863267114314 85.45030276072418
2 -27.217083419917046 85.20475588704923
3 7.9522385073558866 -73.11582791306843
4 -97.70521618124397 24.319146359680303
5 -0.4538103933482489 -67.03477023221961
6 84.69386417558752 -92.86071713345704
7 46.55769823327455 -10.314502462420066
8 9.234447069188349 -82.86704597980838
9 -7.795514408283722 -96.20026044336025
10 -93.17178780016273 -1.9306049379826078
11 35.769360318634796 32.627509574725394
12 -39.94965077200339 7.839140805318181
13 50.072169760002225 34.334992409264174
14 -8.255340078876443 -61.45466086403246
15 -87.7760025508197 15.289647563822768
16 -47.38051756923443 47.1351863934853
17 24.012374124654983 44.24470526857135
18 10.452843776393593 74.62949579452118
19 -53.88193219975057 27.52469271039142
EOF
