DIMENSION :19
NODE_COORD_SECTION
1 53.716613420880265 -31.812665846958993
2 86.82301281961367 -43.77779352828417
3 -24.061699885757477 16.242350435550847
4 10.85747586911279 33.86855433030257
5 85.01460316867161 85.78998608853172
6 -14.28040757456695 14.12104393123181
7 57.914832333250075 24.94758634899243
8 76.34725902766857 7.738241254574945
9 66.9756351302182 -39.6441948558834
10 96.29307481688582 1.9965724078216311
11 -67.6072020700752 -24.573803320026897
12 -74.98310311286014 -67.09187418359778
13 -29.89407498060092 10.399107979416527
14 -50.26311491663464 -94.29555773050772
15 -31.348723108853733 62.758115655377765
16 -42.691053428720394 -58.94171046450669
17 57.65992398697185 22.211082741829145
18 -53.66888329019157 -79.19563851464495
19 41.02962808972279 61.36221342050146
EOF
