DIMENSION :19
NODE_COORD_SECTION
1 78.0929177303046 96.09808699993724
2 -14.421194427290175 82.36780926066342
3 -12.533246135958407 -50.32449320886945
4 59.77573585360284 -6.075141243146902
5 30.627537022169037 44.70506914701471
6 -97.78280833027013 -2.7068623329741968
7 -72.94372658046203 75.69789974361342
8 54.37375654264483 59.30574395734641
9 18.605366517913808 69.06433332056469
10 -59.412238378495694 5.879327636794557
11 -79.99983995032073 57.16321186020767
12 -3.0105586474010124 -28.945293403123046
13 -0.3729754976529449 66.13544779648456
14 35.35361886575646 -37.453045339262104
15 -42.0274072022808 -56.08056971216679
16 91.78093951718594 84.75337679710518
17 -68.56985977699202 91.76021346362597
18 86.06426603440343 37.70699128679212
19 -9.209246886893226 30.688147262407284
EOF
