DIMENSION :19
NODE_COORD_SECTION
1 74.82741028046391 19.252075333988984
2 26.58848867606156 -66.14302447794032
3 -80.0001309709528 97.75747304824799
4 17.570260262758566 -13.704738874184727
5 13.917904658505748 93.97240890220519
6 -36.08721632566112 95.53923706641595
7 -96.68123003910283 13.16857318072691
8 -66.58958803705626 69.77909510681678
9 36.72153953403628 -97.49862327069272
10 -83.29061846252972 -95.43511452556103
11 23.164446347039828 73.56228398552435
12 -83.23459752201182 74.78223621785699
13 -65.00467125851927 -73.61679832911277
14 -91.94683958995304 -84.47783554798396
15 -86.61178099184184 -61.30700715107687
16 -7.342094246216348 93.63328113575471
17 42.48580408681829 -56.98480794973335
18 53.23077241346198 21.158796532135838
19 -53.456095430499026 4.235164186098601
EOF
