DIMENSION :19
NODE_COORD_SECTION
1 27.724198700791277 -88.87057322484728
2 98.9826688302779 -70.838193275268
3 87.25121889307073 24.773466196413253
4 67.59269239273956 2.856414089251814
5 75.41125790760347 -35.78608378940244
6 48.964223409708836 -13.317314657923248
7 -33.45583153655008 96.38289998700336
8 17.97930844880638 90.78409357867636
9 9.210249394125782 4.117929867058038
10 65.09917564548653 -44.0404116007439
11 20.289495967018254 -51.92306576852093
12 -12.538219665710642 16.0750245090951
13 -1.0482484301555814 -15.268139092091104
14 -70.73993475583897 -6.356419439152035
15 35.96780594479779 -32.08732125522589
16 84.07796408771841 -87.21463896479014
17 38.55790572037853 -42.337135934027906
18 82.21271347424869 0.6904673558817223
19 -83.04911522659054 87.70633945301486
EOF
