DIMENSION :19
NODE_COORD_SECTION
1 25.75316072033138 11.400790411828751
2 48.95035027458442 14.42001435156213
3 63.57721210385898 26.597947938016176
4 59.43494452502998 -23.67795288125481
5 -53.654193887049374 42.210395205916996
6 18.479729693652928 95.7058615802471
7 -60.77760513141699 80.24253142728256
8 -65.01564441779833 12.30230731509046
9 70.0219503379962 -27.62012514035277
10 70.7675291389894 -67.75897439800494
11 15.826906161661896 78.9319230441086
12 -89.2037517357072 -23.561326352409907
13 -54.8936523561139 23.997601810502076
14 -33.42973253477774 87.72986607999252
15 9.167820931322808 -97.9404463366756
16 -62.55178561204018 52.435411812727864
17 8.99770701377767 95.00268346174511
18 52.55323691804753 -33.523535301880145
19 -22.977474832215776 -46.4086470149365
EOF
