DIMENSION :20
NODE_COORD_SECTION
1 -90.20217063871372 26.031249036492497
2 38.26101092913956 -8.715765296551453
3 -25.955350732122156 81.10661788185541
4 -55.35499930075147 74.68738238517196
5 8.966095301350933 17.355783403441066
6 92.23428434982455 4.953557874618369
7 -65.56200759193015 6.654558492916962
8 -55.111398103525474 94.33468683335215
9 57.08911980877815 -14.11282577623713
10 91.66303760921645 -37.19439545553425
11 86.6134169956089 16.458845832541797
12 -64.7471894752953 -69.0778726121902
13 89.99514704685515 -18.20397748254834
14 -82.31731900893855 -30.44584868945688
15 -82.28934123971888 -97.34996269733894
16 -7.9883034432766635 80.54773190555738
17 55.69716693044191 -78.69115114926856
18 -65.82439819279217 44.284187776874006
19 57.85527937178384 8.360751448612064
20 55.69082696346027 63.268288975562086
EOF
