DIMENSION :20
NODE_COORD_SECTION
1 36.30254707888653 32.89315777009841
2 45.929782784791655 34.779418195183496
3 73.28701613308962 63.754968903198346
4 39.7984351828716 -43.22413672104577
5 37.19466252143127 19.37988372743274
6 67.51924919156684 80.11423052842198
7 89.435369463869 -71.31192856857672
8 -65.06264217324247 -23.124406379590027
9 0.05319159232823267 99.00316857064396
10 -29.169550716481126 96.54709597253358
11 -52.19375565256799 16.48580878425348
12 69.87323997239702 -46.243862069310325
13 19.19469357414623 -56.7536434661986
14 -14.55585432263375 -54.36653140574479
15 68.62559359325422 -55.92265658434003
16 -40.829982569146765 -24.015808858909395
17 -78.3702115840071 -52.96451196546854
18 -40.54381501382196 25.35965688157961
19 4.022765123935827 -55.35799136918469
20 67.85069611181282 99.28741771897413
EOF
