DIMENSION :20
NODE_COORD_SECTION
1 -90.31255768088278 -10.45579181137073
2 0.5715817900496774 -84.64143866624032
3 -69.41955157983026 63.09675990122713
4 -64.89152721004952 -45.35892810110016
5 -24.80932142050591 -61.859031939157475
6 -66.3881579944245 31.054317964232865
7 -8.750573052745779 -20.038874056261122
8 -54.121812150066305 -25.579284169618205
9 -99.41489021898047 66.09374239610136
10 -73.37955306826467 53.96713981080052
11 34.42087742138631 -58.157323938014294
12 70.78509568075671 -14.058319573052614
13 19.487914663607484 -0.17064383323020138
14 -97.66296828406014 32.78558822714075
15 58.78393540501577 -11.215670706407053
16 -8.701428717321292 -0.4449672569215153
17 -16.967369806953414 40.57557167280413
18 -28.31949422009066 -92.29872511341968
19 62.3766793986768 -80.49204663962846
20 -87.95527975373616 31.982003255102796
EOF
