DIMENSION :20
NODE_COORD_SECTION
1 76.66880142589736 -48.731781635412496
2 -82.00431999396389 -25.467830342461653
3 79.78219874334002 -54.18202543240525
4 -66.99206398197224 -28.788878143719884
5 69.74732706763061 15.571861578607255
6 -41.59439455327871 68.4515786952835
7 -67.68455305789317 9.989743824110946
8 70.33939751751066 65.99721501792868
9 2.907285373670149 41.02663304846493
10 97.27075895126208 -41.1956488517409
11 5.155392145243894 -14.009492630975501
12 -76.46379204126077 23.507741005714095
13 69.68119531490171 15.924442659223928
14 15.251497347510636 40.50892106903805
15 -12.907605832949187 -78.874361345262
16 -84.00177683884831 -13.711972717861045
17 6.412798555560315 14.20291997711547
18 82.5870635942297 29.953884630199354
19 28.633387316398142 31.113421291902966
20 -64.70657108948261 98.71141009936696
EOF
