DIMENSION :20
NODE_COORD_SECTION
1 -35.20018710316741 -78.09184811711188
2 -17.68721631502963 38.83927947607637
3 -70.97172543536858 -74.54472990655498
4 -55.215419183387596 91.9349909691609
5 19.068055260060945 56.19892904032258
6 -43.41482163500612 30.59843115178029
7 -99.49417866539359 96.05058009224342
8 -57.808162250405346 53.38914798705841
9 55.43312899376281 -19.201232024640007
10 -13.728766194451907 25.80663953167577
11 -17.624752952171136 97.96244385835104
12 -99.75226231995435 72.2069322543434
13 41.50600216395398 71.8018928398472
14 63.95807612486496 72.98288950757629
15 27.649796758234316 -98.75949797144136
16 -25.399343123553493 -98.00031695777763
17 -76.70135073975254 37.73951963126828
18 -29.460659906210978 51.19092889429385
19 34.84854614387828 -57.29280431360506
20 -85.8769151062222 32.38510072024036
EOF
