DIMENSION :20
NODE_COORD_SECTION
1 33.77364433658488 28.397185559540333
2 -43.948706560305936 20.62520938008913
3 -91.3453429668585 9.29118320131954
4 47.9770143584542 47.724284696901634
5 -58.20308893474837 37.6062179255558
6 -50.397596326661166 -94.82916149979093
7 66.06379658159364 -38.057904077224
8 2.8466476732023125 35.98728394095568
9 37.54943903958156 84.15990159431482
10 -56.35065207381664 84.72008188218814
11 70.42154528000069 -96.91013853693138
12 70.9637766582101 -48.01052451448962
13 -0.5644915184540338 -97.90147750802447
14 -99.23910614079318 2.6061293094632845
15 98.32409454419951 45.09650469023626
16 14.205385655907719 -57.67569276987705
17 14.49361153083511 29.357211973906118
18 7.016809231418961 -47.28480622709659
19 -6.065939893641897 -41.4440829599626
20 -73.86975644884862 79.30808133787076
EOF
