DIMENSION :20
NODE_COORD_SECTION
1 -48.641722957122944 27.24621204473692
2 -46.02712141133731 78.0225432045506
3 71.49387245348896 -2.2411601944641006
4 94.66311189898522 26.679111520311523
5 50.66790058008681 -69.06343166766924
6 -20.071835813707708 27.519706136862325
7 57.25331824463461 48.192106433399914
8 -18.339677645642766 -20.772700425736133
9 3.801550301460054 24.96486440157119
10 -19.354290555115256 -5.323623825311557
11 94.7641784754939 -43.57066232694245
12 -33.10052087208426 -18.26266543624206
13 57.65973362213964 -95.42501627397834
14 -4.956506157169656 12.230299078726972
15 -7.469313165728522 -11.495484128992928
16 16.778412927775605 -52.38637767968832
17 19.262046612733158 -23.913368689126017
18 22.853854340935698 76.90628302114763
19 -71.69021886532745 -37.36184944394272
20 -81.45832892725615 -59.49243665673547
EOF
