DIMENSION :20
NODE_COORD_SECTION
1 63.828910226515234 -94.71337508137341
2 -91.84564649860498 46.27475830051898
3 75.65136131122193 20.461789273827108
4 29.44635998166919 -90.22107930547668
5 -37.88167853867432 -49.95624368389257
6 11.972080222289506 11.477169086753662
7 11.944877743438482 40.512441820985345
8 -73.7426875575175 -65.83567336052047
9 2.848468262094599 72.99611787511441
10 -66.55504252035934 -7.714764451630728
11 56.28157886980864 13.38036550531838
12 -86.88148638303332 69.13063678593622
13 -47.986587247193 59.93839855138924
14 -14.342172609067958 -17.644131530333865
15 22.952351692795034 32.75162574147666
16 -94.52409353969938 -52.42056984369121
17 32.82769256725214 82.97820881233977
18 49.33723786001531 -65.76742705140317
19 -97.17444953902343 65.0667006072141
20 -46.9403665616622 63.4951000617196
EOF
