DIMENSION :20
NODE_COORD_SECTION
1 -21.06520179905509 63.01618403927566
2 90.35021243112442 -66.21051919798435
3 -39.263384028614446 63.70647644884045
4 83.49483387370944 -94.2202973278535
5 16.56256833804703 -95.8020348527528
6 -21.4095287990461 15.656747653854097
7 -34.0634147273807 -94.67530280571563
8 18.66151419636644 23.69920074394443
9 -0.47381819354765753 -71.10987757730427
10 82.94432290162857 32.19876173328774
11 69.40062741838733 -96.73262601755204
12 -0.88678167896785 55.227527961516785
13 -93.57670502498716 61.46234990193307
14 -31.113662262501023 -54.26795765020061
15 -86.70502825130542 -10.966603079874517
16 61.48522651987301 -47.163940748904935
17 -36.0084604322793 13.050451149814151
18 -22.726409393895523 -93.35173837479005
19 -96.18396285142038 -71.68440580478992
20 13.002246594707728 83.53510883087142
EOF
