DIMENSION :20
NODE_COORD_SECTION
1 -63.3058623431705 82.41113182454583
2 -47.87012507477711 -82.90990794608874
3 77.59926159637382 -31.25993119415014
4 -82.52098049408593 36.0861351799484
5 20.410221706232562 1.4656877685597323
6 -93.4182670134297 -46.67876319944235
7 -17.516830399312994 -91.34645926261204
8 -6.217077831465417 32.61821928820271
9 -90.74852710191257 87.49299052727523
10 -78.82897020130576 -88.54669543418999
11 28.926347758114588 -30.989624486722576
12 46.5599576942478 -39.7486897933734
13 61.72421721976832 96.46561309733156
14 58.02466577985703 7.2595143827874296
15 -3.7998776871984035 -58.611328793942775
16 98.52683542456788 -46.55525467730508
17 -22.506912474577987 -34.998838272972634
18 42.018532555404704 76.27233893517825
19 65.7659429913513 -52.19243936944162
20 41.51338673481061 -73.11029321978823
EOF
