DIMENSION :20
NODE_COORD_SECTION
1 34.217164172862226 57.36592149361783
2 -22.268459246334487 92.83537887753596
3 12.239946992903626 24.299794840235506
4 5.936058807645779 17.577633408999915
5 -21.860703239988737 26.490232645062633
6 89.28967708791765 41.18738772972111
7 0.10232088176012155 40.85910776742321
8 63.63549537123015 54.57181408122801
9 12.735666868320124 95.76914227529372
10 7.414496778024343 -90.92906332286938
11 0.6617314765686473 42.42801089894553
12 21.10648259541206 -85.89115736193659
13 26.534176362167685 -96.30332994071375
14 -11.101447385864006 -28.8244659224205
15 80.11454417365536 -49.17932813802928
16 55.17997925017508 -79.85359273367938
17 7.278448685892158 -7.607624407767986
18 96.3139043387929 98.36063024003857
19 41.29625912345176 -75.10905037107452
20 97.23785702322266 68.54349444092219
EOF
