DIMENSION :20
NODE_COORD_SECTION
1 -71.26196434813428 14.965331088496697
2 41.87128197153115 61.113972851817664
3 16.9811878784883 10.134636251255273
4 89.11965047598972 95.32631192116352
5 -51.9117688201179 16.06588012853831
6 -72.47986123784659 78.33786189339344
7 13.167479851437463 11.136072157849313
8 93.51951254876673 -11.28253510570731
9 -49.68012243030944 -22.60524341681902
10 -11.406797298228668 68.52075122683021
11 -88.58953920122335 34.083208595364766
12 95.41986707773191 16.058158501080428
13 -23.62805864875679 -55.84887849519755
14 32.326015452102894 -31.795971812447092
15 -5.58342150171481 31.39891777186378
16 -74.91621380221704 29.113201819742187
17 1.259131641903906 -32.83703702767224
18 -89.50311569819162 14.125632843775705
19 -87.56973719624767 -62.00003195044501
20 2.8108819117311157 -79.19639241304155
EOF
