DIMENSION :20
NODE_COORD_SECTION
1 24.98625530949596 -10.384074783299809
2 51.83596049852761 13.460247874182159
3 73.39756053126953 57.32400979912015
4 -99.22852272844693 -86.79809458956282
5 -19.87483453013678 -60.39505055428456
6 -87.92648327515953 -77.57865707287696
7 17.370438999797315 48.88239262664072
8 -28.691993332081836 -19.157572422972493
9 53.71053461100169 -17.585119360100038
10 -98.21641483898496 -50.368727377238606
11 97.80812400104381 -3.7548615094265045
12 -73.13999924152021 -49.247206187566306
13 71.11075292621959 -63.56365863244815
14 2.1793090573297462 50.66566684767079
15 42.43161222110123 84.36427080152552
16 -93.33117544415227 70.61280123200942
17 39.53017569780272 -93.37690605414917
18 -70.98383819174646 -69.82156977751097
19 16.28767769527748 65.14179869030269
20 15.418475031898566 86.44705163692524
EOF
