DIMENSION :20
NODE_COORD_SECTION
1 25.597015647236304 -18.560849956118687
2 -82.69390316231049 55.89908961699527
3 42.04272094835204 -92.0945468363803
4 7.403201257019788 75.74470523901266
5 27.546033083128037 -44.92772424104534
6 99.57851606608449 81.3391800182489
7 -57.97163935656857 62.42924833739099
8 -11.659030605149923 -51.36849215678856
9 22.170354846917675 76.17869509872679
10 -89.68524767126019 -72.14382121870449
11 -28.035406002678258 59.66412182114189
12 23.58109319963566 -23.135978969339916
13 76.93560587576255 -22.75220402826102
14 -71.03565502787148 76.04731952044963
15 67.10658278919169 -11.906217748207041
16 -10.70122495627659 -38.19616519398783
17 -13.981314170333278 70.1017495102241
18 -99.43604785602447 89.89824316876599
19 -63.414600084389484 9.27603235192717
20 -52.121698904768095 -54.25614422924192
EOF
