DIMENSION :21
NODE_COORD_SECTION
1 -40.275770303074744 25.570303159197266
2 96.59053972661687 80.781709722015
3 24.18973300082176 -5.758958967217339
4 -73.55043623926503 -5.677311050846384
5 15.492947696404187 -12.576902189931744
6 45.67380782534957 -24.48834370391313
7 58.18615460342062 45.2430768870928
8 -19.257579679741 -89.70085788755564
9 -72.59819866927177 47.30479333833833
10 17.595663549635773 85.63171546553804
11 -50.77885013244292 82.70175659752533
12 72.4577161194602 19.69599705020248
13 -11.568982308830726 -90.84735374310402
14 75.35573540047028 27.712000885898163
15 75.310350818138 26.77852957271425
16 -26.065958634192924 74.28293787736953
17 -94.68487860443324 25.829731349287968
18 13.01392631454705 87.7225540464608
19 -90.99352591934107 32.70920851434141
20 -25.54898448490465 67.44531260024442
21 34.29368507346584 74.92850953451781
EOF
