DIMENSION :21
NODE_COORD_SECTION
1 -35.85968529471795 59.02805982597232
2 27.77026672960787 60.87790337716427
3 16.76517965243869 76.25944710978288
4 -11.120136446747722 -75.87341937746024
5 63.321720707422315 -10.932963116973937
6 -65.81118876997829 52.15207158623204
7 -87.3515900917249 8.885047767877424
8 31.369145619186895 -13.294739553630563
9 7.431165034172736 -99.79092326256465
10 65.67992733792545 -17.666324947732946
11 -53.88838586036486 -46.376718732907584
12 -55.141375918215886 29.40301696235818
13 22.783377960279182 96.8854318654756
14 -71.68540284037144 -57.7817963892399
15 57.32369055650045 83.16289962115516
16 63.516512719823794 19.01278080686967
17 54.609183834608615 -11.32337970759562
18 -5.307857955107707 -85.63552746277895
19 -20.483614746776468 76.42423375555734
20 -27.5645530560152 -70.36610741602225
21 -36.491211723070414 38.317521060679695
EOF
