DIMENSION :21
NODE_COORD_SECTION
1 -62.45744556573942 -76.68771711980844
2 -31.035806267326024 -85.01650369616547
3 -21.625317927399706 70.7034787394031
4 -71.00264996364054 10.642419243496605
5 68.27266294769564 -38.84595963871249
6 53.38465323858986 69.89014032853305
7 -21.975678759586344 11.084902904794163
8 -54.70090530569615 63.87625070154786
9 28.112440237672217 92.3666309101574
10 8.915319214276195 -54.716469502236386
11 96.44772190347732 28.11965373764417
12 -55.453822524176545 74.67828262481152
13 29.51759996216964 -8.190163253860135
14 -74.1763634956537 95.21519293399635
15 -81.64160841906394 60.5487985690807
16 -67.46135079019835 38.344460685762215
17 -4.515161405684751 19.797458454172514
18 73.10597626590607 -19.917131026441993
19 -15.11239624677738 -5.789625684367266
20 -27.778367135932086 35.57474974289224
21 -5.564097303210971 -11.852529819897867
EOF
