DIMENSION :21
NODE_COORD_SECTION
1 -59.49581820679051 44.62608675740174
2 -47.80515739921047 -13.29059685590228
3 -46.42498819084084 -77.45794767482188
4 17.71043748277701 -28.071875533214936
5 -22.594084197605852 15.877882286589397
6 -37.856918218376535 47.893229399587284
7 45.29194070953949 98.56709015219056
8 16.729294360498997 -36.67856061390105
9 63.652415950253896 -35.83163532359346
10 -33.4622191669728 -33.14521467186964
11 36.33916983612119 94.68331054589208
12 -62.75162841894995 60.353006504875
13 76.38157792074824 48.624113836390706
14 -17.042742225842915 -12.606494191370516
15 -54.12718405483889 -54.58759502964081
16 -3.3300397952074547 -15.45154518456846
17 -3.0717487683524496 6.979704073310927
18 62.994984530069644 -2.5773517495405684
19 -99.8765569155288 -67.5211137189951
20 51.6525973839081 69.09989384669944
21 41.545702184818225 -71.69491720889177
EOF
