DIMENSION :21
NODE_COORD_SECTION
1 74.73645903337638 86.29558215764081
2 97.87511115099753 -18.78329524104501
3 90.16874377423929 18.920385665417584
4 -36.844105245865634 69.17462527648476
5 25.388354268873584 -94.254017861539
6 -37.93663375889831 50.749773557363596
7 -87.69225428140994 -44.74067896682416
8 -79.49337741257895 2.4609664918846477
9 15.953996965249459 82.2981166037527
10 -45.58462257641467 -44.5827956440912
11 -6.839783709557452 -91.89915407483859
12 -9.503791511565822 -1.8379803100792884
13 -39.70588675767135 -55.482436239879426
14 75.53343326524919 51.02302954710726
15 -77.74838695538698 -50.57625869038047
16 -58.20554166405161 -41.12789100649636
17 -34.08022980103944 -7.0815341594831835
18 12.700980829045832 92.36590324447428
19 -46.46005785765046 -42.32267780056049
20 30.778956995750406 -77.84980973321404
21 -35.12132715757079 11.869398421723304
EOF
