DIMENSION :21
NODE_COORD_SECTION
1 -6.597085056961419 -20.92712692619041
2 45.00171758108621 77.4571172375681
3 86.21631630118739 -14.406530019620405
4 60.61959264093434 -92.1305666440942
5 61.767738448302424 77.2379964888797
6 -34.90465377640449 30.202361883325494
7 96.20184630203644 -41.45225567074042
8 73.84208394449925 41.34948516714991
9 32.97864046633353 -64.7405786012786
10 -96.71095749247121 45.821355630968156
11 73.77384033619282 51.37983179040086
12 62.43326072941528 -71.56073208672208
13 94.84716775187266 98.14111858439077
14 -93.99279490391169 -66.48048631952116
15 -39.362466982001166 32.6599852413008
16 48.85336330191831 -39.265040184192145
17 -17.67929330193887 -78.33648223905361
18 -17.301473220811587 -43.99529538051779
19 26.291677300668923 -65.5668379970754
20 59.371854853481295 75.17678317569852
21 -83.98964394418276 -50.84245147084307
EOF
