DIMENSION :21
NODE_COORD_SECTION
1 56.617774684658656 -83.80421046315472
2 39.156201270351175 -14.124426985679662
3 12.574707502765875 87.06669377548644
4 72.01203369829958 35.503889761478234
5 -48.94292784462586 40.394885328449845
6 -74.29281808855475 40.401100788585524
7 -50.56370423882797 41.05138847666598
8 51.03740777178601 -60.479939509158484
9 -97.97024935892946 -66.81601723012881
10 -0.9153600155330963 -53.44511073624294
11 -39.898557022583645 29.60111628848577
12 16.858566995140947 22.29198364075664
13 -65.19991872497717 29.207020329313224
14 -0.6521220734239392 -21.334855533525413
15 -8.370530172813773 68.08490846840206
16 13.783146717073464 -73.14990116358051
17 9.772761342325879 6.114299264788087
18 -77.73506010299099 68.64758674777516
19 5.56862562232368 78.54746157701624
20 20.512248986638554 48.56840504876064
21 26.664106982244192 -99.24087992041082
EOF
