DIMENSION :21
NODE_COORD_SECTION
1 -59.533105154734486 -65.849324143818
2 -89.10103832362879 26.664647078633138
3 77.85139794386126 -69.27264179632249
4 -65.45665837218266 -34.31730362680021
5 63.217896268692755 -17.091181537590458
6 -11.27109680835865 11.677623530711799
7 90.49010413413981 -65.43043327030455
8 -76.79264520739258 -36.60903910509366
9 20.475502269901597 43.21584993786749
10 -5.917271300222282 -89.39027905514448
11 -28.296991380980344 49.82689480687873
12 -21.826783865595417 95.9713136749215
13 17.97239395917329 35.5607967184489
14 81.69769499656405 52.051678918111094
15 -84.2583117274297 -3.2967766207821825
16 -33.87981257807111 -35.64688576743187
17 54.20536990138868 90.5262334913069
18 -50.6629165625992 -77.27768090117357
19 71.89266306450429 -42.73658440489862
20 56.993462571704896 -33.10674635063317
21 15.841864782967946 7.196811936250242
EOF
