DIMENSION :21
NODE_COORD_SECTION
1 96.56650263516428 6.26340874292157
2 -67.11681570105479 76.88995561830623
3 -94.04452593243498 -0.32378151943417777
4 -22.71091716625739 4.8905674526249925
5 -11.330683645023214 17.8963986819805
6 95.02776955230195 54.765468544213405
7 89.30453335535026 -20.370983937692543
8 -97.9180286646471 -77.88076735083116
9 85.85749811966713 -48.65280983889018
10 -87.22830190655762 -97.71261962641111
11 79.51697000843393 -68.14262169465778
12 -6.253695003693977 66.68376625775778
13 -52.0658507803492 4.445258603037033
14 20.28770515627636 -1.6790550412296312
15 94.56907825590005 32.6093250450173
16 -6.2069039055249675 -29.188541131133945
17 74.56392650671279 99.80327832558149
18 -57.217787472421435 20.196889424018067
19 6.6950788823692875 49.27247572624452
20 -25.499373500852002 -44.759293569514334
21 -8.692375883997244 -33.01635667580389
EOF
