DIMENSION :21
NODE_COORD_SECTION
1 -42.24753499695062 -16.250184859279955
2 -84.57595850606961 -41.14544688400699
3 -40.50210292480738 77.97792673438258
4 27.001354034096423 -65.42328388614604
5 -83.18617861786521 -29.244642305361992
6 -37.72177724115937 98.87129480727475
7 -19.078019089723952 -86.1789508787639
8 32.08233333126435 -35.948084818038154
9 22.096767299345203 77.55239534928751
10 71.46708405644554 -58.92600181832783
11 87.51067208432457 -3.3325424343674683
12 23.577608710754447 29.941127878180055
13 -78.33685908175904 0.5579340241164346
14 -35.46667147167737 19.293570256285065
15 57.284596490797924 -39.9782977766717
16 -66.82397524039186 52.43602176657521
17 66.83406658041972 15.952818107738281
18 77.38375349462632 41.47579726483431
19 28.185395597956955 -79.41414438189673
20 57.752693653371864 -33.09344537263624
21 -97.17644671140317 18.180596425065687
EOF
