DIMENSION :21
NODE_COORD_SECTION
1 -40.199574494229395 -13.113087866086516
2 -49.150827638612185 -80.42787418521387
3 -42.55416653597077 98.62726813167211
4 -85.68408772511273 -16.199583938126622
5 43.37223502644642 43.71217392550216
6 88.9019466529594 10.072599451861805
7 95.98211031446425 29.849776044114662
8 -26.35671172371805 64.6001556879414
9 -11.996902751975654 53.45380518360781
10 -60.56666824576724 -80.60768229335494
11 -41.59321596940937 -49.3723021038462
12 89.21953729949234 -36.12394155129539
13 67.15309607277464 -21.46550024248957
14 -3.69533493097353 65.25204398313855
15 31.374886161765914 -65.19973402359437
16 -98.11330665690787 99.78513418108815
17 -98.03124717066329 -40.487294521555015
18 28.94789252000686 -45.23314662013092
19 81.159677866561 32.5409027744559
20 -73.16968800657395 -90.3234462294487
21 -95.54125492492412 -21.683973117469662
EOF
