DIMENSION :21
NODE_COORD_SECTION
1 70.18708149384429 15.36764806537559
2 -34.8641133244473 32.852750726691085
3 -56.89527854146834 -59.04551417716482
4 -21.96809194228568 -91.61044905902182
5 45.89084470289586 -52.72790248350443
6 3.602126861928994 38.47259720263543
7 54.43045993680943 -67.20505165700135
8 -87.37623494062811 26.306829053189816
9 -69.60255445248467 -20.78658150865023
10 11.51554143347009 9.307497156219696
11 14.899262918538355 2.0499118325477497
12 -78.24673967386677 -10.85365634075896
13 -10.882164313847653 -53.8708898596155
14 95.63280519391702 27.59011619543861
15 -28.638092982922146 -82.36785885926672
16 -71.87219425476329 34.724310846998264
17 -79.07725488322089 -52.99654045213049
18 91.19090469472835 -30.680664832272527
19 1.3515441852269987 10.768262260030298
20 64.69905628218461 95.51016248931913
21 19.25355002859159 -94.64258787656937
EOF
