DIMENSION :21
NODE_COORD_SECTION
1 96.8520560120088 -12.17611024441068
2 29.04871934260015 -11.803815993314103
3 -55.25980608263954 -24.704883381295588
4 52.531422307357786 35.576722263441894
5 -45.14640577066742 -65.9274036191757
6 15.206073557248416 26.223930564530917
7 67.36457852991799 3.555012952485484
8 -49.51238220383372 51.887836053431954
9 9.98951898542326 71.39037803177942
10 28.99131876392792 -19.741300723860576
11 -12.41367509830873 38.29597462562734
12 91.1673756134218 13.734228709398423
13 -15.61587790599232 -52.36398361287948
14 -40.71780048658309 7.0272248422770645
15 -24.200549492273154 -36.91164964390723
16 -93.34228129872074 77.43314572214697
17 79.01989354680262 -38.47946145235128
18 59.931673492967946 -84.00872628820981
19 -14.987386885458577 -76.76526072989844
20 -10.796614646580508 13.437185730239293
21 -90.65818467459346 -51.97007859427573
EOF
