DIMENSION :21
NODE_COORD_SECTION
1 -27.28051250214267 -76.1722928641263
2 42.353613381176615 -47.530052911630214
3 12.258668273134774 -12.372120603027355
4 55.32857518634981 57.817395162105385
5 -50.58070275790991 93.45280019529608
6 -30.25491622893277 18.755628569033547
7 91.05702274224592 7.193663925258619
8 -58.32435777825988 -78.27837073879445
9 97.58352972936328 8.699933021888896
10 -27.53651409599489 80.49131570849795
11 77.89441321427583 -37.95972440368212
12 -58.38293675770991 -12.483007751588104
13 91.20716974101421 1.2689063304512445
14 -38.379829692307396 -29.590484314779502
15 59.501961044596754 72.54817485932324
16 -77.88013349888433 -59.78325137735163
17 -82.89067533317633 72.8922925167742
18 29.43086996907948 58.18898611596282
19 -71.90942750995359 -43.53889325183653
20 67.02178851491334 19.01110876023779
21 87.40823881288864 -58.75295974022274
EOF
