DIMENSION :22
NODE_COORD_SECTION
1 -53.95062931779107 44.30127973668442
2 45.25214109745164 -7.128296077066395
3 98.0522016471341 -98.34501205543027
4 -49.660609174547645 -95.19938010388348
5 94.57432354031198 -48.13429693673243
6 -29.381182526212243 95.49839288129556
7 -23.94736674748097 53.88396434586363
8 -37.24638004957082 58.990150608283955
9 -67.88203413315998 -25.63684434779661
10 -73.2375987405861 31.091897443930208
11 84.10774696591449 71.36354755042265
12 64.74462469536056 -19.80641055108336
13 -90.59608765207427 42.46615600179612
14 91.79815468894714 90.03075007465114
15 15.292710471733614 -51.44260983663944
16 9.657480574491899 -6.931106116526962
17 96.01937220502873 52.084598874766385
18 45.18276146911333 -68.71082867787335
19 13.937376560197222 -32.62842523368607
20 28.681353328082338 70.5775057259099
21 34.12856402428744 10.622197242232659
22 -58.8548867771038 -24.416217384948126
EOF
