DIMENSION :22
NODE_COORD_SECTION
1 97.23502274133193 -6.753096880569089
2 -51.18731092331264 -12.056581293273567
3 56.373779346371975 87.1339467405451
4 25.550667947840708 32.28238612621962
5 -95.28818577103308 -68.87450667780423
6 28.26731225779787 -33.458906785304634
7 9.514864141121237 -75.5630679630038
8 67.12448708840927 62.60668440526351
9 -27.12031513392445 -78.19350829510338
10 60.89672294777452 -30.26817514930491
11 59.95859635685659 -60.59041916181152
12 -13.822160082885816 -62.32181962484597
13 63.91899195797359 -40.55190908501607
14 95.36903411248062 42.48084707496267
15 -44.43128461144114 69.28502356473734
16 97.96138564037383 -8.182741769857387
17 -20.94521836668754 -13.966139035987084
18 -21.272733158167995 92.6283630934046
19 -50.2305341381109 63.80119023102918
20 86.78674544069511 -99.4462050954977
21 -13.42561453610216 -41.67989925553446
22 -28.88343129869584 -61.0931334623175
EOF
