DIMENSION :22
NODE_COORD_SECTION
1 49.16785289699732 -5.546367433551083
2 -10.552447303945229 71.87433426696936
3 0.7172179944993786 -38.62308354186712
4 -84.02921933749008 32.85641892851021
5 -61.82881942905168 -68.9898725500322
6 32.550241470695596 79.11799531934491
7 85.29602418616253 99.20054852838786
8 52.249274417302615 0.13667013795691219
9 64.15427026454174 77.08124171855812
10 -10.013568490697452 -20.88074221612446
11 94.13569083859576 -3.683327510235273
12 29.612791173477945 41.5935209960781
13 76.44161625871325 -52.80920864888798
14 16.106230763253777 40.59296181875479
15 99.06268832181186 31.892255672263644
16 48.25490283865389 45.65269721608658
17 98.26701326636572 -82.10932003122392
18 13.80383385146709 -4.001517297167624
19 -5.1579567292081805 10.086683344203777
20 -43.109910649456104 2.725007788239324
21 -13.189792485414102 25.457746915249572
22 96.69346720247867 -59.57625558781145
EOF
