DIMENSION :22
NODE_COORD_SECTION
1 -6.834069472489006 52.88030646924952
2 88.62282993696078 -93.68597480348706
3 65.61330683749637 40.61207829102972
4 43.33713739251402 -23.498273999328163
5 54.50618419317962 -89.60179269222053
6 6.871343482621995 -54.142590518806585
7 -73.91922058402096 -33.39236324665582
8 50.57507141517067 -18.27630327238687
9 -70.52224428008086 -52.679902979401085
10 87.76149706348801 -28.56709504156227
11 32.83706216322312 -95.42962673989884
12 -87.77346143771274 63.40537002917256
13 -62.13032518711734 -74.45337978024645
14 -20.774976334611168 56.175073037912995
15 20.64185283501338 10.105236219476495
16 -29.90349777162136 13.693388248643927
17 -96.46597083890481 28.753895361132408
18 4.584915661177689 -15.32418678069844
19 -98.18689280305799 -74.7065398638962
20 68.99778216784378 -65.57931736075513
21 -92.01659856833373 -0.40155012501699616
22 13.702326266542826 -40.55716029161589
EOF
