DIMENSION :22
NODE_COORD_SECTION
1 -0.8046238366056855 66.99951404693826
2 71.98271701723826 54.88713453651468
3 13.372072732495411 -45.252524054659474
4 -2.6430772044572706 47.02350765028791
5 -1.2257608916386147 -59.07429537524318
6 -16.956192170994782 29.330866278021887
7 -29.51916877150775 -24.869438957076383
8 -42.34356099056733 24.254616375542298
9 71.44893431442654 -67.01229596804805
10 58.05560708813104 -40.91540786657832
11 -60.95146544724184 -81.1394965392747
12 -65.09127711485097 67.80189960719366
13 14.338110950659868 -27.15125158943374
14 91.62971465159055 53.505578776280004
15 -3.3004929134528 -39.86465139820239
16 -19.09949598125567 5.5903422655575525
17 -90.07304971325236 -14.221943620461587
18 12.075972063828445 21.510477029228568
19 90.591826703355 74.33213061701468
20 -66.87396253435159 -30.120725039290576
21 35.4812898597055 81.22905606096131
22 42.36990880402587 49.81725220936099
EOF
