DIMENSION :22
NODE_COORD_SECTION
1 -38.17550866943478 50.53765285020785
2 -3.6100402375936085 -3.124602721163285
3 -7.632567342069123 34.73962918431553
4 77.5839505996266 7.679597510154963
5 -73.6504711092581 25.779055464579486
6 54.9382109127271 59.80610657471391
7 27.441890697750495 -27.510903208360475
8 46.18457605284024 -2.8399936068727527
9 -79.55568176013507 -99.98207202081448
10 -73.7354857695721 89.41109916649671
11 14.622647785930212 -8.643349924766966
12 -13.236111684439322 -86.82406527066293
13 41.3262300932019 25.409624728973498
14 -19.16546156771433 -44.49541285511576
15 -66.3007640231311 95.1728617197709
16 56.1234074477716 -42.52392938531304
17 96.0261460886141 -99.12475952808775
18 -36.41851195406674 77.62049701067892
19 -88.7718581355476 -84.5237047164419
20 96.62657353381849 -51.95002772737411
21 -82.74602841080691 -46.29648282232248
22 -37.01489158460931 20.594462198028367
EOF
