DIMENSION :22
NODE_COORD_SECTION
1 62.907520187929634 74.51884711554118
2 -82.5512065831314 -42.557928966227074
3 80.08633630042047 70.15927147800593
4 -14.139324679828519 -17.974757134363443
5 55.80933854738606 -23.154056493235203
6 62.56368768166237 -7.026920414666876
7 66.3828725702771 72.18043295488965
8 98.32273031362496 -83.0977938270522
9 -28.120100279489037 -72.35969404216824
10 -11.35288497737703 -26.08738036528004
11 74.49111141450214 1.806911984170398
12 -86.62843892405334 -51.561092580584436
13 -75.36604719172435 8.427822586734663
14 10.533819092698081 -39.43820750431555
15 53.609839889094275 -64.5813813207234
16 3.6711663795619955 98.74786385774667
17 12.576452440360384 -6.552128355726055
18 -31.74024702755422 68.14969915674871
19 79.82842211041608 6.5381334370375015
20 70.87215411639812 -66.98754116878303
21 -38.14353997917135 22.154887697033644
22 43.73018111048239 87.39714974841436
EOF
