DIMENSION :22
NODE_COORD_SECTION
1 46.66829138940969 21.45924312969963
2 91.90924103440804 -16.338368013708433
3 8.895637025234265 -80.95577924897586
4 47.84539570230265 -29.93938122036836
5 -25.98130679838799 17.167365608332446
6 56.47102484496281 17.80763418363098
7 31.024240805059037 -69.87990269113453
8 -0.27989360053307166 -43.76073040952817
9 -14.847441610793297 -68.84778863798005
10 36.33803337444158 -45.78310901144506
11 -28.34582924683977 -98.33165310601409
12 -2.042297291393453 -49.5957969678378
13 -66.99116409236592 7.3403829928420095
14 16.13357907839186 -13.425349038446967
15 70.62363956721225 -38.970445306418064
16 -2.6923495759339175 79.33070399625299
17 -35.74639261042796 -33.79881343717706
18 10.532648901311092 -9.968792298487486
19 15.86477369214711 99.5539177561435
20 -18.120407741716704 -91.61303456508692
21 19.386310325098634 -12.125570640137255
22 99.80820693579474 52.09885006335065
EOF
