DIMENSION :22
NODE_COORD_SECTION
1 -82.30538229841997 -68.40099897513517
2 -54.54053066704003 12.827326737700389
3 34.85452235170578 -95.09121839652201
4 2.312403871508991 -90.91770719665418
5 67.08543175274627 11.766589380451407
6 -88.61575645621393 -8.932254386661384
7 19.406448441787276 59.02642490247291
8 6.540217944379762 -86.20089906892858
9 -33.73314412037472 53.345477385930934
10 -25.12436355504137 52.582728638337926
11 -20.979857589279177 6.904854421148585
12 89.98948859173078 64.61639397709115
13 -21.43323205511085 -82.01670392061507
14 28.352219583438625 -3.3262920918428023
15 -98.08297710431168 -51.61306681436819
16 -92.77397164355384 30.114051234460902
17 -58.84834104474068 -58.972514982925084
18 17.947383031172578 -33.6264914433585
19 -35.765368515977684 -26.519968769388043
20 44.98324655508321 99.25635556740184
21 -40.64102033755466 27.140858308248255
22 -40.97611591615256 -5.239213676904171
EOF
