DIMENSION :22
NODE_COORD_SECTION
1 -90.74078636265767 -64.53011610241398
2 -90.7395565292062 -5.826657512058503
3 23.26170461461882 -89.1171540972012
4 54.92622960820253 -19.741253178485437
5 -6.4515382562669 56.02713429156162
6 -71.34268850074426 -94.15642294305124
7 -41.68411887625674 60.86187791628973
8 -69.8753781507663 13.77972435591262
9 16.853855515639736 -2.1216869369310416
10 84.77551960366026 -96.79643786275578
11 88.10956395818192 82.09143462742861
12 9.149312877438192 -17.117079234873756
13 67.80872104702678 86.69519545610646
14 19.394384452920562 -43.07267156517825
15 33.82304812389958 -65.178187429903
16 -42.617229390177954 -92.45942761965719
17 -30.800816907949354 59.13499625001674
18 94.1693726511183 -98.59146466954844
19 -26.759056229150417 23.525895181867142
20 -62.855195352929115 -60.5206000369819
21 13.26329200638466 34.969572874935636
22 -84.91776794123432 94.30736112743082
EOF
