DIMENSION :22
NODE_COORD_SECTION
1 -21.12443243237749 -84.56508616181503
2 60.575354382834945 -69.20331237913553
3 28.952701561397532 60.76003950973987
4 97.8814649113028 -73.38479462663294
5 85.15260505400613 -39.03100260410497
6 -9.898025308804748 47.92491138662612
7 -4.990583147252181 7.530120520043184
8 81.61690576766986 -33.777922650901786
9 -19.735254354584924 48.15686506028135
10 -87.2600410168985 -96.69484269046278
11 64.44656815678152 -27.901852976707602
12 6.044947121780126 78.8596353154571
13 73.99340161712024 -6.439529670141695
14 -26.188555180879035 -59.5083729296831
15 65.34683709645245 -59.18814852280039
16 -32.530377286563635 21.748629174739236
17 -62.33788464257493 17.306638364983186
18 62.776021434122725 -76.9203144540777
19 79.26287529561307 91.209446169176
20 28.55352387181557 91.35158909819486
21 -34.30698659188944 -9.014629216241872
22 62.18033256943883 -14.548547949764796
EOF
