DIMENSION :22
NODE_COORD_SECTION
1 -48.793628166635486 40.46987407925869
2 -29.47316040029932 -38.61015501708687
3 -67.78688893531117 -14.588646050460568
4 62.4852444616746 22.15320069300857
5 47.56149825276387 82.24870203440736
6 -72.4582684466779 76.26134671794298
7 -34.40655239074162 88.82145659178227
8 24.866366132190336 -56.91773457352711
9 -9.55189906715708 93.45534275994041
10 99.51959136459337 64.44140472513197
11 -40.598930180992056 11.512273015359284
12 75.74911215853322 28.33740512439107
13 -67.25083637952712 15.722749895838945
14 80.34756656487818 -95.39513896881535
15 -77.39094354730527 72.1085349088122
16 64.02137247013852 80.44530623578743
17 -29.52517114497961 -81.6575422693796
18 -82.17717097190258 39.411599579067854
19 -71.89405854694589 17.681408033837613
20 92.04895277690298 14.344993596727122
21 -77.70629121768164 49.147517948370876
22 -83.38777225100912 62.9281789832996
EOF
