DIMENSION :23
NODE_COORD_SECTION
1 65.65523027386041 -48.4543535312886
2 -15.513662230635688 65.82692881445007
3 10.239521011871403 -18.96494234374883
4 -79.90493499229223 -56.03250360327192
5 -70.23007233907688 -60.059347469168834
6 -37.58928008659315 -89.12111277329464
7 -16.458284994720017 3.9266051198241456
8 23.825706436053068 -65.02409943305831
9 95.39583555922181 -87.44067549566856
10 25.171668702662345 18.617344491134503
11 -97.26553987636473 -16.87406250582613
12 -90.51919066441287 -40.49806726896061
13 64.00298949372566 37.75481027113949
14 5.684062249641798 93.81403793281308
15 -70.30154474815919 -71.75635558355779
16 82.95048662206759 -1.7992918345042312
17 98.56558352667972 86.16467825587875
18 -31.40121987430065 -88.54976378784602
19 -21.50639952023039 0.23070335112147689
20 -84.0116150360092 51.78172515627608
21 -49.27188734506949 -71.4304609154949
22 3.524196299904304 51.94415248378289
23 96.36429724987053 90.4687814054158
EOF
