DIMENSION :23
NODE_COORD_SECTION
1 -58.803347672522065 -37.53455431061239
2 74.01290342958774 -72.05958881463445
3 -80.38888857712774 -10.771047057587978
4 9.501678685168557 -48.17972586978525
5 -52.94404368769452 27.872904177786424
6 57.223989047451624 -3.8666432983171433
7 91.24611410444308 14.175302564969215
8 9.297927031423896 -83.16939488399011
9 8.12815184904045 -85.44823265558254
10 9.81296052837186 -39.332121053835834
11 95.23430553331485 -97.8887298778271
12 -69.1035965443312 69.86479626811939
13 -5.051000439468993 49.3983340194967
14 -81.85881425696593 -65.35802539335393
15 -6.139104139819082 89.12170633755005
16 -79.97491140184485 -17.074875144738357
17 -28.39983351701649 -47.04137728007262
18 -11.196943616341557 -54.08170140872433
19 41.037182613771904 -11.43712966960247
20 -5.54407719346672 18.912749941025837
21 91.44539480975783 -23.806163077705065
22 -71.36969659596451 -51.38802413683678
23 97.20781413833487 -81.07711799853942
EOF
