DIMENSION :23
NODE_COORD_SECTION
1 -7.893958031603731 21.417480824334362
2 86.87292352661206 64.16236371137828
3 -42.82079475317253 -98.46608525936584
4 80.84253286163818 -70.69821330051994
5 75.45003407057723 -26.583733985093772
6 -99.29940385881102 50.52449807381748
7 61.85699260708981 79.9959601503675
8 -70.83137366720055 -48.58246790085992
9 27.39951464621764 -83.71343423016626
10 56.899757648815125 36.776193140000146
11 55.843620115574026 37.384124737867864
12 -9.199640582226337 -42.95595826305201
13 23.806197826162403 70.54096567753982
14 18.294262178696357 60.11805099554874
15 48.9652191215788 82.90610370222339
16 22.921640923773197 49.787692586159295
17 17.744786487673437 -50.31078333302974
18 28.89083900384429 -96.13416500603901
19 -8.32453098586376 -8.080588902623347
20 15.678145886392784 70.1083945283244
21 -79.26812241147287 -91.36604090949206
22 -11.502937637105262 -45.69130415995559
23 2.30110738398443 -84.75374146975759
EOF
