DIMENSION :23
NODE_COORD_SECTION
1 -1.754942166444735 -66.59111414021913
2 -4.192281675675915 33.29596395075848
3 -94.65142595019034 30.95990681950377
4 15.383394817834883 6.938139008064127
5 72.74103404681097 -33.5940986751545
6 -48.2684816457408 -96.95222297442179
7 12.053259556018943 -53.682543982812845
8 30.06782564319144 27.129703785486072
9 -4.417947032856958 -85.78635355342969
10 64.8648379818473 -90.15889691475604
11 -8.107734080270276 17.5915637444334
12 80.98522989416469 -84.98424516541903
13 37.93107539136932 -20.073431303812043
14 81.8407626284937 70.61863280797414
15 -79.51234691508566 78.2597203057584
16 -92.57056328490947 25.298045296880673
17 -24.816852915126347 -61.09706240232913
18 -23.919734099869785 85.74166315239827
19 27.777211526595977 6.9564563703887785
20 -64.03838935996262 -26.1682139235335
21 0.4291859962271616 -80.25278726893264
22 65.88547302951929 57.634234282618706
23 84.65327926414653 -80.03912517698774
EOF
