DIMENSION :23
NODE_COORD_SECTION
1 -47.01771270394652 52.26100970321136
2 -0.7829243493062279 -89.89208644985824
3 5.463946146496326 -42.922916399159014
4 30.004902077339693 -12.34619355900601
5 -18.299621063175067 42.90883932372813
6 37.892134950277864 -91.22001008133702
7 11.170301043294174 31.166727476907454
8 -33.128191007140046 23.796115815877286
9 -80.32966148705478 48.856261950703725
10 99.52377827513249 -70.99526985971619
11 75.53980287451992 -94.91799837170178
12 -72.39403588245841 79.85885444716183
13 42.133339665225066 18.21012542899463
14 27.83453661295998 32.64990151417575
15 63.57400211713676 35.22404946175004
16 32.092539900611285 -62.00142870767631
17 5.54566911726242 -68.90344348159792
18 41.658023071601434 -53.66444036096667
19 -51.13949515437051 -46.45901369156253
20 -23.355679027585637 -46.27711710255473
21 -9.236425473906706 -12.706877956611493
22 -25.3033591280072 15.780688894694066
23 -52.58668004357438 -47.88558418795261
EOF
