DIMENSION :23
NODE_COORD_SECTION
1 42.75964273949802 -43.470081742691555
2 36.360160447883885 -90.31685131397006
3 73.90448963117328 -19.734375780346824
4 -23.404966435335965 -38.69156416550397
5 -51.35851849189732 53.58635196923899
6 -31.1647187502531 11.206014857308517
7 -57.95870870656592 -39.77452525911569
8 -76.9625664199963 18.41623569457809
9 -71.15212294183698 -55.90644976330334
10 61.63959465529922 29.99983358752297
11 42.11227400226062 55.819224073119756
12 38.45954937817413 -68.05825139352407
13 19.39142887459566 60.12322582434609
14 77.98562641015545 -53.13469687497734
15 -1.4945502935453305 16.458442700507874
16 -31.364163050122613 -42.89714762351402
17 88.32334211633764 -89.6120724958746
18 72.66224589225689 -12.666887934974397
19 -15.226386255535445 9.461867229712468
20 -74.2708693872397 -32.0905276759095
21 28.253004268384018 -55.10650609072749
22 90.79509406470868 18.167565207061315
23 5.832871685195059 79.12314583851713
EOF
