DIMENSION :23
NODE_COORD_SECTION
1 98.99439086427478 -31.532477512998753
2 62.09707878326344 -54.67981435822607
3 49.95870717878836 -72.31025968310956
4 -88.03246498656961 61.57886078140757
5 49.445268688991035 53.76731827202633
6 -18.980872298595713 -74.46011954494472
7 -76.1820933461992 30.994503612214658
8 -74.85892946938944 79.87223248281356
9 -11.932573682303186 -97.06881124476901
10 -79.11294326687302 0.22861287657730145
11 -19.765520973256386 -3.184334618601852
12 12.973105242219745 64.45386936020049
13 -10.541764685478697 60.81860083931977
14 83.63912771714362 -11.321715311986026
15 32.02713626885577 -73.23357705029372
16 -2.0424955913153724 -37.83790818733983
17 -0.4655338643952689 32.25133230749674
18 14.523460523813768 24.671772290381114
19 -45.78189389896246 -11.415746116475617
20 -32.43634747527504 73.33272506256506
21 -21.209611096711328 64.83607887697212
22 24.350858302175823 60.316897303719486
23 1.5405001978269723 -26.748371263757605
EOF
