DIMENSION :23
NODE_COORD_SECTION
1 -93.87796540846975 -67.60802777114685
2 20.062922146752854 -59.120467172583076
3 -8.430235076975208 -35.105869246865296
4 -43.32669327647163 -30.08003557956023
5 -0.041730838255404024 -72.46924457939947
6 94.87815773037852 16.46620169315102
7 94.051393418045 -82.31604143139579
8 7.981244034546847 -47.43398820142781
9 34.05891125819821 19.498622091944597
10 94.81987571187491 84.18911946355553
11 28.704825809514972 88.37015838998167
12 27.129544943789938 65.63639993341454
13 23.219808592762092 -61.650823171328575
14 -29.53081504649471 -47.254488133181916
15 79.80593823685771 -31.8619038667251
16 52.7120083593197 18.556232848871915
17 -86.65165019147057 -79.85616296074201
18 26.958750434628215 -95.48698976169486
19 33.62502526886965 -42.91025097200845
20 29.83143252935193 -39.0539434179849
21 -85.00745212604421 -38.02097794787951
22 -28.542403106721977 42.486616748197406
23 -34.49793190299644 -80.25913125801188
EOF
