DIMENSION :23
NODE_COORD_SECTION
1 -56.00528378810941 70.11600717263352
2 -1.1032741773899772 -17.97146710682655
3 49.69504879434757 58.76247907935456
4 74.7813658463946 64.34776206974902
5 -54.62568018421934 56.83154734350444
6 -9.976384961125007 -39.99987665812101
7 -88.88229272032714 18.543257651895345
8 19.372889268125164 -32.724631650998944
9 73.4888395615404 -37.17660673871699
10 37.33055909221807 16.801792095055006
11 -56.009950974713554 57.33450617369934
12 48.37017570562466 -4.108537304760105
13 -13.380983781008453 44.44668719713235
14 -13.447477950066443 10.226204539470956
15 -1.5121163803797373 78.70985705951867
16 -33.35381504342226 -92.37816184819681
17 -70.92749226664918 -86.44664336592112
18 26.090720986444026 97.3973521679473
19 86.51096598250541 -25.647197457800758
20 35.61618664158516 38.91462561111544
21 83.47214255272499 -14.331901049181567
22 76.05930428734715 -55.856547767460626
23 -39.53335716717463 82.37064901293033
EOF
