DIMENSION :23
NODE_COORD_SECTION
1 -20.106914201663415 41.64568977736519
2 91.07395973603187 -72.45814963411095
3 -81.78663058865503 -16.8386492619166
4 -78.58867124680187 84.43901059222429
5 77.40219417333688 39.018611845246625
6 -74.72875614965983 -54.51110453719834
7 14.41456853844953 24.878680650391757
8 -33.29378605169424 -91.8168493834097
9 5.6117407155923615 29.86558266715423
10 -46.55908757670808 5.913965096640155
11 11.290575119773521 -25.079975041790362
12 37.3433412978776 51.20235530116969
13 -33.464647063157145 20.255408736757047
14 72.2883790229819 -70.56450460600144
15 -21.25535067351376 62.08334987426528
16 -24.901642056602185 -6.856338325658058
17 63.16276240961096 11.314896646812755
18 51.84723631991258 -49.98866842822536
19 79.97152623941247 30.7329026802293
20 49.66615798569819 12.231110633523883
21 -50.02502052129989 22.169876463676204
22 73.28996415978563 -19.526859816229944
23 20.635952693705192 1.5149035759087326
EOF
