DIMENSION :23
NODE_COORD_SECTION
1 21.10877551131655 -52.082957785403615
2 98.82326364779505 34.52078425325982
3 92.59581729602223 41.20434706934509
4 -18.141042424762688 -86.47662273384817
5 98.90925669496178 44.18474196002711
6 -63.421911858510626 52.67862290885435
7 64.19076340003716 47.24225931281137
8 -98.75407058953218 -94.96825553539294
9 -40.7872431915518 -19.954681813694137
10 84.78439994012902 85.64394547239661
11 48.81852539705207 26.99191055698516
12 -84.35838077865098 -3.445047294769111
13 4.619041202516655 51.736226625663136
14 -7.250118173828724 17.21436202285875
15 -7.989785156354358 -14.387606702265018
16 22.342709619424767 9.435729418032722
17 -39.699210498369666 -93.9398753646791
18 9.753306265088014 -52.1586080615295
19 -34.28216545441532 -66.30399781803828
20 -58.081638748914074 79.93017526296632
21 -60.71683824072252 -89.53668270084343
22 44.16256885068401 -55.68596175218508
23 75.03063782413349 86.3323239625831
EOF
