DIMENSION :23
NODE_COORD_SECTION
1 58.45219685328368 -1.1563088056024924
2 42.715512300235474 -52.98956122931966
3 -0.629119762138572 6.889900891964061
4 51.40423177382743 -9.175034055060422
5 21.112607433915585 -22.024192407233585
6 20.906187820586936 -48.677454370513075
7 -25.623019646589597 89.12359634717814
8 -94.4405758021516 81.47627045219156
9 69.37043934142409 83.9446071351422
10 -89.94904532325721 88.84516105839606
11 21.763812289222997 -62.99676199136219
12 6.685951088423764 -54.475840152185825
13 -43.057552563853044 -32.094403565175384
14 -30.832060259450486 -0.18830832773109307
15 -8.426436589606084 5.827044808913826
16 25.996620562805518 -31.07779590698773
17 -0.00790930033242887 95.23179368397842
18 -9.308399464461445 72.73509810786936
19 42.63273097696839 -45.173206656825315
20 -38.5981529237251 -19.51438189449138
21 84.71259110313508 -45.66879107363566
22 -0.9377583775659986 -14.53278534227367
23 -34.404633548786094 -42.56815033327772
EOF
