DIMENSION :23
NODE_COORD_SECTION
1 -83.8752096806358 -79.11693281921927
2 70.55737199641243 19.756920339851874
3 61.74067413288137 -66.29900501853052
4 -63.58168522302581 -27.945329424260265
5 -87.33731157478893 -19.397774667964
6 26.938227668372434 96.05773115637868
7 -23.37322777671369 0.7930785762776225
8 54.118190768675476 92.68696390057289
9 -77.82573245044321 42.00184487276249
10 -37.544547849903665 -78.9760239468824
11 81.45981202451992 -69.00662368710456
12 37.88811602146458 23.394683251188837
13 85.46984298191441 18.39038801075384
14 44.03876246586097 -97.90582842420994
15 23.23498150728058 -32.83212208921715
16 -52.64024804577978 -80.82997008152122
17 51.971095322572324 66.101213534989
18 43.75961760354136 43.22053282369859
19 1.6854363547843292 -7.387566120845975
20 -68.48358452990972 -49.04703801317982
21 15.635781014919075 -76.12656157175695
22 -11.239516913380271 6.286539862503915
23 47.13207000295611 0.6887384155606924
EOF
