DIMENSION :23
NODE_COORD_SECTION
1 85.20412353226831 -98.8408387403823
2 72.92242325801365 -37.249905982952235
3 -76.0410789086034 -5.099715508462026
4 -40.361251895577354 -74.86416309378183
5 92.66129885508002 5.449521468969181
6 45.83156199635059 30.967541519701314
7 -42.02006735301982 -90.41575385070485
8 -36.85368812987488 -25.347101309887037
9 -41.985657918881515 78.1431567102853
10 -43.17372813741493 -86.63211268073906
11 -7.68553633058184 -34.26731614655701
12 -59.096373924216714 38.884966997922874
13 -68.45460526428928 54.67483872169575
14 -93.35526069102131 -28.348919824647595
15 22.853114444729556 42.19175517704957
16 -43.112545529593135 -42.775913977069344
17 -19.53630963722253 -25.138594798640668
18 18.009982122965624 -49.15965334180934
19 -54.22490898397323 -19.332045144320546
20 -58.37759600334584 -87.19981184716283
21 77.17703232606752 26.509297465374843
22 49.67346323259389 5.522158784357217
23 87.06117668956955 -62.18657931303062
EOF
