DIMENSION :24
NODE_COORD_SECTION
1 86.2926978940491 29.20091583889763
2 8.046715671571377 1.0516722071701565
3 -87.13372504679732 1.792115269233733
4 -84.1601695571704 -84.22307876442743
5 -50.446881885013426 -51.387099295438745
6 -24.875410790768953 -1.2990944928121166
7 -37.14968178304219 -68.24484951753954
8 -48.60356731970654 -21.73259438694808
9 98.94876594279333 -9.333935896666645
10 64.76980288044209 29.681225611404415
11 68.69885790854343 -36.79337475595681
12 98.36427284278895 -88.58938569028633
13 -86.01724351279636 -44.71867172412003
14 -51.04764683161196 -70.89089241797166
15 46.97887423328092 68.15159999397738
16 -95.18837851316285 99.05770607874459
17 11.030697621443196 1.334653028503439
18 -41.42462274315679 -17.357769876269032
19 -49.69135787571848 -10.97168841474354
20 -33.022445235783465 94.04482229041537
21 95.18033546321391 -0.7083329663115165
22 54.739215056210014 -54.75736713675994
23 71.18100087019081 27.750263966971374
24 -73.55452439318881 85.57073902499306
EOF
