DIMENSION :24
NODE_COORD_SECTION
1 -28.824376520765 30.909059174529318
2 76.27655623639043 29.202814279598073
3 60.57923394745643 -35.990756835487474
4 85.41828521903267 46.638232836640185
5 -90.72608145285861 -33.955417016334465
6 49.604056384204654 33.70118285812663
7 -8.573930958785112 9.670018822730668
8 31.72518123134219 0.700251128212102
9 19.840062796270487 31.129167262426307
10 -38.75710153204486 -46.0877718277682
11 9.0687797503777 7.301893855800003
12 -46.54141931631535 38.19564610200979
13 -72.01262585879562 -47.72964315165758
14 -54.4914513793572 -49.37269133020712
15 28.628350993742686 -49.67143969042651
16 54.3385632895299 30.07510832936302
17 -54.69734941934436 1.1495429011129517
18 -65.23523958048642 -22.965396374699452
19 46.507923776595305 -57.136619212108464
20 -30.17081121669152 38.720724234745006
21 91.85182121679193 40.088214712311355
22 -38.99011564042887 -93.67983242392226
23 -2.8054143462334054 -23.50436773558509
24 -97.55326348124645 -85.52593272188922
EOF
