DIMENSION :24
NODE_COORD_SECTION
1 -15.26491667983467 39.39114533082457
2 55.779960614786376 -5.832926319687658
3 82.75947420604933 11.409519854260125
4 -34.99683521644623 92.61470635744931
5 -44.608049467065314 29.08274527777604
6 85.1453901683249 -27.94882186416568
7 -58.81919119867138 -99.35114532908239
8 -21.622829280842666 4.713994302954404
9 88.80201892588329 -32.0369572863961
10 49.31669342093511 -77.01936724414502
11 -83.56026277388801 -56.93405864663568
12 -12.977338231687966 17.77964747450021
13 -35.09748234628667 50.37879406999889
14 -97.40646784782636 -71.88244518347939
15 74.24207316538448 -96.83074292087655
16 98.09708379234982 -74.14645234691028
17 95.86794148947456 -23.279209093669763
18 50.40572786787786 -75.73181250012699
19 -84.37185631950763 5.677438625738233
20 -77.3854764200693 94.63629575165476
21 8.052216274844696 -70.67490315095273
22 -73.92947282803763 -38.071712996788335
23 67.92985587274575 -63.89076351908811
24 -52.35641081398703 -31.071684795658157
EOF
