DIMENSION :24
NODE_COORD_SECTION
1 7.493198425175777 -78.0203390580195
2 -19.22959675724502 -5.6585442698706885
3 -57.04799524822401 -67.38962656111065
4 66.09938538735071 -0.48440090283045834
5 29.18917738312362 -43.965862905767516
6 36.33031353191288 21.95159028164187
7 -17.24058346212307 -40.56367876722633
8 95.14904007147499 -5.904859646840038
9 4.090301002078277 -25.414515482054597
10 13.194932482692039 -83.368089373923
11 -50.42204319041335 20.273578000889955
12 18.63312939026163 -78.982397838943
13 -38.27496823053962 -92.41978163182529
14 14.04607987970519 -27.02271277677393
15 82.40041252280804 64.41747059435858
16 -24.319189490488327 -46.081389186097475
17 6.526462963614605 -0.3996349641575847
18 88.93978341518184 31.617497924499162
19 -53.02363370589054 -58.27234237539087
20 -46.89507628157208 -62.80093209955162
21 -23.809464443367062 -65.55368738862062
22 48.63579718930737 2.35048886271818
23 -14.002253632658864 47.21219991501172
24 1.9846683887205785 -21.133297809773822
EOF
