DIMENSION :24
NODE_COORD_SECTION
1 97.49847681691074 -56.78689175655032
2 27.513989217403406 1.4422233275268752
3 -60.06849818109754 -2.7866712121046504
4 86.5843261417644 62.38178777048245
5 47.76415424646649 -29.225277685143254
6 -65.49705278155395 -68.50971459658508
7 -97.46993560085306 90.56102321044514
8 -99.57688494727464 -47.492244060331366
9 69.66507098591882 25.971580719465067
10 -43.3540409049213 95.31439216044109
11 74.58083758096302 -87.13824917014131
12 -79.04125527128649 74.98982357903543
13 83.21637971437644 -89.18016530790489
14 -12.803195079846859 -13.207095245531846
15 -89.4157003482019 66.39439425731749
16 13.502916533069367 4.943975322474586
17 63.055147465692926 88.45475461835636
18 45.60962558372282 17.505812957767546
19 83.5999270362461 -93.09332485376196
20 81.57149243275532 -74.67651797090006
21 13.937195129866737 -17.72586738001766
22 94.72583255333498 -80.10270933828289
23 -86.49205651419439 61.19728167832287
24 23.262089295618154 -26.77275860939335
EOF
