DIMENSION :24
NODE_COORD_SECTION
1 35.28415104365223 4.195996780719511
2 -81.53318084467983 -95.37924348705984
3 -86.832289043111 68.52477180456634
4 -51.45958322119768 95.12004324057014
5 -66.77654061889113 -98.07273800728191
6 60.04560281297168 -73.42184807160876
7 30.81672189815069 50.33303636281792
8 95.88447580062069 66.21083525727923
9 29.483637508253707 -71.7140319287479
10 -41.17968015499065 -1.6567444666495845
11 95.7943372964348 -83.26388288009177
12 14.370523507304966 21.630126966385646
13 -81.40858830844948 -78.8783901616223
14 -33.57001600165211 72.91413202278267
15 79.089350218236 -26.147046073220366
16 65.5675991147173 -75.17667830831208
17 35.54707851409407 74.1015296273473
18 -67.21002105027262 3.6225273512359593
19 84.70228873498243 97.83283753301575
20 -14.33179029792943 -95.50236336520194
21 -18.117101284861306 82.31426928141926
22 39.07491991303627 43.36578154216275
23 2.6874439676082034 91.86623400672065
24 -80.61943135085352 -22.531458582308943
EOF
