DIMENSION :24
NODE_COORD_SECTION
1 -1.136506445673163 -82.68081740236892
2 -38.534248615344644 -42.16893919069218
3 28.907309060101 23.30552936187364
4 63.251265951390025 -78.90112835449784
5 -71.2241525437695 -78.42672922689162
6 -89.15590271043645 -91.97452988669784
7 -2.799986815344056 -13.301951523108286
8 -76.6828725878419 90.32968376582659
9 -57.220038173414764 88.17830081297038
10 -8.272817661892987 64.0327913412884
11 86.60368027865991 56.453770849742
12 5.959704786093852 -21.984365272668498
13 -45.47587294391202 -11.04967459465442
14 51.618320320076464 -67.76841145233314
15 -97.85701383207528 -80.67394102529553
16 -61.53556826331299 -43.26138963540909
17 22.775744203644607 31.882887484290194
18 -5.236451466376721 32.12784155872953
19 -22.850711080822236 93.14673708617781
20 15.996559659732654 92.5901706344408
21 -46.69021286673753 93.9085809451714
22 91.7457940577122 -35.223698275721134
23 -83.80474601685108 47.55765030231481
24 -48.83274172843479 -61.23010361422298
EOF
