DIMENSION :24
NODE_COORD_SECTION
1 73.15487697599065 -56.620409072540824
2 -58.670870426801905 -59.30253329164608
3 -71.08760759419341 92.75376339498763
4 4.861728625885675 -78.1310478878408
5 83.72069246392954 79.36927186265464
6 22.001374228114898 65.82668390421682
7 79.11609331839304 69.87069521043242
8 16.152268710777435 52.86382873342262
9 -35.05684940468976 -34.29770884606096
10 54.614894749905574 33.95237072528295
11 96.56398861464282 53.49999340344945
12 -69.26080165039161 56.5399304361047
13 70.89611735775338 33.35148613351811
14 64.51140121726792 15.812934784723637
15 30.264297573558366 71.53689308231924
16 44.01695725038172 -58.97302982379191
17 -79.7213599233189 -66.84827035208855
18 53.073906051353845 -74.08081126157788
19 26.427645977530062 90.05273443871553
20 -65.56760213531494 42.88176628899444
21 33.80146528277774 -29.14359666270738
22 23.2876389636409 -57.51062298262304
23 -44.66276672773366 22.258913104728123
24 -47.54483026107883 -66.86220038877073
EOF
