DIMENSION :24
NODE_COORD_SECTION
1 -56.61199670668991 -72.89196750793978
2 36.740171315251445 60.42683760061425
3 98.42487524502681 -47.950665763576914
4 -19.412332741217497 -48.46925922319676
5 -83.91846352340058 -37.188918578114105
6 67.9690218049721 79.5547206565079
7 -19.120127739028646 -40.89615411622414
8 82.2430347337031 -94.62653009116634
9 56.488983652861776 -88.6277824460976
10 65.65166580011913 -49.443826329757236
11 53.86580030498996 -57.048221928902485
12 -44.84407370155941 -12.417889205014745
13 -56.624522219319374 18.4877035198664
14 5.528617085660031 69.46306008936475
15 85.97102126077345 25.071306608280565
16 5.740261405630662 85.71705843550993
17 90.73794949707303 16.339885627636022
18 -7.473866095953923 -93.94787813367098
19 -80.41343138308096 -95.17573706232993
20 -55.876057559117044 78.7827256018715
21 -45.39918906492171 34.117569167842674
22 -2.4767855713991906 87.91572160542637
23 -80.4707529502432 39.977731663898766
24 74.16898604825221 -58.99343966727029
EOF
