DIMENSION :25
NODE_COORD_SECTION
1 69.62884910973699 26.443787236883097
2 56.00727917119235 22.63303360585863
3 -42.85242606652655 -1.6335436953194886
4 70.15170378805013 48.79609860496487
5 63.93156869249819 93.2720511507006
6 62.1830489544312 19.55403856982481
7 94.98317192300937 2.4105543297851426
8 36.93517051428341 -33.96791524757067
9 53.70841671633809 -87.46075949669918
10 -64.85273024136083 50.47307559809272
11 24.70637218235406 -73.07195500096691
12 0.286120511138634 34.96672595284531
13 -75.3070725798368 -35.19630320659577
14 -15.33936282863526 64.25297848356152
15 60.9939251384653 33.01313377653898
16 -80.09189881078227 99.05581393212302
17 -46.35604175164496 6.850756891602487
18 9.158012559467423 20.192867429572246
19 -25.02117604867678 31.408203500488128
20 11.65596979311563 -61.254762660660525
21 -60.2889205747378 -39.5306794979203
22 85.35664751565383 -6.1389772965176235
23 38.8298201271694 86.88709697274587
24 28.97148369430414 97.30509028946341
25 52.26725894813484 -13.45659115366287
EOF
