DIMENSION :25
NODE_COORD_SECTION
1 22.183185992927108 92.65673692727088
2 -1.873669734085695 -2.593540103064356
3 -98.78415758811691 37.09586303538023
4 80.36506143830806 85.8648604586989
5 -73.3241658836265 -14.992561887403383
6 -17.81498764030698 14.431397715654754
7 -98.44450874311778 -44.82695698804455
8 18.97267540292998 18.073513384226487
9 -20.48217087343518 97.10732264860943
10 12.494266962749691 20.841709583248715
11 -32.94264879052524 37.13633603064244
12 -22.854070767487954 -19.868960959670275
13 -32.1414845123861 -18.896279685522074
14 19.41286863394052 32.82493365330237
15 43.64981323699243 -21.87023714831726
16 43.292608996481675 -64.2652363783434
17 -26.92169882480748 8.637488639462944
18 -72.71098275529317 42.162444565528205
19 -21.39433386754854 49.89889306646924
20 -7.314667760670119 -62.922377061959864
21 61.15366359675073 -6.356354728544744
22 18.156075648568645 65.31488648504134
23 -66.79671136910144 42.8114432049141
24 -27.62083582033577 30.36062679822024
25 73.27853329354281 -1.6814956156324001
EOF
