DIMENSION :25
NODE_COORD_SECTION
1 18.190493991308898 85.92202056569391
2 -42.6719774663356 -38.72817970910305
3 84.82883572028737 -32.93668294198366
4 61.673625239741284 88.16299967204822
5 3.3950638296806233 -61.913659079246884
6 -86.06912076602195 -54.18775647748129
7 23.81363785154646 -6.331578840215485
8 -23.76156535432213 -56.43286043500591
9 -89.47729623960765 -92.94315627964065
10 -41.337194729272554 -88.0936669581944
11 -55.0489513900162 -81.33162262796132
12 -75.57836184502429 9.91768549886109
13 -57.65462203251723 68.28868326935276
14 -11.1817600688167 73.33985815635529
15 -29.961019181406854 68.5583972944911
16 -52.877014397926956 6.029798046380904
17 -4.145594837819516 -14.40333131170813
18 -76.136213397213 26.507808532863407
19 -81.8156671437229 92.02711923339155
20 74.46428288002767 21.27083007746681
21 -66.6036153828399 88.33513117565894
22 89.8950778702123 -72.14630780865888
23 -18.440754519785244 50.39946062669736
24 -44.02012747696116 -26.842880566889434
25 78.08886325328564 -45.79468898617749
EOF
