DIMENSION :25
NODE_COORD_SECTION
1 32.62651207606464 -75.99451092398238
2 14.28455710620753 86.58416953318579
3 -10.38091647931094 -77.38790044072583
4 -51.999073436188596 98.53833693466572
5 89.27179694513464 -5.020515178401297
6 -10.933595660010823 46.15572986020834
7 -38.8462760689972 -71.10843398552815
8 53.29043591910866 -44.55189835883744
9 98.08116244628897 53.113796172467374
10 18.761735812514928 7.533283557536436
11 40.7656566723127 11.864004274594635
12 78.12602146438039 46.306548315800114
13 -90.44228241242303 -50.72894265932752
14 -91.56632076593888 -90.04212746311913
15 85.41629160095155 -19.39031346253705
16 99.45700620303032 -16.07584727904279
17 15.085800721448877 76.51388109230749
18 -30.14675485989089 -37.09541276445132
19 -30.436133973159812 67.03526255432271
20 -29.72376730524013 30.8564162324858
21 -79.70535123190106 -15.672988719611538
22 -76.48405113812294 -79.57260649264333
23 -85.8759189182676 5.8978961494172495
24 -16.028077241186466 -2.9297693884466867
25 25.905013987841954 34.79503458533142
EOF
