DIMENSION :25
NODE_COORD_SECTION
1 12.242937286822709 28.123590793394072
2 -53.25827881121894 58.738129352611026
3 55.342099219298944 43.43297847992636
4 -73.78511696013486 67.14190352358017
5 -0.9771844341409661 71.62415381945016
6 -71.4704034823052 73.12762823048206
7 15.927896352070704 -55.069339138940585
8 85.38068328763805 87.0385354509232
9 -28.249540923949738 5.516163128264822
10 32.43100302343376 -81.36181421645699
11 71.32194040634624 17.52126640837197
12 -98.34991510527713 47.08472024954091
13 -72.48095695156734 91.60369143235903
14 8.361978857953488 90.93811662349748
15 -81.89192827375385 -37.47036058959223
16 19.70274045790059 34.871596954973256
17 -40.878459102943275 -74.58676364333814
18 20.289577084919344 -74.57763633610448
19 68.08869564367197 -67.50988665167657
20 1.2551884405281726 35.030954363791125
21 -83.58204504866592 -20.149911091567233
22 90.40245583864245 -88.21745458458958
23 -22.54403338751176 -27.656858236573996
24 -85.91384066496946 81.67757862525843
25 65.22451721674051 -55.08819576038191
EOF
