DIMENSION :25
NODE_COORD_SECTION
1 13.076407652370392 42.44998555458861
2 40.88067821279225 -22.628891061247657
3 -55.705796814250434 53.97452683243753
4 84.808435701263 -43.15418550978656
5 64.57435718495373 -76.10288855181668
6 -15.232930554538186 -74.90190958874123
7 60.168917836091 57.37579366839827
8 -32.58184679790048 -48.10105791258428
9 -58.29698169034143 82.18427134309445
10 7.864180940911865 64.19446115730622
11 12.878111098919632 -69.62131888602936
12 59.131875321578406 -93.39848845783148
13 78.99248981890221 32.90325817632862
14 63.773129516759525 -54.55161669970381
15 2.780196823280818 -82.11193221394926
16 4.791888836483338 76.35186097942386
17 84.79624870044597 24.68099655223439
18 88.45670332284936 -92.7637724593543
19 96.55239043898902 98.19538409490394
20 68.16040903939844 -68.13623485152945
21 -73.16561132953328 -88.05645060567167
22 -83.66015100829647 83.36043937238611
23 -84.89174982995473 83.16573636959973
24 -69.42989702573767 -37.115586713683136
25 40.649478583834906 -10.247107941337646
EOF
