DIMENSION :25
NODE_COORD_SECTION
1 -30.30612080604061 -34.520546613100194
2 -43.77649152540941 92.16802281505824
3 -6.5419262048252165 84.86672882090232
4 -25.76741811271623 -78.97750455471999
5 18.18292117880118 44.99577537735871
6 -24.881731497733696 42.6448860984722
7 38.788778104618814 13.016758953120572
8 -7.040420486716698 30.21645494736211
9 -72.35155830766111 85.14416762021494
10 45.9931891855712 -50.77241151837033
11 -67.5371218652286 13.078383794428731
12 37.615471723462235 15.328397811644791
13 35.56071015091615 24.542918046045443
14 75.56168991066215 94.47912963821818
15 42.27879748490864 45.0966662020717
16 -10.873007147691112 -15.70185382231854
17 -39.19195990969377 74.66974718774452
18 -15.354861658820539 -47.58079622319838
19 -88.13504718843282 -50.18957837304336
20 21.04265978436115 75.83389889324621
21 63.77618155080634 31.419742502471877
22 10.13763034981335 -75.39087029076741
23 -72.96033201428351 97.78954683607358
24 -49.546198711591494 64.03356077347138
25 -37.847201282378236 94.04860246046965
EOF
