DIMENSION :25
NODE_COORD_SECTION
1 -6.565979256741656 -25.273083776296218
2 73.3106760465659 18.01311200221953
3 -26.17202014770868 -53.72383052505023
4 43.347930279220435 71.21269296758157
5 9.469851968600267 54.456850644180776
6 -27.388512417889103 25.66832985960575
7 94.43512160734946 -43.38722841811495
8 -50.09350546846751 10.248459688510508
9 14.85406702335716 91.99739459265251
10 18.52943466209733 22.88127699324906
11 -89.91727381768743 89.83320255634018
12 41.91116056681082 -43.33278889076719
13 49.991103110612414 -70.05997905782813
14 -34.33413957175395 47.93604611521698
15 94.6589722957317 -80.46287390957309
16 -17.331629057221406 94.7166709354724
17 -96.25390290304259 -47.637124642503316
18 74.38361529218218 -12.748473217537608
19 -54.96974502840808 -49.95524170521905
20 49.52368487644597 16.60193618037418
21 -84.91690784073423 50.69174096485645
22 -69.79045572240786 83.0544793575495
23 -70.21974896365104 5.969972041863642
24 -53.83412795604301 -87.0472900220493
25 -31.681012082489232 -24.53817906329094
EOF
