DIMENSION :25
NODE_COORD_SECTION
1 -73.34289097346058 12.369785273967977
2 -93.938357426073 8.548689607003652
3 -66.05248682779077 -5.808402891520672
4 43.89278879109767 -43.44569852571971
5 -77.04873551247763 -51.56659357237285
6 96.49938426062664 54.76379193073333
7 19.45452614462036 -67.20589915390221
8 -3.34675841884831 57.13126768629547
9 -76.947264929193 87.57621956533325
10 -93.93409117060018 -83.3891015280408
11 -97.51438479457806 90.93117883754564
12 31.449376592995037 74.46481264433538
13 -11.282149722485755 6.407402534027739
14 -72.20910536938305 -24.88327505655758
15 47.29014073775198 -13.98452582924834
16 -45.551450042537155 48.37860488060275
17 -0.05812995203604032 -17.93655673689358
18 -96.22412723562579 81.5419160622439
19 35.23307266718783 -57.69542741570175
20 57.33530434387137 -84.26112083588701
21 -1.1298185584984566 -84.52122105688733
22 41.361864234304335 -55.856569694634196
23 86.66635190516277 78.11815312404897
24 50.98999177993258 -36.00460235860552
25 76.54391526280892 -91.47399973275478
EOF
