DIMENSION :25
NODE_COORD_SECTION
1 80.56067751453111 87.23459952540921
2 -7.847364986889517 54.65854054700429
3 -74.67361887527332 41.97017317340186
4 -40.16675654606405 71.40145755444118
5 95.62176260950642 68.85246963693845
6 46.211286863075884 60.37248128095541
7 -73.96026965040075 3.5702268334475207
8 -32.197394257419504 39.48253705192516
9 5.0595849163799045 -23.839384492822433
10 26.18944290103387 9.481523058959425
11 -22.774142434632566 -94.8772894755764
12 -92.06845420240899 4.53891565113716
13 -71.9814510401493 64.06763951426683
14 -5.325837398880708 17.500351992086152
15 -19.892653360376798 -13.243801678440775
16 75.91501641055015 11.471743548336889
17 -47.46592165791918 75.78885283252953
18 95.36910118765275 69.42162971910258
19 38.469087373886 -89.12290503621992
20 81.59649013457306 4.7814789031749
21 42.53888159889169 14.539119755135687
22 -85.46501117932183 58.562773507515175
23 -14.676051356057116 -73.77302100562231
24 61.80615992769691 42.29869569253094
25 30.477118154108837 60.30627077042115
EOF
