DIMENSION :26
NODE_COORD_SECTION
1 81.14509539888172 -97.21926025074697
2 22.25294834492901 39.782467474405934
3 79.81088615172936 3.108649840597778
4 -48.962669962758795 20.68194956608052
5 -68.09579207309105 -35.52102887937458
6 88.69348638659721 -89.1276154072819
7 -8.719466079182254 -3.4195119830621223
8 83.92799298676195 33.99051032870244
9 -69.12314958231829 -45.31437650669028
10 68.59294299804458 -16.45170111346097
11 -12.355622993502209 -27.126759105300806
12 -16.050765262321633 2.1660855552274825
13 6.270712562359137 71.01797033228158
14 -5.300584899905573 66.54543470425546
15 79.42696432561681 -99.09140987104391
16 81.98262174555026 -93.46734689438429
17 -60.49795694108744 5.647087012484192
18 -70.62411268890526 86.03779442456582
19 -4.737151189730682 6.519061339306759
20 -79.952525853055 -95.76185181186219
21 26.605594825259615 2.815260826917026
22 48.55963603371592 37.409155026150074
23 51.5401825653268 -27.3770739963269
24 17.419649004437105 -65.11004702714942
25 -38.224065649670514 96.39496254274775
26 -63.67048684919985 7.104568218414656
EOF
