DIMENSION :26
NODE_COORD_SECTION
1 -76.4593467073469 78.15602788844828
2 50.591278382700466 5.97092588318489
3 -67.47292122141992 21.651426440891
4 6.703249203973357 4.407736450805103
5 -14.019152591914846 -1.715625384772352
6 90.28999337503168 -97.18463550276226
7 -23.35417445824342 33.817109809431344
8 29.965498716970615 12.840936987370341
9 75.52484992338361 20.037733630486244
10 28.499133643420436 -30.181238046201344
11 -61.019606985473374 -74.4819431181429
12 20.006043096386804 32.68731618078252
13 -25.054332603147515 -64.27728748586802
14 48.17732791684705 -45.101335697666144
15 -95.93226661353825 -13.144550671049515
16 -45.79647133196576 -11.930357131874445
17 77.58065203638554 -14.632270725980916
18 -45.35336272966426 -1.7119096078001235
19 20.933417660179245 63.84367818577422
20 -37.63281252334352 24.401553119552986
21 60.673815172532045 -85.98538867281201
22 57.71479844376145 88.27989455717335
23 61.81603819570731 -41.054655141887885
24 -47.458065393938156 78.95735293992036
25 53.89638228511157 78.97358068532313
26 6.202228562542217 75.72357737846596
EOF
