DIMENSION :26
NODE_COORD_SECTION
1 -56.608002627754075 3.816692216315758
2 -45.78310654654014 69.0507931153638
3 -25.748689078076197 66.38849565864868
4 11.138834506141748 -18.63555932695317
5 -99.3792980137832 -48.78232109872636
6 11.492315193968622 23.588571211838612
7 -18.202368129022233 57.97778606874425
8 -40.15656785373587 -34.17849589004682
9 1.060541962719654 -23.449365359585244
10 -43.91857856606749 -11.052079770554329
11 21.369159242722958 -84.21615652025444
12 21.67378578024794 -57.985263273853846
13 79.48430745421035 20.30318201826269
14 -7.909450362229691 -59.56417762061022
15 -10.905594540926984 -9.843626358879149
16 55.066916607806405 -76.58447647382948
17 62.012404180991496 -41.89593382998766
18 -81.5249925621876 -80.35505410095331
19 -23.76661858766846 -49.337380770056846
20 76.92701474904214 32.23898599065237
21 20.619722389616626 61.54260223422807
22 12.833679994877059 -52.953820683702844
23 -71.79280282743754 99.91580995724112
24 15.493505751717223 92.8775827838237
25 73.6019978887123 -59.01727837120034
26 30.889666607201235 37.8648005206189
EOF
