DIMENSION :26
NODE_COORD_SECTION
1 -95.1163454352258 -82.6663113996203
2 60.25540651193188 -56.547654277670304
3 84.31314887097153 47.55200985640491
4 -17.797566643230113 22.298866538543578
5 32.68703410882378 67.37449521343555
6 63.060988034171515 -32.86159285684805
7 -83.68491871605511 -79.81593667015787
8 58.13418057246969 11.840433175897985
9 -22.419971441141968 -47.849094035110085
10 -71.43261186265448 21.97612969820267
11 65.44654602241954 6.156681120271585
12 -63.23678780250071 63.2990312488663
13 23.805024901506997 45.50324869495438
14 17.713017847020595 87.6475374979918
15 9.213921936453787 24.721684087091106
16 72.51559661543601 47.82332405971644
17 29.330893285035074 96.08630167216697
18 -84.29453804252753 14.913616940895437
19 -5.7003837562494795 42.97742859603807
20 -25.385468882607228 64.68945033754986
21 -44.4143154865418 65.0258954810879
22 86.84267222115699 24.126013415802802
23 -29.76847299116112 -94.98898033608423
24 71.01412177069213 24.755337174496233
25 -26.773070603224397 3.7732498218122004
26 -43.651659363441865 -3.5244682242325354
EOF
