DIMENSION :26
NODE_COORD_SECTION
1 7.597309732520017 -70.75849326748182
2 -84.8996082443668 -34.865149872897945
3 -61.50181777365169 -53.94290416744663
4 20.952890276532443 -12.55640291481825
5 -97.11069923862293 -91.64618785250502
6 94.8543591377169 -10.709425668160662
7 12.373378752402601 -55.11681535403219
8 -33.37435821116404 48.97690991283355
9 61.919242644394785 -26.563755658191752
10 -15.860253404308125 65.93190687337375
11 24.556146751670354 -51.31916043456721
12 87.19220898498048 -87.29117470565791
13 -92.36177099557014 94.49540782739254
14 -35.46111393654539 28.255117859146395
15 5.5241478938605155 -17.353816939452642
16 -83.84676031056068 21.042319151616567
17 28.24335998624082 -84.05618461463801
18 -46.8933640004505 -62.44512814591621
19 11.69718402469286 -98.4455643815606
20 59.07679338679256 69.80118604117789
21 -77.83073690367408 -41.07068252173909
22 10.341053172882411 -75.07562053478985
23 56.396718706640684 -3.1437705250779544
24 -94.78722625107119 60.65408543586486
25 -91.82032570796011 15.42482052099183
26 -10.769381624114956 -97.74509745369544
EOF
