DIMENSION :26
NODE_COORD_SECTION
1 96.84201253944534 -59.62858422277834
2 14.266259363059987 -77.19092998812336
3 -57.51912573162008 -98.27211650660503
4 93.68726899491486 17.94963896726587
5 -93.54458506033501 70.06262911437238
6 -15.535299456553076 -66.6422924774223
7 -4.940102688211084 -20.149295535260677
8 -93.26908431754097 -76.01022933132208
9 20.65428029051894 -63.521641110264504
10 -25.795959769053283 50.502684762490844
11 -53.922812010730524 -35.67457936902929
12 21.23464093808724 -53.8905533382468
13 -57.289661749829015 36.00556476526228
14 -84.41057360162887 72.64025705300651
15 -19.171491423077498 42.462920566860504
16 53.43803411628414 -52.12920736685254
17 46.84554852380566 41.16259849957305
18 -25.389414620501597 94.34338119727025
19 -60.706306068774964 28.401752097476162
20 -40.954877677359306 59.32105130067538
21 33.84981454340232 21.806810237049973
22 69.4457195040494 -13.821632385164321
23 27.448956684825987 10.371657830376819
24 -9.476395994217526 79.44713062992383
25 72.50194135532783 -68.06945448193801
26 -18.2048721893743 98.8989262121303
EOF
