DIMENSION :26
NODE_COORD_SECTION
1 -27.592210126414713 -37.27857168923019
2 -64.20338954309301 -3.732946204850137
3 -65.68631133810688 -16.759036539175057
4 -98.03077916049389 83.01197532491344
5 -39.63592060878449 14.986658747433438
6 -93.12379001982774 74.86107301951122
7 84.50638470204942 -33.003814827056914
8 65.174587199363 76.36510888130425
9 -64.5114800778135 22.47528595268129
10 89.69562170087653 51.118884993271564
11 -21.594108922815707 49.03798740990709
12 -30.913759930481135 23.522613484166584
13 -3.7451767967133804 26.12764353296666
14 32.34708170904318 -39.73621365692852
15 26.610875144401234 -19.823382328270526
16 -63.03225858839914 38.19067311838177
17 32.02693760752851 83.10163259320001
18 -53.53886314820202 -39.08730831548488
19 27.47274325465301 -33.97933053734366
20 -26.549410362691646 73.37684909814425
21 14.113764510845158 -72.38345191239226
22 56.064749956447514 41.83367716887372
23 75.95430679598289 -24.63876712053971
24 8.247034129524806 16.019947006850188
25 -15.65413892158061 -72.1459195212848
26 -61.31212611763994 71.0497312235938
EOF
