DIMENSION :26
NODE_COORD_SECTION
1 -69.07051008099742 64.80606508944325
2 15.464733040610426 -80.05624737183877
3 -63.03073284030374 -47.4429707937571
4 0.970581136015781 -83.88406384340618
5 10.09323518479863 41.42708449198378
6 -60.60164665170229 -59.00523916305327
7 -57.25698645320065 -24.852322447147785
8 8.251345047635098 94.63605057029491
9 -48.938665042221395 16.7477284861493
10 78.01176311311534 -84.45074241748158
11 -60.91121572121856 20.41758382244612
12 -82.88670556533799 -79.99577323015657
13 -61.20534575244445 1.2056656365445235
14 21.005142946661863 -54.73500578367063
15 15.66965275183641 27.090047522412732
16 -29.632543461671744 81.15615976960353
17 80.58482685168943 -89.49378920714703
18 -59.86054800525573 -82.4686100596945
19 -19.152405809308704 -39.79857310338524
20 -21.12679502923993 -90.37230610154717
21 -43.13759251132867 69.3250769452111
22 -42.972393483414436 68.95319151000899
23 45.529961870238225 61.95352828897347
24 43.16854389040259 -75.72986565253544
25 87.4957329114498 97.7869816421155
26 8.642938329388045 -34.60099495635174
EOF
