DIMENSION :27
NODE_COORD_SECTION
1 -38.11951158932225 18.226416475600104
2 -0.10059399719870044 -96.34986858290814
3 -39.7165857707354 -14.473241692824445
4 -0.4547415329622737 94.5777719788326
5 -40.54956523704683 -1.233306680756229
6 -72.72300650866879 20.288930909385257
7 -2.216872238918583 97.49072837625806
8 14.886402536649683 -27.806608780677934
9 62.22455481291496 40.086700559250886
10 76.8618658961908 -22.243546862100033
11 -63.346030588329924 -36.68548601804078
12 -57.96061295832917 37.919709858831794
13 -84.23586305057704 -47.24644462785954
14 83.36853104262508 -59.0901856966805
15 -7.1011156171582 -82.53908975836019
16 -30.39680498385269 5.590717088874015
17 81.30535420365408 -85.32825532845757
18 -20.671492507992113 50.67901234252227
19 -39.518210069436385 54.1622077149089
20 -84.41315181089037 -39.44404344755783
21 -47.221639904245684 -73.06572004484002
22 38.46743971009937 24.073968715141476
23 30.13501606875147 -50.828992237536276
24 93.37563212626304 -40.330737649733315
25 -73.18292758585743 89.9497646425292
26 54.2994720527694 8.256544927718963
27 91.23552759313438 -40.00995374884948
EOF
