DIMENSION :27
NODE_COORD_SECTION
1 -70.20574632006198 16.381815627880997
2 -50.560091092275464 38.779260346801436
3 27.21478381836681 -35.82528245443481
4 70.79402908191346 -37.16025957238336
5 -68.56193501564958 -21.04681966881961
6 -31.920498590892322 34.251680729256606
7 -52.69522001398303 -14.953765030721542
8 7.815933702527673 -87.59478874581383
9 -42.90271641409409 -67.77689288665158
10 7.407792508532452 1.980048807719342
11 36.34866809582715 14.288194482126897
12 -21.78089842954209 34.48192321007167
13 35.89724184996592 -68.17171010847905
14 -65.57942761350601 -66.67361402266533
15 17.76584103373824 -1.9316537365630069
16 -13.854476415983356 -38.08536724513307
17 64.67187160834135 -29.418797450690775
18 33.34259425020818 -71.44008724691619
19 -3.549510555754736 6.635606559727762
20 -44.18532088324236 -72.21271661582745
21 -78.59996282619386 86.25610672315597
22 55.28519637278637 -65.55652398387952
23 -73.46470816317378 24.60728713543729
24 46.934318681913766 -64.78235193844858
25 -32.03932676285706 4.104029657555145
26 -79.30066945973171 -18.41199580144928
27 -38.947862740962066 -3.311592774521955
EOF
