DIMENSION :27
NODE_COORD_SECTION
1 -5.562213198295979 -15.290170050024571
2 -6.356219552866364 10.089384269310457
3 46.39924156225956 -54.33276963763775
4 91.1608499863662 30.310699367564865
5 -29.986122452461927 2.3261773058095088
6 41.197493074863644 54.07270785851793
7 -41.59903476265519 -75.34688834036494
8 70.3168120803563 -28.837493508972486
9 19.38026719350397 -34.717190860325545
10 31.43350770299017 -2.0284048747891035
11 20.454161051314173 24.39305845358679
12 -17.666997772428687 -81.5074631408337
13 -67.54899092976143 46.7626142119299
14 -67.40634999997211 -80.54736445187574
15 48.27628069262144 81.02338288022486
16 -61.80948292296071 -3.0411116796379645
17 79.1945392510467 -41.34307781193163
18 14.66094563121598 30.192526933980304
19 -61.70804563932957 -90.92563575187805
20 -87.43645081785144 67.1055494439787
21 -90.75445468381396 17.157890646782505
22 53.06385910091785 -52.26428502374252
23 -31.748051352034494 50.93105786228796
24 56.83152831971435 -97.3295122890309
25 77.94504547139468 39.56425081823332
26 -83.96464928554867 7.3545115329571615
27 -95.64159046252723 65.71058153046752
EOF
