DIMENSION :27
NODE_COORD_SECTION
1 11.891000972293739 20.354554574045352
2 51.52768442349927 79.46539032933632
3 34.54051223317245 -44.75784619667378
4 -14.249762237577741 -48.06637491769139
5 17.182388983542566 67.47937073311829
6 23.470681858828726 -63.07515751539397
7 85.79002896527274 1.0511935224054128
8 16.871032284080357 -49.198118922728604
9 -51.928065002019366 48.64718483936542
10 99.84433586394766 88.12085056027627
11 -75.42312939947433 -65.69639337761132
12 16.712986349606723 -56.44404120326858
13 65.8167412883154 33.480865208362275
14 16.130559756927923 -52.28463528309379
15 88.98277334567234 9.122450078962103
16 -64.3629754351019 -5.680054942024967
17 -3.0680936006300925 97.90554188501815
18 47.06393929960859 -67.4939554822422
19 52.471992290277115 67.80760053180387
20 -41.037347933725776 25.55220135600092
21 72.57593861885368 -13.722774157937053
22 -20.544736317208503 36.11896866117931
23 -19.99354178462795 -12.288296278523077
24 31.38447209704094 -11.870015589063357
25 3.9347018862678595 9.607662473824803
26 81.36514963640195 76.71161056799806
27 56.48758229999967 -21.334567809043392
EOF
