DIMENSION :27
NODE_COORD_SECTION
1 -63.012056909066196 5.684205432818487
2 -53.69403434340197 21.087020179077243
3 -71.52120808679976 8.254187699393299
4 83.34078239515947 -53.00962823523507
5 -8.520763708176318 -11.117176514458222
6 18.617391886858087 87.64194959048638
7 82.23282570332563 80.45368905363824
8 8.351044283403468 -19.9717150636139
9 -61.99907186784333 -90.79206725389963
10 -3.112613734529802 -96.76910900005164
11 13.15394609969725 -34.669327015596735
12 17.02525059458624 26.190595578858563
13 58.61370896063994 -95.58543585079053
14 -22.1534732466059 61.77927776354824
15 10.546698998398568 2.3895300464536575
16 40.03473536840673 -21.618579739724183
17 -57.31569928641305 -23.453037184972132
18 32.76568230058777 -99.1480933513929
19 -93.62706303877128 6.57548269663188
20 -98.39518134076482 44.63061347131486
21 -66.56667180140117 42.0646852079789
22 -6.552109481971897 -30.041661898096777
23 -90.86510566804435 -33.277822507230596
24 82.39264561328443 17.552736036311643
25 36.06768101211358 -95.41170446207596
26 19.531225156575033 92.76697421205546
27 4.420893685043595 99.82207930620649
EOF
