DIMENSION :27
NODE_COORD_SECTION
1 16.06724123689642 -78.81778101839434
2 -31.92530290421982 -68.6457086665985
3 -8.652948819097219 80.72033852796443
4 -35.34631312181669 -1.7321128833292363
5 -61.96423328010636 52.657792067533165
6 66.90421151269899 35.432842749794304
7 -65.55130681783655 -13.156573254713507
8 -7.702073368523671 -44.886490672335434
9 -36.68425355671987 -58.61858789796155
10 -88.50688533750136 49.00266186950569
11 80.57966284215763 17.43562725873724
12 89.49131412957794 -41.79148299766855
13 18.359638148968173 -55.22192066126852
14 -40.29490322277751 -48.650248454814474
15 95.59717103219009 40.4752098888533
16 10.410824539462851 8.640500238076655
17 92.12754378363721 96.89486227558143
18 -89.08817865940395 -65.73845585629014
19 -94.60307458819099 20.25595994919651
20 33.83897170078603 -25.022111241725668
21 -46.228416750478104 -62.76823349690839
22 -59.63265511667974 9.876958701976136
23 16.362371399642555 14.656818933902557
24 86.7288908514623 94.26579044743423
25 -93.4859193719886 -3.8233178330161763
26 -16.747023146466162 -9.820438960824035
27 64.58592412734924 49.71862535562161
EOF
