DIMENSION :27
NODE_COORD_SECTION
1 -93.29903233498764 63.32926684091521
2 22.716650632243216 -87.2560696263284
3 78.49864052467817 9.997253823447494
4 -14.788715743781893 76.6841198212758
5 -47.53066777465218 -91.4638256755957
6 9.450784421770692 9.648899551271356
7 -2.2439531612086228 24.13811111260287
8 57.52074174463161 -17.282270262766048
9 -77.65120737101043 48.90013378808786
10 52.283429565348825 -69.82987309770002
11 -34.87087800450361 87.98699536710231
12 -11.547213813972007 -48.13412268376711
13 -73.36979255843934 -77.25667718655735
14 -85.91029938393397 85.63199314251665
15 -32.20895645062494 -21.87043417394659
16 -65.05935781302247 -42.79351346387153
17 97.58487804106863 -59.979904041942575
18 -98.7307066625281 74.07803990732339
19 43.253608147787105 17.315703309639034
20 -74.69255472232155 -80.40023903706236
21 50.98131877602685 24.487143150400968
22 -52.822100231827626 25.044276922539566
23 -99.80814277299972 -27.919923732471545
24 18.118764056826237 49.80642858106742
25 31.256778187780753 95.87607166929135
26 2.0649903580220723 -16.251031652281938
27 -15.748400592858587 29.81831502245541
EOF
