DIMENSION :27
NODE_COORD_SECTION
1 -10.222338446847928 -36.58123466476842
2 88.70306705977652 -69.60879605758892
3 -65.4270208110583 53.921002882395754
4 87.56107669748391 -85.74796190668496
5 -81.27421192363616 90.46311758658715
6 85.78952410359159 74.25001328891415
7 -16.235797497037723 42.80065595761698
8 -77.47481893853252 -57.04252149451467
9 28.532354396262775 -78.73151277109557
10 -16.437460384996427 -17.085246752580588
11 63.028174111747916 -58.093294328395295
12 49.315146033417676 91.02805050411158
13 16.303969289724478 69.06394286163376
14 -79.80514831197814 -78.2069253346245
15 -85.08450612308695 69.59069483271526
16 29.351636190052375 -73.55479087500177
17 5.6315568342698725 21.524305590868153
18 75.56820560070858 -95.44888214148635
19 -65.40700296095076 60.20617483258667
20 13.205119805019777 95.2207854835084
21 14.836233833033361 16.061041796798705
22 -78.55631030528477 -2.9670788871976015
23 -84.92672893685615 -99.1929299103947
24 -58.32434468092167 -1.0690856957758825
25 -15.153439867905675 -67.34537959461906
26 19.739953657838782 -71.23960634402604
27 94.6536724776584 -43.90935598353403
EOF
