DIMENSION :27
NODE_COORD_SECTION
1 58.4113680176398 35.036194776165075
2 -17.20412542693552 17.39973856780894
3 -19.511227210328812 76.65013721882397
4 -93.77304731981819 52.541268304781994
5 -63.53163942337048 -91.85157627599658
6 -10.34663678665288 -80.27929269651084
7 -14.427971956170268 77.65287837073603
8 81.8213426212503 -74.21781975593296
9 90.0495248579862 -72.87358677424291
10 1.9590442972996982 30.249120207549936
11 30.22675762403054 83.579883488387
12 -6.424226550186418 -92.22816059637483
13 14.800379541736291 -18.29153795438438
14 -62.170564812315085 59.86653480590502
15 52.76668209785544 -58.18391193908188
16 9.744650873423282 -76.26989433569105
17 -67.525801934893 32.55077089212921
18 55.290615805213264 72.20436609341604
19 -86.3588592617345 -15.112500391455683
20 -56.695727581618826 -23.49794517214336
21 -20.219690761793245 -8.040434637760711
22 -96.5290905637237 12.096393702489976
23 -78.67439560573584 -71.24681670170084
24 0.05102968358778526 28.214804236606312
25 23.855949343386285 -43.65554677283334
26 10.768619831837839 72.66649399505945
27 -78.83609254093054 37.2715305390075
EOF
