DIMENSION :27
NODE_COORD_SECTION
1 24.63424946180244 48.876528535933915
2 89.1169220677063 -99.06634541906452
3 44.27867896819552 -50.77038147731044
4 -66.61835987869371 -61.15259700369191
5 82.45506664032979 -11.136320993142817
6 4.608395676108131 86.20371885372506
7 -17.60273046994432 84.52462823225352
8 -5.67665437612483 13.227688411556244
9 79.28666767020573 23.976329043943025
10 97.13228705113974 -78.00879035122487
11 64.06631172662688 18.197911542924317
12 4.012972822686862 -42.070675528493815
13 61.91972661930677 -65.12681901723691
14 -60.80642519999919 -21.530408198134296
15 17.095251973488132 -57.20738507771792
16 -21.119734670993267 49.50820979428511
17 -10.766567665626496 -88.1727648985412
18 -30.80162553560868 46.130540464356216
19 61.08146142888674 -40.577039524110184
20 -78.93675013690655 70.88782737319946
21 33.45527678379517 12.102871207736186
22 1.2983573028504622 71.10594356436849
23 -59.46350761659447 -40.74589225655221
24 -37.83009755105229 36.11604614686672
25 57.06783750343857 -83.48499071820336
26 55.60867017222509 85.96109642091454
27 88.73744039401652 87.36723250208817
EOF
