DIMENSION :27
NODE_COORD_SECTION
1 20.5259166248493 43.279978176188195
2 0.9646762437542407 -55.38834938672552
3 -4.798859014358953 -34.28800960380525
4 -78.35794376497034 -21.520855702565456
5 -93.57999426890918 -99.57392455241177
6 80.35519346116325 -96.34990440228263
7 -2.012991032753206 33.57707759502986
8 49.86704921653734 -36.78662724302577
9 46.66988350561405 35.44285675159375
10 -12.724580181796895 83.41637089026472
11 86.90880248819076 97.96047605763965
12 55.41678597141842 2.4705625126093764
13 65.16521744424259 61.86445287151446
14 33.83717249900448 -4.604669269101194
15 -63.80332614030071 76.621689088755
16 32.88592588467688 21.395379892453008
17 11.395606698171903 10.771731060150785
18 37.96483143403793 35.30620375723373
19 -51.568447008524785 -64.05498746659579
20 5.691666491066499 -49.0689439088321
21 31.78788659273323 44.74589971329419
22 9.71373959297847 -78.36801152629558
23 -64.61432683517523 -69.14863316364153
24 91.13358811267884 12.326565595716502
25 -18.661134555216606 59.09014452069718
26 6.985566367573412 -22.91903543606695
27 12.986574342452457 83.93135655164792
EOF
