DIMENSION :27
NODE_COORD_SECTION
1 -10.071399950033765 -72.22092073288155
2 -14.300284528711728 36.72561521028979
3 -66.70307990166222 -18.11337853307913
4 45.56093433000717 95.20571287768092
5 97.8772538909279 -88.88212831812876
6 13.868255227886706 73.16796353718746
7 -99.74261968509603 -22.14782772767994
8 24.514405996050684 -76.08050690448937
9 -12.682378297095426 -57.56396406478403
10 -28.354566713146696 37.99069351873814
11 27.413320680469155 52.04597670717541
12 16.60374679053767 -66.2238328461932
13 56.02305086530981 80.57616315816205
14 76.01218353802182 89.18159162237936
15 2.113652977031208 -20.945936378867586
16 -33.04250523559875 -56.98208091552217
17 -8.799993281211997 17.376305677782227
18 -79.41705456919016 -93.20153934535018
19 -27.946197972903448 50.69607823261714
20 92.00143113673306 -29.24160070925457
21 -53.75775226609776 -72.41758167440523
22 92.29212235891913 -37.66957643198978
23 -6.8458195306508856 72.11080729008205
24 47.445037418552005 -79.02586232755738
25 -22.10237962923607 -81.66643148866214
26 49.46967166807201 -9.828950753975874
27 -94.57064443520937 -46.88238811882846
EOF
