DIMENSION :28
NODE_COORD_SECTION
1 -59.882919491275 -56.735384968130866
2 50.99819209571314 29.03093832768505
3 -48.631952605203274 -79.58527778245355
4 78.7781010706683 81.38521542762055
5 -60.471647535443566 -91.65337997518924
6 59.73739454032841 -81.06836402498215
7 -33.43823592981346 -17.613160584050647
8 55.508835921749096 -16.891341324739088
9 -52.23490749036272 68.78619446481551
10 68.6014906241569 62.827630603503025
11 -14.803054544544466 19.829047127974604
12 -3.7591102343358216 -34.047461568482575
13 48.66296653497312 -72.99636756369215
14 16.644176850226387 30.14987857196857
15 -21.83497182092742 -64.35733384884286
16 -6.155133857652828 68.25642236659138
17 76.44846935660001 70.73287624496618
18 47.53310563075942 80.22657522600593
19 36.257870102467905 61.13091398823295
20 75.97927599671092 -68.11477580548066
21 4.138624935334903 58.212287468609475
22 -57.04007551507655 0.12590330170027642
23 21.097974267638577 85.01901041445694
24 43.70691019119755 -85.14168030420672
25 -99.83422125639731 23.260667611514776
26 50.25202995687417 -10.076882699157252
27 1.8719287403663856 -51.93730388220532
28 3.1409932108184364 -71.64386156781987
EOF
