DIMENSION :28
NODE_COORD_SECTION
1 70.85025688286015 50.381993713395445
2 44.797322178760055 -48.78747312816321
3 26.591439239610807 46.460014668374924
4 -45.192641607146754 -15.567622351635407
5 7.072170855746123 71.08266686245855
6 -43.391539172033646 94.64893222688303
7 -66.14380991605455 -21.188222041876713
8 31.679828164399993 -15.659713684751026
9 -24.296632342821354 -29.753224010563017
10 29.451937448665007 8.281096377793304
11 93.19152997924644 96.70479219964935
12 27.249451484686844 -91.14178575412262
13 42.39380414217368 -52.14084654431221
14 74.40255234769987 -39.73667515556656
15 35.73772724301742 -71.28551660155478
16 -81.64005617983416 -52.8209804020183
17 -72.10115986105686 -46.41440703455926
18 45.98838248776457 -84.51116516808514
19 45.5581802507416 37.286531971143376
20 -10.154934001200772 75.70583513667137
21 12.07953448507648 -52.47489470811513
22 -52.93917141431519 14.228382838194719
23 -68.36104117049517 -2.4627230883126856
24 -62.42630448091708 73.19581833872539
25 92.06553123173896 4.285001907630814
26 -11.196216317678974 -3.3692459924897804
27 -78.37093223619075 15.079973495580518
28 -24.53778381195255 -91.28109480138968
EOF
