DIMENSION :28
NODE_COORD_SECTION
1 92.23677028817599 14.284928008675706
2 -33.961742519573775 -10.508726351942983
3 -0.022285257888228216 61.78319327687399
4 31.610387903630738 43.83768680391128
5 -26.31967393078638 -13.803824217688927
6 57.97863353954253 -78.30533400984743
7 63.12475554908795 58.36762011482432
8 -31.28293820233381 40.414766911501346
9 -59.22142883485817 4.422502226112599
10 -85.40316151002506 84.73846083642974
11 -85.59934603354769 82.74744306803217
12 13.931886163602996 -84.54618057008372
13 92.58495816585744 -54.47131448909512
14 -61.24932066891966 4.743238907630868
15 -28.707881243477402 33.0226371458952
16 33.29932517183488 -65.61944646246835
17 -83.35636993030087 -92.47689471039943
18 -75.76740629676088 42.35591206519885
19 7.729774562868386 24.02840279064364
20 -64.04880608871757 -15.830106741139389
21 72.90913303734106 -44.0994354464703
22 59.89504684700614 -13.047648434022136
23 -95.94601709136776 46.347940340851466
24 -56.7960054927974 -82.27440139992112
25 -34.57751188522241 40.351604165488
26 -39.99115750945019 -38.454446920361086
27 27.315204399534295 66.69487952352227
28 -92.28273569554895 -89.08143794959477
EOF
