DIMENSION :28
NODE_COORD_SECTION
1 -92.50510332893197 15.82949780814964
2 47.42714400574849 14.269537931632087
3 1.5881373026749515 -63.45381713754685
4 31.961160177373756 39.97079812167178
5 16.142233734872846 -97.30773708531764
6 52.156014624416144 -29.87239960524724
7 67.56626533864383 40.25448797555771
8 -60.73836077221249 92.33401096009257
9 -1.461405966216958 26.21509699595748
10 80.22569840204517 65.74689492683083
11 -36.92597677251381 -19.969620669072484
12 -4.421860798143655 70.94052058716318
13 -23.48193861348014 85.83377147569101
14 98.1760987119383 -47.46296382306745
15 13.36010922960169 -47.8677316980999
16 71.65798988965042 86.87002008338513
17 -82.01594869148585 49.55403944299874
18 55.30723917212313 -68.64790083026963
19 56.95113459624278 -67.75587217842593
20 51.12767399072047 -32.11804136910513
21 86.13668909940293 -55.20573041758603
22 79.28413168845171 39.539935186864625
23 32.018872555784185 -55.86815963636531
24 -0.33660619629527844 97.9855772603407
25 93.64394368579283 24.582074433721885
26 -9.837872306895079 -71.61548026886544
27 -39.73055545420661 -75.64331006113486
28 26.41017081973132 99.35616520260936
EOF
