DIMENSION :28
NODE_COORD_SECTION
1 -44.92200859034514 18.415145914728967
2 -26.106208958882092 28.628865312823166
3 -32.33387275170108 -55.46401100614426
4 -24.05195902143744 98.40789346055004
5 58.84986392843709 -54.418130188767
6 60.57302100643 -5.855730602883341
7 -13.499465874481459 -43.06803451070853
8 -97.67553625565408 -74.12056416808073
9 -71.9743877428795 21.16572920639699
10 17.236728802444603 81.33391797158998
11 72.09483286911313 -74.39529916810127
12 -0.7782173910038495 -83.35062087811113
13 33.6917895455083 2.4147541251021067
14 -19.898072243678186 31.117524145688805
15 -5.867021478191077 -33.212352449873464
16 -29.12483074879107 -73.09707947658985
17 -50.07738803988391 2.5096366420511487
18 89.66369163363589 -20.819068732029095
19 -82.21183984786788 69.26420810837578
20 -89.10263172750822 97.77588333995175
21 -12.031739724363447 2.30478261140334
22 80.63598823465699 48.29884209017072
23 -56.19904761011183 2.6725296515742087
24 -65.46481088631435 18.94820839025641
25 -27.113003359949175 -25.076611167600163
26 -72.18708446649704 -31.449376958804123
27 -16.420539354409343 59.367414266965824
28 40.67455155064329 -27.916389302613553
EOF
