DIMENSION :28
NODE_COORD_SECTION
1 34.02419416182883 47.95649187277087
2 82.5137163119748 42.3226208847783
3 -56.3403428543164 14.276803542097952
4 -10.72935648871956 95.61297621669723
5 -13.145745841554813 82.77374313816276
6 57.6256538531959 66.95080213433079
7 90.61802606257606 69.26943279635094
8 -50.393035101384555 -81.13789533799836
9 -76.73900079046685 22.412769317679576
10 -11.64427594919269 -58.08491846255088
11 -92.98419037988354 -49.52590529721721
12 53.379253237506816 92.15519702015672
13 70.03812688652641 89.93614522379022
14 -37.048734862070745 -24.838589290777605
15 -56.27646528970216 -57.42801649862752
16 74.30476807281548 47.65248159541221
17 31.006277482993767 -21.010354157912033
18 17.61499137916553 -30.513627970141897
19 72.28157222133584 9.16230967564367
20 -53.62878395183239 -67.94016933101794
21 17.819987021259635 -45.74819801512125
22 34.58792535801797 13.529337099313096
23 79.01884864979408 -80.92753839868867
24 -19.592731291581416 -33.06147678027183
25 75.56216826125925 60.83121162508053
26 -14.003517297603253 -65.74854877846188
27 -78.46275700890769 -22.680960593975996
28 75.24527611560993 -2.545022879534997
EOF
