DIMENSION :28
NODE_COORD_SECTION
1 44.9742015539704 -91.89230969493565
2 -4.993097063667392 -21.60812594175121
3 -33.34276169463281 38.63829728893961
4 -52.5675401481783 -22.382812364543298
5 -41.04888725637048 89.47672872361497
6 66.97680120255572 -99.12842502133216
7 25.3846692897894 -77.51113618032512
8 83.23486984836478 74.42839441007567
9 -43.09059459596725 99.28338042934757
10 68.08854208924527 31.355831132064367
11 -75.82320987463464 -12.235136377617238
12 -12.761875104026615 30.431633243415718
13 -27.20798754043257 -99.16034644482082
14 -61.192458040223265 26.48852903917806
15 -18.61090104872774 54.12137602933771
16 26.07523808943131 -14.22441720844678
17 87.09894660986862 -74.22785780263143
18 -78.26563390604906 -73.16530791280243
19 8.95840565947303 29.15441126517726
20 -27.312644262974104 85.55561865643475
21 -92.96499391814925 -32.242267897294965
22 -32.76840101678921 -47.51310334535326
23 3.5185953445942175 -68.09656771981571
24 40.594439433729946 11.144115639689446
25 -38.24235729602816 -81.98045172428321
26 30.127367646030592 17.971033660676653
27 -29.805398171350234 -96.18270759615552
28 -91.92929214011131 7.773191928197122
EOF
