DIMENSION :28
NODE_COORD_SECTION
1 -9.761405930892437 41.56351243492523
2 55.63646277762004 11.668481019791372
3 96.54285110758829 -58.14049365606495
4 0.16546643037236208 -45.65437661728091
5 -14.94111095509598 92.37226944071168
6 -60.997133479317256 -22.024484502089805
7 5.493592492325419 -82.89276104123905
8 57.565102296637775 -66.72572072528106
9 5.156862460880234 95.48813884855059
10 83.7488449513292 -82.10834032296256
11 -94.02632399608906 -13.045233724560418
12 28.487991173421534 -51.72355741056454
13 13.268924727570578 30.084085621429324
14 31.04791610828039 -43.6021696849396
15 65.77941516102709 -87.93395655415654
16 -0.5315884903529309 57.642421029652496
17 -31.426072506509215 88.15432008157802
18 -65.58179702478941 -89.37961802736768
19 64.03878973231184 45.75157826049622
20 -96.17441803554246 -4.721428266745804
21 90.81304979671123 -45.92238968763955
22 -3.9988150909823474 -27.367662545224377
23 56.5337531945392 17.907957531422028
24 20.570571365273253 -42.40817212105404
25 -92.5214227047898 -37.34037176164029
26 49.385796150703555 -64.227270828229
27 -83.33049997882682 18.13955236871074
28 93.68670231439825 85.84537125132044
EOF
