DIMENSION :28
NODE_COORD_SECTION
1 -68.27224703105692 -60.43945599495692
2 99.13425116374168 30.89020364210279
3 24.746981835353154 6.968566680763672
4 6.939801739490534 35.39176727334237
5 68.6779648583553 -21.985886173230057
6 77.16572993058938 88.91723284015345
7 -71.80513316100574 34.03972808369335
8 -0.6255621484513085 73.18979035241685
9 97.7395758921455 55.74452211812621
10 -73.84574026114589 -3.818893036839526
11 -54.58276695782378 92.22586154576425
12 56.652462533057985 -4.98881100711192
13 28.642555570762482 45.98724244885895
14 -29.903030198860378 58.85804486954697
15 35.91324483880126 -13.459419122645727
16 -36.60991048296744 3.743631932179099
17 -21.18677697121005 -73.47986507597295
18 -17.79094923026811 -57.02344645022785
19 -90.67496360253126 -53.235639255933485
20 -48.35025159655741 -59.80388097390985
21 69.75736108048355 40.61106092091927
22 10.301585059338493 -93.62358688505176
23 -3.929929214943357 -37.30975035455566
24 -69.25702085356708 -92.18693911243732
25 90.10589007220807 -86.2117627452965
26 69.79855172683489 89.02945591727297
27 -47.78576743537102 70.8954492840167
28 -66.49937654989968 -17.29668750545615
EOF
