DIMENSION :28
NODE_COORD_SECTION
1 79.24532957663101 98.93414422830821
2 -71.51083975898243 -90.20123873988719
3 42.80331480635036 -58.76017912593221
4 -63.505868215550045 96.69556917024303
5 8.74908554214602 -41.49487874574089
6 88.32815157035452 27.534415370576127
7 -66.76831891504587 68.86662053747335
8 35.88739659038117 59.821528914768976
9 -21.236537157340663 -82.9285370906137
10 -73.97136310579279 -16.865331768301786
11 -0.07833927265149043 -43.41025554013487
12 17.460971020244997 -76.86925190113658
13 -88.75004724809021 -5.138982438378335
14 -49.73695718302382 92.41878809643381
15 -48.8886542229217 48.678210824200335
16 -68.5160242047109 -95.46045227575668
17 24.970089515277422 78.00113524816464
18 -64.36216214222297 -20.792554283097047
19 62.556986293929924 -80.96911986147464
20 -64.496994066902 -89.86571789607154
21 55.5990351811333 -78.83450337925262
22 -23.510624554774708 -58.83158424675374
23 -43.729182763472416 7.496368592898378
24 -13.06204037080505 -97.85284091093544
25 -88.74826542322963 -75.20629120635284
26 -22.931160149477535 92.77406253540877
27 -17.750385744225554 -73.5311327984137
28 -79.10478538198144 70.99699256503081
EOF
