DIMENSION :28
NODE_COORD_SECTION
1 98.94146315439366 9.367077617527059
2 -21.48655188324433 16.25554198834425
3 -89.62043546702566 -86.8266142747069
4 30.538245950432184 88.79002913506466
5 36.28733904507584 77.87767356829926
6 60.109645975006174 -96.61493489948518
7 -7.2832465224327905 -80.86405978702942
8 14.65616901597599 67.45866614942736
9 63.29780780762209 16.478543185235537
10 44.52693971507696 -66.01059578653556
11 72.05863921677712 -33.6942693190681
12 -76.44528412126037 89.44436775484877
13 98.89486671402781 -4.8146817225145355
14 74.88109840794493 65.42784323117914
15 10.814388765672135 14.830708071594273
16 74.87713145372669 -25.332805944122015
17 -48.18947046807123 21.42649011161481
18 43.344211768485366 83.86644513590659
19 -14.807263648516383 -5.492100910252546
20 -55.21840335909327 -20.877793773979064
21 -85.56915585619704 -65.61050496647243
22 -76.64153985937389 -45.989550299317706
23 -77.95468543693815 -7.822464416097617
24 -26.669930167703228 -43.882986833480395
25 60.802523430988344 -7.310536663067467
26 -93.01095604791752 64.698469617755
27 7.450662163980354 28.143081424143645
28 -76.15559274005639 40.32422873459964
EOF
