DIMENSION :29
NODE_COORD_SECTION
1 43.27885066647528 49.17016829070056
2 -63.84835438718242 34.00340632909959
3 -39.71873012299736 74.79298567835244
4 -78.36764383681316 -48.742458812402425
5 -80.4264487135331 -22.73052105103052
6 20.754394685783993 88.62221117793192
7 -26.061419220611597 73.27083328884072
8 -39.540652523920826 28.312097229611197
9 48.53836022310202 6.922162710121043
10 28.8929560999091 92.50405238772314
11 7.94956940473935 87.07470758895079
12 93.31017421363103 -52.266820469083264
13 -40.76476383469094 60.81098192818203
14 -21.212624900465798 -39.44820863943248
15 70.52640188425562 -78.93506051429193
16 -36.51470086245388 -39.365957971334154
17 32.43919495071606 70.6533270831288
18 -90.31749868396 -67.45174503463258
19 18.754352506617906 20.678398799039414
20 94.5260307968623 53.70784018510989
21 13.137725123425753 -11.823715027144715
22 -69.57773501075737 23.550885026380058
23 60.281901577558955 76.04933042206687
24 72.217716689904 -12.212438080691129
25 -27.2993594132718 -32.26521100000778
26 96.79588456725864 -48.40653289946908
27 78.50937372694321 49.72636573084242
28 10.44306736289677 -3.0838197508407177
29 -69.12343169853949 -13.020933638773144
EOF
