DIMENSION :29
NODE_COORD_SECTION
1 32.40325915732032 2.4192657964309916
2 73.70733517699387 74.65401581013668
3 -1.8283449251333366 85.03363684476014
4 71.56654394448998 -78.647147850288
5 13.463069178094457 40.22453214344824
6 -87.67348642216149 34.506312802794895
7 -29.79540442381834 64.53948156960442
8 50.80373723275844 12.259841036818258
9 -74.77835643270956 83.13164962698798
10 -90.17198129206855 -23.406956882873132
11 31.10883334849484 8.199226053487862
12 8.689983699050316 -26.553444774479075
13 61.83450085805649 -37.478730353433434
14 73.69099690086108 75.72919986276264
15 -85.68946786009167 50.54243490204598
16 -33.57831288963959 -66.9164118772088
17 -78.73924952809418 40.1230078829993
18 -64.87814756219834 -66.42254144244448
19 -53.927324423505475 29.984795349436155
20 -54.548856341859754 -4.973030840585707
21 46.91903836516792 21.047405206886708
22 79.22637317589854 87.44736801128593
23 -4.713015262157171 84.26363373682315
24 3.1579544811119575 -96.83455816724754
25 -86.84551435122039 -76.77343502258847
26 -95.65549442321411 37.41724953192298
27 -46.5950193264437 66.73525760138335
28 65.26118376960108 19.793615776682657
29 89.67293324359642 94.6697549273135
EOF
