DIMENSION :29
NODE_COORD_SECTION
1 63.351542046266076 -31.74698439739518
2 -41.007423991673434 -4.40206117131487
3 -73.64211534142635 -83.12106257160053
4 44.540161408838514 -50.024444310523464
5 71.64319067052847 38.58958640479108
6 -43.54647359884276 -55.52793464205437
7 -30.153357419385543 25.569654189827588
8 55.19447290138052 46.78836122353826
9 47.557977347346906 -3.428519126180703
10 31.752447012474107 -7.064119602609509
11 50.44134865209361 -90.45579081090227
12 -48.15120934354988 78.97543224542036
13 -85.29327777088393 -79.61944437903443
14 -96.47677894687381 66.58905421790439
15 -96.3512614770424 -53.49695303919086
16 -57.97033393880484 17.945151940064292
17 -89.30039090085506 -9.69919089089079
18 36.31996750540637 -37.768869123422235
19 -43.580898303065574 -95.03313029235214
20 12.995543275017198 14.39189339128643
21 14.071305635286606 44.075144830914496
22 66.458767885187 16.026564301047458
23 -13.085610775278383 26.27526221290188
24 58.09728338073839 -50.94007892688261
25 -69.94387814949839 67.77243033060876
26 -37.31396338213029 84.71903600264693
27 60.70452951624242 -12.201276088048502
28 36.79347461770206 73.50971518078478
29 -67.1304412981817 76.07104657417301
EOF
