DIMENSION :29
NODE_COORD_SECTION
1 -18.170206671437185 -43.69863764172794
2 -33.951751988449374 -73.72970296038446
3 -46.52324839303827 -17.706990767619587
4 -87.84756728879346 85.86515868060596
5 -70.40987708595385 -43.4527892610413
6 20.91456798573259 -49.856915176579044
7 90.26741278888034 7.942742710344248
8 21.233849613673456 -62.899935058265164
9 86.62501464171095 -32.18912568945085
10 -25.59867749994349 19.879915694901015
11 -21.069424625428425 -19.815752513987547
12 -25.13070814774774 -35.2572774771011
13 10.08788253431237 -73.49862604172358
14 -24.793140754933304 -74.9186463883257
15 47.07312275883467 -59.2261912983989
16 94.11001991950297 -24.206188757672464
17 70.77299255839281 -84.36287327017038
18 29.811239975666297 -62.64162546259673
19 -76.22335355688865 55.37098590809828
20 45.96011942042105 35.247563461641676
21 36.025031819988385 18.887426896988302
22 23.023156517021334 -32.14411019912538
23 39.82274619459292 13.850842584016362
24 75.4773476627735 14.90558290450042
25 58.56913022209514 -47.49302543995957
26 23.548797986104475 -91.66658000997698
27 7.666793632459019 60.46235807476876
28 -22.025883879893414 -91.04909423220356
29 81.41747889042463 -58.43022610900621
EOF
