DIMENSION :29
NODE_COORD_SECTION
1 19.4827567416354 76.48356931456516
2 27.656786895932655 -76.89664570889684
3 78.05816559588453 32.919063594766925
4 10.710258022789247 62.887168846621904
5 91.77608541116683 -33.49122569747898
6 23.151389358788606 -84.79407372461314
7 -24.375985247800557 17.660436043322974
8 -64.24514993591865 0.9035871071463788
9 -37.269249671355496 -39.55117186132328
10 -11.54465940764291 -66.84391004463646
11 41.18115582706673 1.470154086447593
12 -75.22744942151347 -52.52450065929075
13 2.5750413831960373 76.77018998766482
14 92.82945565924703 3.0209657841668616
15 23.21030445682672 -7.615453668746895
16 -27.386327867066143 21.55557042461666
17 71.62197296426632 3.4433827663104637
18 77.6080248586261 20.427296416587026
19 90.31047318887948 7.457117948960274
20 48.64312825517305 -82.75872578285919
21 34.84387715458959 39.31356170661326
22 8.801382344086278 36.42969554398684
23 70.12052576596258 -1.3188737717580494
24 80.42819647785404 31.71467794505861
25 -78.57003187221125 -85.07331186633576
26 -21.217020654783965 53.49855017454422
27 -42.94825289196036 -39.679129855690796
28 -8.41108225577743 -63.49498871780106
29 39.48301162631759 59.21747409231341
EOF
