DIMENSION :29
NODE_COORD_SECTION
1 12.365013173014347 -30.16706072984354
2 67.3729210181159 -54.751533282214446
3 51.243840500052954 -77.52962910414449
4 -40.4242743465147 -71.02085064259786
5 -12.980056409248022 87.93715510857328
6 -16.883574619972123 18.471762144135752
7 -34.20315452694294 15.017055374269745
8 69.781575244962 12.292061409697297
9 -39.970369990339314 10.276759353030386
10 -16.956165479650636 77.07513518350964
11 -69.08759619175046 -11.88376287958394
12 89.8348059320318 9.653579224213487
13 -12.489541723045079 45.51949216065793
14 58.76537012263151 81.73823333734745
15 48.38059215099955 -32.31147346326553
16 -37.88106381952772 -60.55242895692772
17 74.89952670175819 -64.21759303747241
18 -11.955364146421601 85.64596025665082
19 90.2469690645919 4.27252398646489
20 -20.271010594964125 59.965082202074996
21 -76.03359665263233 42.96397550482945
22 -90.07378470753235 -50.453195664718706
23 -70.74670975875858 -2.4777527438208296
24 -27.92117193443974 -87.04005269685433
25 8.596860895587795 -87.61662202293996
26 23.361808817963194 -19.592652976953076
27 -46.87167962290124 -18.785208840554475
28 50.335151120931755 -94.74623365550032
29 -47.9951874479194 -57.36686638351056
EOF
