DIMENSION :29
NODE_COORD_SECTION
1 20.37053994417539 -87.95069227206332
2 -10.64711704236501 -59.09799611478866
3 -93.13570253009473 -21.58668480850885
4 82.63643095817713 -51.206652385365395
5 -70.05860936142314 23.283083190093762
6 64.72367890610434 0.10935052879577256
7 -11.664241937065938 -18.12179092407378
8 -12.58216685491928 36.059544929422884
9 15.581994066915868 -42.21728152475108
10 -22.25867296200215 -24.611244027007956
11 -95.4820001485416 -90.01674657787959
12 -17.853616730512883 -76.85573790157477
13 59.260502440788315 -44.87422714128413
14 68.14543033074267 -96.8515559125003
15 22.291361705555104 40.09943644796354
16 47.89371880815622 -6.788680807795728
17 3.3942618368475905 45.72041434393978
18 -17.016767762780916 88.40648550650695
19 -2.4672732249819944 19.202319639142516
20 -94.31651754856509 95.27301436730099
21 -79.6378248010198 1.2641423623411754
22 49.09133645722622 -31.40514084887384
23 12.920164894873693 13.140571804825868
24 17.128578315131307 42.44854044076419
25 71.1405931685685 -0.5763369551045088
26 45.052548751479065 -21.50125070771101
27 41.1891691049168 84.57882653197564
28 2.121623279507446 -42.93925316959759
29 -11.780988467650005 -5.857718742762444
EOF
