DIMENSION :29
NODE_COORD_SECTION
1 82.51368222016669 43.16459320210083
2 -61.738209745033565 47.07577792343497
3 -65.857183788335 59.21970293154354
4 -93.29278247932102 -3.155175820701899
5 10.735186417349567 -44.49486204096913
6 10.07067311413823 25.121297290887966
7 -66.79735039639132 -48.905958576546915
8 -62.947678599176335 -41.83990648207925
9 -76.82637038367642 -50.71713755383418
10 -34.55382349502007 25.69366313987051
11 47.68693074935459 -65.84213220582156
12 -0.5943192999402243 61.17330861798186
13 49.781303321883115 -20.72037384087149
14 -98.93248683331457 -33.24396256352583
15 -74.10006007832925 -81.87467801902322
16 6.847399234555368 -70.89743212712813
17 15.130597779099418 56.59289189259914
18 -61.55184785520396 43.341297019537365
19 50.65376919910588 -30.21501653827417
20 19.596852233892534 5.091983322861182
21 -9.627344112091606 18.454794754147002
22 -8.245518627161388 -35.76795840014016
23 91.5504728733057 -55.08999692021197
24 85.51811232452172 99.12731248419985
25 23.38206549301364 -36.165098694618905
26 49.16203616102669 -33.66161136096596
27 21.77836498588688 -49.594927273715264
28 61.741065913872575 8.352448885135885
29 -17.75615053289505 46.2329172239636
EOF
