DIMENSION :29
NODE_COORD_SECTION
1 -34.59442743220123 -39.320228035549356
2 -40.421282175067795 53.096408199351856
3 -59.94547981495006 89.69308092513819
4 -2.7610488344279105 -34.93243313769736
5 13.179277295953824 13.876964702327001
6 -55.46083636005474 -98.428884979899
7 48.72754205245596 -86.30632257317565
8 -63.515440392667074 -52.93205369016343
9 91.0432872909135 19.060643223096022
10 -91.1300374917545 -22.52794260943874
11 -46.584764589048255 -21.52584728975293
12 -99.61458019410831 59.07354204228662
13 -64.50718484678006 60.10267840833296
14 -46.18056287847479 42.65459560297765
15 -70.19470809378463 -87.28761702991554
16 -29.947531865102178 -56.35081750788
17 -65.15385854035068 23.07643964111972
18 91.38484620402622 -1.3886327799626343
19 -69.33853655561964 46.558835888304856
20 94.84496348429556 -81.0787736176909
21 -7.392329732729877 58.85235594355237
22 61.47488855258126 24.571368556923147
23 19.920290178495662 79.38962384365021
24 54.19244962098594 34.04113445822341
25 -62.03763597087744 -49.265023550075846
26 84.68011090009401 -89.32037049606123
27 96.49729328465216 23.304157713890135
28 78.85270609904669 -78.31721342573181
29 31.05777356735817 91.0477880503349
EOF
