DIMENSION :29
NODE_COORD_SECTION
1 -15.857367470905118 -13.39588804234441
2 3.0061585417389978 7.182676060145752
3 38.75578169903301 16.684957776560495
4 -5.342597021592738 95.82464458706508
5 -25.978162249049248 -90.18972797958062
6 -97.53754187727164 68.3440720281016
7 77.52897867524266 -63.210406675683004
8 26.981378807260413 66.9917990047123
9 -15.525859550291642 20.405596379836652
10 11.17585486081471 -97.29224682132272
11 64.20409854525096 -45.15409799778869
12 13.687028175461165 -71.9433411623381
13 -18.627057140598893 -22.073320876561837
14 72.22355155884165 -46.135671660557165
15 -80.80229208861836 34.81043598984138
16 98.93604505195731 9.682762303662713
17 6.3953574190173725 52.58440956511461
18 19.380797535607712 -30.498776924186018
19 24.735972099065023 56.980124457282216
20 17.651990679310245 -83.3403570026741
21 90.74847021875917 5.678707577061573
22 82.48839822452834 5.709690679586927
23 -97.0331164527268 -12.93945071352745
24 62.637030927801504 94.00792328797363
25 -74.79341356996542 -61.07797285955894
26 34.482746953766195 -37.88546311829841
27 -63.288363928772796 78.5961352512929
28 -39.070600699244395 -80.38975755715019
29 -78.38420835701083 4.077722595531014
EOF
