DIMENSION :30
NODE_COORD_SECTION
1 -53.87557475708573 83.08575448680543
2 44.524137938598784 -12.818252409792024
3 -84.4318510273576 -77.1232400398365
4 -8.989686258573542 5.811528905028325
5 -32.456088238218726 -6.3386446124652736
6 43.00462610661501 -70.77308352916367
7 -25.06276315816085 76.47597136751477
8 96.95327411701155 -36.624505424415354
9 75.35678364336593 -67.1606579809291
10 37.38369616885282 37.830998216557845
11 16.564484319675458 -36.35635300587956
12 69.28055200953779 75.29434180616664
13 -35.730633795933045 67.10512602182416
14 -56.00704332386586 -78.18506371142064
15 -70.60446633159833 -4.488261073210126
16 79.24052897055202 50.458064902110834
17 29.16157390036014 19.294476135325382
18 96.63750911063332 -49.44174483116246
19 34.785042163130726 46.98796876988803
20 -95.7443453806707 45.36255394714544
21 78.3523228352858 -79.06481302155302
22 -62.90172750964806 42.78177693549884
23 -7.629259974193346 11.12995808985022
24 -65.04079525177815 17.131776436452625
25 -62.253709081542375 63.38022658307062
26 84.99227093601553 44.16087334389917
27 -60.59302198484786 -76.98604026813562
28 85.41811393863935 67.32367027120426
29 93.51830093007672 51.638644357810136
30 97.14705383889572 60.175526335100585
EOF
