DIMENSION :30
NODE_COORD_SECTION
1 82.21007061471997 -65.74328408915962
2 43.64921142143331 -31.81736645827739
3 -50.77950608632018 38.34394852144587
4 54.138317562778525 50.76195020828547
5 16.190526505448588 12.274657412328054
6 -24.5875814201668 -51.18223306686218
7 19.278035089327858 -78.87061524473253
8 -73.9769620798205 54.77901419075957
9 25.90951954800589 -20.712315635396166
10 -65.8979670888294 -95.20480564974328
11 90.32191928343286 56.781331325051354
12 -43.814114405731644 32.924858323009886
13 53.340559479141575 -24.924327762940862
14 -77.97031515658574 87.93641296727728
15 4.050789896957198 -50.56144702008163
16 35.27535651370363 1.6189894620357848
17 15.747279699633893 -18.65471318196643
18 -79.80983184361887 -65.5848819692151
19 44.52161322376088 81.90720533830452
20 46.293160436190135 -7.64894242553855
21 -63.924678326707294 -83.89953785405746
22 -14.461314522349426 -91.34535289244899
23 -75.17792655418805 -2.3893486597936118
24 60.82778513742838 14.114670117795342
25 29.069315012065488 -64.60188480841617
26 29.969770314546054 82.14972062947177
27 -52.95380101603653 35.62763023633343
28 15.817824469954516 27.718654360476165
29 40.77120689104535 -3.6046336977548066
30 -58.84587991926074 -36.38121630467956
EOF
