DIMENSION :30
NODE_COORD_SECTION
1 -41.770549621231744 97.7250842601041
2 56.00138856945685 -26.61800153289802
3 -10.943819718922398 -14.405512520422548
4 -44.610412757982076 -53.10688821710243
5 -25.100436794263175 76.291841585122
6 -22.792272523418063 -56.98127025761268
7 -97.13754810433257 -33.808085442919605
8 42.622573470584655 -7.0509505937546635
9 -1.1006878754838993 22.079456243720912
10 55.647471388435775 38.61903089570197
11 7.771119304427799 -51.56255150838209
12 -86.20389775536499 12.489501158142886
13 -2.862455299308735 -19.34361576229462
14 -1.6424214253420075 -91.86728288083017
15 55.59238536267256 36.91000120631955
16 -89.31923141101812 65.48104566266508
17 67.92465557003655 76.48183376977872
18 -0.042613278306944835 0.26148659989048895
19 -54.385603535380575 58.61609017543924
20 88.34490248823545 -55.947194710933545
21 66.54881531124616 73.50545243550727
22 -59.12810102672745 29.56605086798413
23 35.170875248312456 25.817313508890322
24 50.42007165261623 -44.83655337787851
25 12.749123106855833 91.19919675489433
26 12.178618474345697 -6.7055005135057115
27 -12.81608908040181 37.49310658457517
28 -52.68168469779366 -30.55755098946895
29 52.74204375198525 4.927518571205411
30 -97.76580767342568 -68.66193342039017
EOF
