DIMENSION :30
NODE_COORD_SECTION
1 81.92371004089125 41.03257988411943
2 38.48385203528949 -88.48095631609851
3 -63.08768466710244 84.65821069480347
4 43.663676615089685 13.025251324690018
5 10.422149071197452 79.49446823797098
6 73.71894839824492 -22.82346786614127
7 -53.33096733448392 81.11267566989878
8 -13.257707396222102 45.6963605624054
9 70.94925201842744 -44.642519766579156
10 -40.504655678221546 37.85345526727312
11 -49.431751340605736 -59.1454752480965
12 -42.179475216245365 85.30111532422646
13 -70.72812034925214 -4.211223390513268
14 88.38308337895126 -87.83553748704693
15 -52.82638756511078 -8.613632619272195
16 15.318918356295924 88.92163253997293
17 -78.35236129140401 79.5719301382864
18 -45.53490373662849 -55.710848790877286
19 -90.61553900871766 58.56233190850668
20 -31.79830385303258 6.235795146596047
21 -4.218023864569446 87.69689538139721
22 -24.464906205848422 -38.58679647967964
23 -34.92815798038092 61.593284482227546
24 64.90436291095861 -28.294303853316705
25 93.05719220722969 -56.24294729416026
26 -48.70596740786502 -32.73428258354667
27 74.06463133063036 -18.93767876805201
28 -45.41193964567209 47.315413283340035
29 -55.31027284009815 -26.94033327664691
30 92.70134280993418 -36.841017343026564
EOF
