DIMENSION :30
NODE_COORD_SECTION
1 92.14164523848711 -24.060351692619747
2 -61.77204494552369 -82.20142398677234
3 68.7800621060766 -12.92501991908155
4 34.10261003001722 24.84637212906928
5 -32.36234723673141 88.41932005986433
6 71.35637189271284 7.425736705242798
7 58.93836747641083 -62.5669682115539
8 17.00403501621122 18.862096869419958
9 55.53373293176659 -87.57958086065176
10 -85.11195348656379 70.24364522883874
11 -20.486649622806596 -82.96337473638422
12 84.07733919388926 50.8787320128543
13 68.65708098422988 -37.20310902350208
14 93.54889655640571 -57.872700683025855
15 24.761296648381673 46.12261502080162
16 77.39148805283796 -77.12086283954292
17 -99.40165257278977 -17.252364599290118
18 15.122680833330065 -98.13440320443019
19 98.24473999227112 39.84739008397398
20 -56.68828177716878 -19.844248285355917
21 -91.25976347550187 15.042440316192199
22 87.55249502774626 46.60174542499661
23 -38.48341073200607 51.46714464721637
24 7.932321645127189 -60.33760954623606
25 71.76119665573759 -50.616846473791725
26 36.49389093871159 -29.052013173034894
27 74.85747736269735 37.356532471454756
28 -48.21080871445118 98.99344522910346
29 -80.72951699138859 -0.19360848157204202
30 -16.524062826633653 66.18088283207723
EOF
