DIMENSION :30
NODE_COORD_SECTION
1 55.80014357210314 -92.57561972053763
2 23.51808478140805 -90.44962577721267
3 -27.686831816856696 -30.673073723974525
4 -28.1158541361975 24.930026405027178
5 -86.18504493650781 57.686777853221
6 -67.87782106154356 63.14836732878436
7 -15.83981966157431 69.1326335969303
8 49.37545630263321 -84.30714283607182
9 5.04131958897527 81.38829588578596
10 -60.00011562187719 -7.182268694301868
11 -91.93277373030293 -69.83156741098145
12 -93.7792792045272 -28.80632112592056
13 8.712146893110486 -29.148434552498117
14 -17.81328755704621 15.72996594101474
15 -50.28541101203701 -76.11335146548488
16 -70.04191578163572 -24.98650381185257
17 -66.26815828628183 -13.32146794562243
18 1.816251003174571 24.223538707271075
19 78.53273754856275 -90.26320202791602
20 64.38480443643911 -64.9552544585549
21 -77.26238886154263 81.16142177775717
22 -59.597181792603095 -10.98469614068162
23 86.09104663395769 41.07779584237855
24 -34.406919909066474 -81.08903033205006
25 45.4796453892761 56.422757889124995
26 -19.080504180904185 -37.82002966834466
27 -73.61654368401275 26.522286858673127
28 84.62936579489289 -58.892358478439036
29 -70.82362573047094 61.19058305678311
30 53.82783843722797 46.30388092719505
EOF
