DIMENSION :30
NODE_COORD_SECTION
1 53.80391075561138 95.43979689770305
2 96.06340745213143 35.50226910503292
3 -66.50653093373633 8.186313097902271
4 -15.176313895616758 -73.41504614152943
5 55.59596147875919 26.14605275783191
6 57.64313740241596 62.34378813617647
7 50.03161725282541 -96.38980955152165
8 91.88491590094054 -19.285607584968048
9 72.04505582543567 -97.26272263428615
10 -40.76874661526932 92.07209314838968
11 -99.8029693879808 29.02634564432148
12 -51.03060884462256 -76.22925616214549
13 19.803270976417323 83.36657975048217
14 67.85320240347548 -61.182672881772284
15 -21.77205491792691 6.572961212412977
16 15.154934659508129 -63.669990884820706
17 -6.834287016673741 38.60644106358282
18 91.87322840641949 -21.658500603340784
19 71.02303266941573 92.21612502384994
20 -55.33505978286368 55.67344950006458
21 -50.26416990344493 49.53009580416989
22 -32.079943651274064 -94.97815003162687
23 18.837252846824654 30.160588690246215
24 -8.49962543707494 -79.94264193707579
25 -10.684156055227817 50.678182391970495
26 -32.98572504147835 -38.74144547455518
27 86.78090382843828 97.84888427123903
28 -67.89844958452704 62.360252174498044
29 -76.32148653321285 71.81690527615052
30 -19.946430783936208 -44.287028993093536
EOF
