DIMENSION :30
NODE_COORD_SECTION
1 -34.09782461202242 -36.1120507409709
2 -59.82438795049705 -94.6724077843518
3 16.252867921395193 87.52725169064018
4 -83.60427510632924 -61.617072831032104
5 30.022287841661125 -38.3457654602736
6 9.16478501772886 6.616495526353177
7 -74.6576273325106 2.490195027717917
8 -98.2644831394403 -34.83137136266525
9 -36.10217869845116 -99.77027038120323
10 -68.5432673548383 -65.16622193914824
11 34.56177752792766 -4.335307170230564
12 -19.909447803689346 84.9822307294915
13 -72.70564487853315 -92.84452935580201
14 -60.24075601312171 69.4078907144395
15 55.00040456758407 -30.789444778652594
16 -84.94972996227224 -76.27358490907181
17 7.019791323702762 -28.525485179814353
18 13.409594629567806 -48.888014941139524
19 25.149701965428633 45.71341116986878
20 -51.19495172346269 -27.424856316500183
21 -18.424744099103123 -61.57411348103678
22 -62.25712563001231 98.64813738319938
23 -92.1887595121189 -72.00290188711406
24 -97.92759748479587 91.25829206320995
25 -25.265765499701104 97.85189571984304
26 9.615103396792108 27.73398458481043
27 56.01107871014261 -39.147513759319885
28 81.50607147702044 -46.69812982220001
29 20.706190546253822 -54.774892900233766
30 -25.762637133880474 -85.90194063890769
EOF
