DIMENSION :30
NODE_COORD_SECTION
1 66.24749650352751 -68.50377652458543
2 93.4887434185942 45.665176916817074
3 -83.00514242813739 -1.7579580068263425
4 8.245875612885342 -15.153497415617181
5 -96.952934458176 74.28193148878782
6 -12.448261253245292 8.981292401264312
7 95.5421382658339 -98.10748263746945
8 -39.283704713989785 -81.91091890283357
9 -94.66967329397423 -62.688501955381604
10 -46.45603152979392 44.49773563893055
11 78.93928897225186 85.4338761322841
12 41.27940097501556 -59.134951351302114
13 63.622871887730014 42.28959330098192
14 39.01148843788144 -5.619221895286316
15 43.3306295578827 41.329180523122545
16 -59.54518659511707 66.78907146503411
17 -14.088188939166486 -60.41687012230928
18 -79.87075852614953 -9.46484819368601
19 61.59414540855053 -48.95033013210537
20 -0.6899811406033507 13.254364746847202
21 -6.245822567015296 -62.795222275370996
22 42.72221438855493 75.98560369958486
23 85.22265497006808 -1.682705381993003
24 0.8049876673792227 -65.0946923393667
25 26.844865093853116 -25.70894882248001
26 41.4726288950109 -7.957822515895401
27 -60.257470214814376 -39.95500598392909
28 25.65100091324453 87.34692151930514
29 28.700255573939387 67.98135753862357
30 72.46942882821023 22.6553858050832
EOF
