DIMENSION :31
NODE_COORD_SECTION
1 -36.56941144008661 68.9595305886258
2 -97.49282931183534 65.11700577099805
3 5.453023981935303 -87.15109054327279
4 -49.285025616531364 92.41174609301609
5 -61.54584743073164 -60.20189471512267
6 -13.060550824688605 34.863932024228404
7 -49.33384993507097 80.84421898783191
8 -67.54278795330046 -58.58237121246938
9 -92.87896145155446 -30.54090299511958
10 -62.60977519012365 -41.5321543176473
11 -36.42225071293057 -55.33478428792373
12 72.01140502569137 -53.163574890288515
13 -5.179161197379557 -45.31802227015547
14 -68.34405465604429 57.91183082123749
15 -5.363151415039596 -18.65216410273665
16 -90.87374467873212 -19.688603465034376
17 18.250688066871007 -79.39740736091589
18 67.58002644352848 74.08879889061555
19 32.73110404995583 0.6034286808216791
20 7.242499648584584 46.42351153378897
21 16.850881366209492 -3.412790206843354
22 60.8855404066812 -9.10698165945388
23 9.113830629757132 -89.61940281546026
24 -24.132230754121437 -88.15720478463231
25 -58.8625921593047 22.49876817535845
26 -55.36859914131173 86.03284096430116
27 13.306133942239057 96.06234315630806
28 30.90320268086907 -24.346016070380713
29 70.58774023363347 14.3014466982913
30 -94.5516092412021 99.97084907855097
31 -81.36959023376767 67.20467090066575
EOF
