DIMENSION :31
NODE_COORD_SECTION
1 -91.9214950326647 53.64709475137366
2 7.591043125736135 16.700259145608044
3 17.963715773287745 92.69646033646885
4 -11.840714778821336 1.4515807001671988
5 -12.984275492888614 19.261270425366476
6 88.39529331503144 32.02802322035194
7 -4.810598990218267 -67.138692187378
8 27.542692367426284 -42.394799145731966
9 -68.19632777431522 50.37874557585113
10 17.05486595205616 -77.73102821663164
11 -12.775746893702973 27.95974030819943
12 15.958443824398188 -3.899707989002394
13 81.49796546103713 -40.9705569254444
14 28.212893960202422 -73.88574545728655
15 -95.6655253434326 13.099187172888563
16 -88.51832282069915 -1.2170369535877512
17 -73.81727216317817 41.959028164294324
18 67.7066587304036 -91.58879693642241
19 6.750948174285568 -26.987351544494317
20 68.10428796652167 59.422573991548404
21 -24.82930521400897 33.92574832216772
22 -71.32153792934488 95.65318141577907
23 -14.893108351610579 8.423192211766889
24 -2.9283616514986193 46.038749310552504
25 -41.53250408682978 9.984116102445626
26 37.5522406171234 -96.37971276059443
27 22.967823719460355 78.34836373194489
28 -91.8368819631086 -86.41762827494644
29 -78.34367071717483 53.16163710079661
30 12.532130529572541 -63.9227722539496
31 -73.38998480621206 59.75079264910511
EOF
