DIMENSION :31
NODE_COORD_SECTION
1 -35.42832971195615 -19.41240462503613
2 -63.64427069047176 53.57853419739325
3 -95.29517295716671 -70.26233083059803
4 25.741351319484068 11.432166838481137
5 -6.950232514306194 -89.12207402744185
6 -7.0672142121191115 -11.30543852118106
7 -56.28279080186556 78.57804828162026
8 82.32073372197848 -43.799859961393814
9 -41.06112366246837 41.98438810037763
10 56.62320705702845 -67.06391811701617
11 83.29978342591374 -18.618202251389107
12 21.64672504318692 62.09255598103377
13 65.0637739592323 -31.763057072645267
14 -70.7991064990658 -34.024120619772205
15 -12.730713212359205 -77.0667084185088
16 -71.6370235087972 -46.45437610912278
17 -58.37605425604666 31.322065500667776
18 61.265486883606854 -18.12428036145775
19 -90.1719457283883 -40.62251408162811
20 -93.19348126673728 31.628651860523803
21 -10.191263230691575 54.65868133038185
22 64.15894212863756 -53.329072083587434
23 -41.55204666028123 -96.05524927481312
24 37.68139550539735 9.247054288259534
25 97.73916898363274 -71.67655299848795
26 -64.18973618182685 -25.33167077511216
27 27.909141622792276 -59.821869889633476
28 28.73864697108013 -26.73819522444147
29 -11.107344350137424 -39.06843347564286
30 23.164762755551195 2.3638320629579397
31 -9.350182969511295 -95.93067831560482
EOF
