DIMENSION :31
NODE_COORD_SECTION
1 46.76144717042919 -46.6437636599216
2 69.8923188556177 -26.12927500433304
3 -94.62918346375189 9.756650401208049
4 75.62692786149938 34.969409769781464
5 -2.4015192988975116 -75.70573058128429
6 72.25798448640245 48.32698149704163
7 -76.83829367410254 6.2739341381509774
8 67.89559159116402 -77.21898286319569
9 -30.28773849886761 -52.45317516517276
10 53.18028790835953 -58.39705399322883
11 31.40395742520451 92.51585183280932
12 -46.95575292284397 93.67029818272147
13 -29.667763547891354 -37.8526377211829
14 -94.5093067033872 -91.94982442386043
15 -30.930301960869343 48.621355153489276
16 -8.115136554870645 -33.07307802628246
17 70.37295576611106 21.666290040163247
18 -93.27348590570621 -63.154139210595226
19 29.237911811890427 -56.71128532866765
20 -0.39948837597682996 54.534100258079405
21 12.831922361850218 74.5219700678322
22 47.97859767376303 -68.90157041690921
23 -24.56698961005057 -24.017696773263168
24 26.77198150092663 97.18946965528542
25 -91.64211738017063 53.434798978816275
26 29.010993344100115 -98.2397936740761
27 18.961876210808356 80.23554839849066
28 -38.245441861452576 -1.6638284727081896
29 28.145762427701584 -59.569390375235365
30 92.30886293659756 -94.7464770525079
31 -7.594265226647195 79.45632588020584
EOF
