DIMENSION :31
NODE_COORD_SECTION
1 13.579094202399048 68.05659619856908
2 -50.12515153806045 -91.08975421010932
3 -65.82164490544424 -85.56713852272833
4 -24.64573158914712 -8.26995696911213
5 -63.990966005320345 -36.50798245230473
6 90.46196518530755 66.77877950604736
7 -97.60493505453596 89.42569000229662
8 4.72580048481754 -75.68086719609401
9 47.002255727363405 64.61188522016565
10 90.85834026842656 -27.276615119240688
11 85.88939234898152 -36.63485668266697
12 -33.55789940347013 -82.86439909713015
13 59.60917505567073 -51.64479909381472
14 87.15443244515271 -8.699094236221555
15 -54.2297276895295 36.01375410898811
16 -56.78702745281996 -27.817719665557775
17 0.3234738125296843 -88.33714725311228
18 -35.800878959925456 22.02431639531075
19 44.936473035986324 70.76283081905433
20 -67.8564304249399 48.81238022350581
21 78.1732885027231 99.5913389074347
22 -21.265483569791215 -46.385252746644866
23 29.795982444288967 -23.170557636002712
24 99.73565051240064 42.08433508302889
25 0.3578635988196197 76.9446065397492
26 -41.82226817281427 17.435676383713
27 -67.64106249876427 86.92459202715648
28 -32.3860642738709 -56.49810208683843
29 -55.41414433133056 -90.16982674118496
30 47.705899453517674 -30.98451071434755
31 -72.13964271532976 21.798876170106652
EOF
