DIMENSION :31
NODE_COORD_SECTION
1 69.70513268737665 -27.07821498817023
2 6.745208313573883 -52.9938218026184
3 -15.11872151982243 -62.87161501512977
4 51.08489363469252 -6.406384324397948
5 -5.389761198032517 44.42289481105374
6 -21.982797082162108 90.2049523318286
7 45.28696538368021 44.26236639068901
8 -63.94894693351421 58.90859744790592
9 -24.208910449190867 -92.59670991759357
10 -54.267365116951204 -55.57856109977588
11 -64.09600992009644 -5.148364235345014
12 -61.0638339547056 11.56884307390898
13 4.745096761053475 78.15201349678574
14 16.98807137114801 -66.37455761103973
15 -93.52519446042456 -24.89100356329152
16 35.51629648221234 -96.69448611903336
17 -12.887179181859693 58.19771198992578
18 -93.85672524992512 -68.03924060847419
19 -35.827601396243125 -82.6652054202232
20 68.61742157552621 -32.417527977864395
21 -10.087493103669516 14.344967201397367
22 31.704794836985798 58.49404504130135
23 79.36141260206404 53.37246181971301
24 -92.8611076549964 17.158864312538043
25 -54.133099364500346 9.650617927235714
26 68.15338320690711 97.31771624247986
27 -40.220278871201856 -91.54287356409094
28 52.5988738802925 87.70886274739814
29 99.97860938771444 -73.25377654379415
30 0.3715480306726988 -53.08694136321846
31 3.296630066067621 1.8635377625539178
EOF
