DIMENSION :31
NODE_COORD_SECTION
1 -44.47285024325514 -36.019037838566724
2 57.63073917406612 -6.844853051128368
3 52.91248030944038 88.15638466918077
4 -92.90419673284195 -40.505027925529745
5 -54.29319653195148 -61.76291821941619
6 -8.472423894575144 -61.23623377373446
7 -73.76515143899493 -30.91976213350678
8 -82.56720869721903 -89.64035378532493
9 99.26535567999849 -20.299505267755322
10 61.166963462151614 75.30410007344724
11 -70.19269019903611 77.72692429285254
12 34.25812214814641 31.446174053023384
13 -50.16647810287036 -14.764860449260283
14 -86.46751897499468 -54.0590763148179
15 0.76870402853379 -43.01877939801897
16 -78.03867768269711 99.64189085299765
17 27.055776114411387 -77.89696656810207
18 50.24977156917794 -91.28827153519579
19 55.84067554050023 31.643795898094595
20 -5.460174602912971 -9.33117921069919
21 -1.20747578901954 -3.2084667286752904
22 -47.79853406845407 35.252080537767085
23 94.30256065818409 36.51749153970735
24 65.53736715754283 -35.09992817712214
25 -28.218220706689067 -81.66480205263096
26 32.328111435508816 -74.69541032869971
27 64.50387786931668 72.19136174602014
28 12.496549398582019 33.41303937608373
29 23.41651924340222 85.03854283862208
30 51.77140183443285 -71.58210995513545
31 91.57066061757732 42.42871570431009
EOF
