DIMENSION :31
NODE_COORD_SECTION
1 -11.631914674841212 -94.91675455445782
2 -35.7088674486848 76.04379099923602
3 80.4918029290994 13.934465281839465
4 92.14986026029328 37.52285760190233
5 29.057333608425864 -57.22430476333624
6 -75.96208673349093 -84.80645420611896
7 18.948848609575904 93.17696778423195
8 13.213793915427942 70.20625944075371
9 -5.698131456219684 77.3865892919597
10 -14.224445981549863 -19.294049633118362
11 48.70479209589405 92.96381399585408
12 -75.76179356821335 -36.83215155182866
13 -27.58868826201639 -68.69622868571437
14 73.95757815811697 79.42290926290005
15 62.69765935698038 67.25313270175414
16 56.366615395166605 98.93480319181859
17 -20.524643197539888 -45.4459578164601
18 14.591791456517015 54.05419720347072
19 85.49657680197956 -39.35702294732985
20 39.86883830375484 -74.6097282509242
21 -51.034144883132626 -85.62985501149096
22 31.2784947333852 -74.89654998933264
23 -93.9015568418248 11.494214066797241
24 26.674619198610202 -92.16271241633261
25 -17.857867983088994 25.346138917200193
26 9.278539890721092 32.171648731833926
27 51.60594974749034 3.844941313775948
28 42.26511171326527 -80.10669190047793
29 81.91576060064205 99.08740456672086
30 -87.23261032355867 16.04419964178976
31 49.44319162949611 72.02262901100659
EOF
