DIMENSION :32
NODE_COORD_SECTION
1 -71.45946007843366 57.92831507167412
2 -64.73986881183194 85.59361374919197
3 -69.08749927954314 5.65036146874229
4 30.41955381420553 4.873641067033233
5 -22.893599538470184 -53.77583625153053
6 -43.801602325465524 -49.44502388543546
7 -85.31733950694733 -66.65707401074025
8 65.89953142422937 40.67386863897124
9 49.10365124909376 72.73907527141168
10 50.11424584125899 4.045263478621635
11 7.537716852582932 47.441230609585546
12 -66.00688403009477 -5.415748635860112
13 93.02978352270026 69.89823692116357
14 75.34788868184955 20.327274930181332
15 13.49282413724228 -68.19836162993771
16 -71.00422662133283 8.472631581607985
17 2.2011793926789807 6.226883876147042
18 -59.390922959732116 2.1739907724775946
19 59.943129658742436 71.75273838456008
20 12.434701063740633 -9.515468328299988
21 -56.283227152508196 74.50736961216637
22 -56.400456248780074 9.76356673669639
23 2.829846701937825 21.628647729922434
24 89.31945108331675 23.0214082983333
25 20.49056137044785 -91.5847277845993
26 6.180895445894393 83.09240558718446
27 57.453280649302684 -78.5155651403418
28 54.76613262995252 16.190096569126382
29 -85.99078787506573 -68.45929347333364
30 16.244161894788945 -75.68748503448552
31 27.5890704422266 91.89995404159694
32 -53.84863464865488 -1.870316864686501
EOF
