DIMENSION :32
NODE_COORD_SECTION
1 31.96832952744677 -95.19952664946057
2 -58.194291196772156 -30.629991558489195
3 74.39669679358784 -33.209161382250585
4 47.01981357283785 -45.92852648438686
5 8.673864546192505 41.91349511706008
6 -54.87677086015059 -47.48984432212604
7 83.57086586681405 -21.0833927355484
8 -70.35417015797773 56.45621910164596
9 24.156789911582408 -95.82868699890672
10 12.083810116335613 75.0374313018844
11 -89.96545589515958 7.576262922708366
12 -55.020746025912985 -70.71170333169621
13 36.22838930499597 95.27064863006723
14 -10.321601497399428 15.402811768888554
15 -30.697504060846768 33.11208555977316
16 -27.695057471974934 61.13547109954891
17 43.51646888294562 88.66459079172822
18 69.3363791294941 -25.790873295244438
19 -44.69968188331413 94.48123061578809
20 -56.727172041314546 87.25243639835122
21 -90.94210430711962 -98.24519240266774
22 -90.76056619203052 40.703684754848524
23 -56.7156048152883 -29.050824875196653
24 -45.03502272324762 -86.71827734108282
25 23.210051985172854 -45.18718709473919
26 59.43084614418683 -90.9609705556059
27 24.658837623514017 -30.784696292903348
28 -40.41381941427866 -59.324222968925945
29 53.537315268883134 -81.46354605727142
30 99.87644126056526 10.707938530002536
31 46.345635036477574 -55.12311779073962
32 -34.06567257624414 -14.753482696511426
EOF
