DIMENSION :32
NODE_COORD_SECTION
1 -72.25966872447107 -74.77124034804659
2 -67.91770428334354 39.47801820021044
3 17.38148387070524 34.89321964482747
4 -75.92829809367637 10.933118575351571
5 58.378830859321226 -40.44287167071117
6 -76.98146438101617 -13.307170802186292
7 -0.4626765246061666 57.07841657650181
8 68.719233894588 -22.34358908632285
9 13.760484338110501 51.37954479454598
10 -84.29897825843413 -10.608970265866333
11 60.37130473226364 -94.90173508073497
12 34.96664094452902 -40.664728810379394
13 -79.97377792797951 -47.10546945056897
14 64.42168341666002 33.11648820676845
15 -32.07340174163575 -2.5051180248008507
16 54.64587487616339 -67.44847724512476
17 83.25854672914969 54.34463772615533
18 -45.478719308170426 42.314475700087314
19 6.268594033887936 45.77736036593487
20 -39.66805079987215 47.919186068567655
21 -50.89074257663104 -8.09993961671492
22 12.300959704597972 94.57824211975253
23 -57.434978764796554 -77.06835705104653
24 -35.86732937588259 -95.3357021826217
25 57.9960246488543 46.52130723319942
26 73.97917842277798 90.9136386127403
27 82.31302733947012 43.61249113219205
28 69.3518725897759 33.175912689116444
29 43.52405400893514 -62.2929002414083
30 -76.14967412906041 -51.57193335438222
31 -14.63050042557488 -15.076113249380782
32 50.18243559001212 -23.065449336356565
EOF
