DIMENSION :32
NODE_COORD_SECTION
1 -12.721335377600766 40.40116296917685
2 -50.57521362618449 -27.376852890687985
3 16.92090453120352 91.64074654527766
4 -84.06777362953545 -59.3904686712335
5 5.535832946142037 41.971433990610905
6 37.60416843159675 -0.9955791071058115
7 58.277857298757795 26.794280988522473
8 -37.086007946581546 -10.989327149013107
9 -36.65200789313863 44.10149305716297
10 -1.4844521302149474 -60.082570211272255
11 -44.577453463986295 -20.617551740533102
12 71.226550574008 42.299161353969794
13 78.53036800586548 -38.98994804875579
14 20.23750249096014 72.34019933398432
15 -1.5419658070838551 -92.43616963646446
16 0.5825926250110314 -70.77063204838345
17 -53.01112007491089 12.335021210747811
18 76.76043494885897 -78.01658605318681
19 93.7583253821619 25.298158434775814
20 64.49421557834748 -52.27817206469183
21 36.23456916420045 -60.87738399399638
22 -61.027704281317696 -59.67006062382436
23 74.31019303750583 63.336633012866116
24 69.51184899016499 -63.38896925031212
25 93.21689253741425 79.54548014184078
26 -36.56020370570832 6.442418166135937
27 16.95199378801155 -89.35559829971109
28 -93.91326952798124 -75.88560151076945
29 -85.86789319333754 -91.74393633223166
30 69.14119135371678 19.945170823650656
31 -60.83430446303737 -34.83861166804503
32 -73.78686080792016 -55.571317003062106
EOF
