DIMENSION :32
NODE_COORD_SECTION
1 -9.85058610277521 -42.09916296236873
2 -81.4288257898006 8.234149086124404
3 -89.07157306443088 28.431538969624086
4 49.38306334569805 36.591194897073365
5 -91.19894479349568 76.27021432029494
6 6.745922729791914 61.226607823114506
7 -87.59222258043147 -22.81655639941475
8 63.2680738549025 -7.026021334296885
9 25.877229791005135 26.283268771148215
10 99.95575270456098 60.22478679134801
11 41.595729797159066 -43.78066977685906
12 75.74044068301745 -13.25832153398045
13 -99.91842540119922 -10.24237656579679
14 -62.612014759380784 -12.996494297260426
15 72.04356348488204 -86.7977920375038
16 75.82594347208948 -33.97325445628607
17 69.92959544086239 40.90519290795655
18 -67.22298419446533 85.02189742763963
19 -90.25218243112914 56.1494635409457
20 -59.31185423973835 -40.09240346211725
21 -61.33062362654789 59.977569688233814
22 39.29630322902739 -3.3808112549187825
23 19.89836975888248 -62.92057038925396
24 -46.226422050918295 -64.6873736330351
25 23.521107001564985 -43.35965406530269
26 42.24580497213057 -25.02146004861976
27 -89.47651355829416 -33.90990368895011
28 24.58044455987138 80.64545806423956
29 16.891707424250697 6.982776017264797
30 89.6910357539007 37.265211778917916
31 45.68813584823695 84.77621978583281
32 -54.79287437202993 -92.46242380227898
EOF
