DIMENSION :32
NODE_COORD_SECTION
1 63.11920879184859 76.95349315709475
2 -21.25091769377096 -1.2184995465287898
3 83.45853635664591 26.07090858083791
4 20.306590513915367 -18.93708362997637
5 -0.1648309851273808 9.494618181097152
6 -43.67877791005432 4.719021936345229
7 99.16290125462837 -42.34935156508086
8 33.07775132753207 -15.421895090654616
9 -62.33505092911686 53.913682275552674
10 57.763885474847996 -21.10516532962845
11 99.40452552304842 -93.84693710917065
12 -43.90732584576678 -59.414185378542285
13 26.43202030657625 -23.604065823857525
14 12.005980800044028 14.414810909253191
15 5.003046748538992 -60.561274711421035
16 -45.12970748900833 1.4473540924054618
17 -75.45171187543865 25.027465807449786
18 57.427964493585336 86.50829123989655
19 -60.44734339676454 13.266223301363183
20 86.86826752952425 -69.95999529722205
21 59.22773669146068 -0.7977358507360179
22 -88.26567297085919 -37.3269233460944
23 -34.16185735490515 -79.9245666490076
24 8.98366783301094 -11.014754094085717
25 19.768945118104924 -52.4916771418882
26 38.37144310161625 6.338483109587315
27 47.89789814422792 -13.047002986161615
28 55.4271512570015 75.34823300875675
29 -68.43730179175533 97.99895077936145
30 19.64715980613194 -59.5472610427735
31 11.390200890229977 51.68609520191916
32 21.12690932262535 92.21464130763303
EOF
