DIMENSION :32
NODE_COORD_SECTION
1 -2.4582817012213525 91.30778513403669
2 -37.19570128311545 7.535189427484568
3 -9.524705343824834 -53.263253996920376
4 41.72925931473631 34.776121790555834
5 88.03096737153126 15.123299306376325
6 -58.67335163560152 -79.49094793367242
7 84.78144530221624 94.16444901551583
8 -8.708958362408055 -77.08363705957161
9 81.91612336552382 58.360209124961614
10 54.06547069767669 11.948215664585348
11 38.16363197598298 -44.84627511194959
12 -74.2164508415012 67.5642364002614
13 71.53018961761782 25.106482098610144
14 90.67934143306934 69.53051186561186
15 55.683055814685446 -48.68512932222841
16 3.7513579822421548 84.46631518348659
17 87.03501895940042 -72.93649963725596
18 -25.681385876455124 30.249309244647804
19 12.062373769152629 45.74964593281041
20 -97.79174175034666 -96.4481590359291
21 -0.8845656666290438 63.40235795334755
22 -21.33415208623819 -6.804775312346905
23 -85.04280757618487 -38.34122727518023
24 5.680860119941485 -29.82733101197688
25 23.492210357278708 -52.15082919563812
26 10.271679887224224 44.60591728408622
27 62.62457892339978 -31.11840041912393
28 -65.62424485173952 10.564428886571193
29 74.91013297256669 86.90562005036551
30 -33.65768686585879 -38.40982045872134
31 68.64478863342694 -32.725870592445176
32 -53.373565638017276 -47.06485958695461
EOF
