DIMENSION :32
NODE_COORD_SECTION
1 87.66423057294585 -23.800378703685084
2 82.9158179644765 61.43321519863585
3 32.02488874891131 -85.6443950646676
4 -95.04753146778037 -33.35127314774475
5 -87.58771463138926 87.56126280508016
6 37.71764495586936 -32.065673118744556
7 -63.34342967157782 -6.672217899149018
8 -65.55561248625415 22.25362679262453
9 76.61433129091205 2.988648669394962
10 37.52452374756558 -68.17880417938596
11 94.46042902508017 -83.07514919487676
12 41.1969739968757 96.00947924614113
13 -37.91925020142239 -66.23342334928554
14 1.5515239116164423 -41.18518863216707
15 -54.479759881460524 -8.09730483614139
16 46.759323016055674 60.702144303358665
17 -41.33287054489152 25.418330390359273
18 38.29314943509138 78.06211090047722
19 -96.16920479207192 91.620058330995
20 13.001857458277314 39.178131108458814
21 11.597316853646689 -26.40289123871304
22 -3.7448314119596944 42.51535487432031
23 68.32332545575531 -61.19381100207433
24 17.97633303836838 71.30721859744966
25 76.85527754664983 43.4565071519805
26 86.23190449542028 97.82956846343913
27 -65.4620970838842 -87.48932688056507
28 77.14940584070399 1.4162672717216225
29 -67.69790859531307 96.40622656081962
30 -14.714878221180498 86.18429439861086
31 79.59907619869207 -91.85840864554964
32 -54.83402136803133 -22.39952406984189
EOF
