DIMENSION :32
NODE_COORD_SECTION
1 84.06404272917348 -59.36942919578736
2 29.2138507285176 27.997905856472656
3 79.28280139066231 -99.42878022711905
4 95.74880144936998 -81.5608785297316
5 66.54244830482531 44.75519443827872
6 -20.04732511033707 16.342977631360498
7 -41.602811799961835 -52.19833348685352
8 -84.66458344821555 -95.88701438963065
9 11.569305145736934 -64.37807359262541
10 -18.348646665714767 -57.447222392857775
11 -84.42379864729412 -36.033861683819055
12 19.473522683811865 98.92656899862266
13 -38.62759082802785 -63.07688835187169
14 19.622452275207095 62.18030433053164
15 93.21097893498441 4.954449628363179
16 -28.389198622002326 35.393070326678014
17 -20.844936574335264 -34.16665755788006
18 -46.8832180761237 69.94241887537348
19 -50.85274086401059 -93.10243962394374
20 -78.39914349006456 11.53128335971087
21 -55.72932167941775 73.31497800069238
22 29.531805531912312 65.13828819480125
23 96.8123625951238 24.59932322181919
24 -73.71022604664101 54.11727116698498
25 17.96622231589606 50.402659543732454
26 32.66546610951468 48.08587736659712
27 -91.5108395292903 -43.34966125244581
28 -22.023727699875266 -35.09274160387244
29 27.350755051273595 -95.62689596085346
30 75.17165559353259 13.98277706497528
31 54.39325169870983 -13.86978597522696
32 75.90159230437501 41.23793888990136
EOF
