DIMENSION :32
NODE_COORD_SECTION
1 58.00355214271556 22.95077086070971
2 84.34422008368912 -98.90151601969768
3 22.42231123701923 73.35258658341925
4 5.753999975008583 -82.27978019005091
5 -51.37612776273344 -58.32738398650099
6 -5.72410916432591 23.11843979551871
7 -19.569314126554673 -80.0970862926403
8 -30.364553500090892 -48.17275397250778
9 90.07647209171671 -40.53846986465701
10 74.61479683173772 21.21906443633148
11 -89.58150406450906 4.310810704425023
12 22.762925336684674 66.96867788403782
13 -65.92118087243652 -9.994715479855799
14 -51.50047609717075 57.279502289370555
15 13.969026946668663 29.50041366424165
16 -24.97627732625955 57.19168989873194
17 31.87919614787583 90.34267831739004
18 -86.70929445176847 88.70568859922412
19 -84.71128069408749 82.90029325244504
20 -15.579371831446025 38.11899214277457
21 77.28285389178612 -74.4168874127831
22 18.25600817045992 98.88782535820309
23 30.435751461902782 30.53928484248317
24 22.385091005819362 -93.51041521556319
25 -17.25298729066303 -37.89481910266566
26 -61.19948519822238 -78.82403411978342
27 62.19554790003599 -39.675594101005544
28 9.46390015152086 -54.82930787896372
29 36.200987117049664 -6.85950593657472
30 57.398767857914635 -77.22011587661201
31 -6.7404632611161475 3.4071769345689944
32 -43.46436220987735 -34.952855077772
EOF
