DIMENSION :32
NODE_COORD_SECTION
1 40.44670644810452 86.65426902038195
2 88.08733347412482 80.67358366095345
3 -81.54100404228839 -13.452980675149945
4 -6.795323354327422 94.13296284962013
5 -29.667424847874585 50.76044051321725
6 -63.24012185068286 2.3595216345782717
7 -7.578004638404053 -49.423062415120846
8 78.54641499618396 2.112625730924634
9 -81.45169308231604 48.90088979468621
10 3.6198794080099645 -49.18572728317665
11 -55.067102103828994 36.32794851056903
12 34.55601730310053 21.71222672234441
13 -72.56860759154877 47.10883967123195
14 62.41090231067224 -99.79227422649248
15 -17.602882139784157 47.71387060705774
16 58.66957325813016 14.542366532333133
17 54.729939104049805 -25.506435088239044
18 -71.67883188234197 68.45279956692337
19 30.142977402117793 11.96981676988456
20 -56.70005242841876 49.06595786671042
21 -36.59378696582991 -50.418921072003364
22 55.883367678817876 -79.77846586529202
23 -29.697379473537566 -67.7559157173414
24 -66.7602353025531 -20.427398437052034
25 88.2589472109934 -71.11620146692958
26 -22.83011821023804 -42.77076400207507
27 -50.910132161115975 83.12217108871818
28 97.18795305154407 -35.625903702789
29 27.020818670274878 -18.394500252601915
30 -9.560313068244184 -37.80702454749103
31 -73.86867807513933 -22.01081302512671
32 -51.44396487498288 -85.37257182544928
EOF
