DIMENSION :33
NODE_COORD_SECTION
1 2.1491074221539748 -92.5393940680608
2 -33.062759835603785 97.80000055526514
3 50.34845215707415 -81.77587361085213
4 58.50435993293655 96.63632725968668
5 75.6582297494846 28.282080291005798
6 68.7038494112823 41.44609481401412
7 -21.20309734897421 -88.18950502220196
8 -61.24126701698111 -19.443206045372747
9 11.283735932801648 -92.0357681477074
10 -31.27983093487221 13.859297734319952
11 -24.93392788214976 -84.90528897613187
12 95.16908339503908 55.194706165853944
13 -29.082280707829185 -40.06349419665134
14 -38.93644724297314 63.10912371382486
15 -52.55441877519833 -12.210483815450559
16 -61.348912197313396 -10.383687009490245
17 -58.98172720871473 -40.23771918055172
18 70.46659983732536 27.272107463279923
19 -83.3430204408895 -85.56873636884936
20 -21.211627828517848 -3.221288999984992
21 -79.09457230675294 53.80984646947567
22 -39.47416640227226 -89.49915557122578
23 39.922371422379484 -52.69006231015578
24 -67.63530156545754 71.68997727565048
25 19.516545737011953 12.418049666789187
26 20.09637316523589 -75.12321607384102
27 -51.42933286331173 -72.90305155889882
28 -3.589764326975015 59.806131360854636
29 -66.72251781923862 -43.53721209392489
30 63.02891809056416 89.45291417192271
31 -3.1623267269299475 -64.92306994470025
32 45.918270999213576 -27.92886874787277
33 -72.25433803017907 36.23063506061911
EOF
