DIMENSION :33
NODE_COORD_SECTION
1 80.433454442196 94.14255043715266
2 -35.410924204582045 87.84371176122923
3 -17.469336409317847 -37.651185032193624
4 69.8742546565826 -33.53252884722477
5 -71.48362507532629 -44.02260532148552
6 66.04578885782468 -55.611481385267325
7 9.894933908357558 -71.47120059846826
8 64.94909497263671 -77.05877487874827
9 -3.1757720423133406 94.81859340259061
10 -7.953523575935662 -64.18297118374701
11 -56.22969157364515 -12.004952679159047
12 25.933747092617438 -51.638398343926895
13 -96.02970472913302 -9.252520477831027
14 56.10426180448508 86.22936458372075
15 81.20097314360302 86.04835420292994
16 -1.8977895947554657 6.414124223122911
17 13.951855845230938 -34.063834428948354
18 87.43358065732843 57.46372742329896
19 -65.04674748134134 61.26028875926508
20 -62.92023605771555 40.72562228687184
21 78.11126862787427 10.972973083961392
22 -11.81467502191704 -19.240668115317334
23 15.253334544576717 -23.532213104155787
24 9.468027180879446 -59.40910104634403
25 96.68937809255996 24.627782650766306
26 -91.87417724841842 -23.72664158060445
27 -57.55463180820064 -47.33915872751264
28 -96.50805438804406 15.25651972010526
29 85.12741042205653 8.463593585948175
30 84.41595682953152 -35.64185407606841
31 -99.2737257790794 -27.830522573053756
32 -77.6749502865862 -94.33201499564929
33 80.27369870638069 7.700502433026713
EOF
