DIMENSION :33
NODE_COORD_SECTION
1 35.09741139418966 -39.874364933070574
2 65.21237114938083 65.42236190193066
3 56.59563594192875 -22.028835911548654
4 83.70250797852458 -23.59031324350825
5 15.468674090832039 -73.15239249210228
6 81.67528520878531 -92.05659464875404
7 23.946583293223924 -24.63784390275822
8 -58.96171995046442 4.954470577006731
9 69.69504752089776 -78.63503765208779
10 -21.080651021471212 61.50090363429135
11 -89.52201410532518 -44.592772378920365
12 -49.02081352337437 36.26643571590867
13 65.60767577773314 -37.2392629810004
14 -79.03980558543773 87.81267564139165
15 -49.644604790583394 15.298869028686866
16 -88.8981883566271 18.872973025506994
17 -93.27771997713543 63.32822921316682
18 20.903904689640356 68.39053519186731
19 -27.553383108261812 27.499024570574917
20 -44.178384628792244 -29.33285575219955
21 99.8503158210923 -87.78851982351176
22 42.82631449936517 -87.09696628201414
23 -12.896011852166353 14.474540434073361
24 26.369178949939425 65.57248412225067
25 -83.2835659690183 -14.037747364311002
26 36.135241898515034 -65.5061853168942
27 9.53110512475726 21.052239980388364
28 97.07746593457071 89.11643362158932
29 97.23853242216452 -10.080238808023822
30 12.571868989877373 58.46175430852608
31 -7.6097151087084285 -86.70010966856422
32 -6.863624992205757 -45.681235962900566
33 92.126694876617 -15.680562396215734
EOF
