DIMENSION :33
NODE_COORD_SECTION
1 -31.412109203305903 -12.644903019678381
2 -81.65814943726454 -61.53218794218067
3 14.937057466664626 -59.37266771626497
4 -4.2885229848543815 -65.70287957228166
5 7.185535856019754 -55.55428546780663
6 -68.62821307853042 -85.79171222447187
7 21.563153620643334 92.59731150830274
8 22.72654478842051 -10.585528906734481
9 -72.96451758463094 -30.770412018270648
10 -13.363426264321944 67.50817480527277
11 -3.687257184508212 75.10177060459068
12 -93.24352426019038 -7.596705956208822
13 38.80182022693168 32.17726643131729
14 59.90983698656194 -78.30892365207758
15 41.811164956666516 82.21275401857301
16 43.45716963428171 49.741395310783105
17 22.919989743694202 -61.83654869023587
18 -42.16244253764019 -31.33034588928878
19 -5.725306152129008 -78.36177745800947
20 -88.05855896147348 -25.671247898563394
21 18.677016053657326 -74.69777317942514
22 13.698609459607042 70.77459144273575
23 97.67993045880178 76.03891558171276
24 84.24195045782105 -95.80729872275387
25 73.50904074706673 42.84714033060001
26 -8.765844317198884 -33.93745269219046
27 49.47851235559625 -67.13669465059506
28 -64.57890581431715 -54.62476293661596
29 37.672382077392484 49.56253488880236
30 44.20210951796312 81.00936041954117
31 28.01356672257276 49.10682797682563
32 26.984135939902473 -32.091301452111054
33 39.444372403243676 23.972313292532462
EOF
