DIMENSION :33
NODE_COORD_SECTION
1 29.312983889004755 -95.50521552981199
2 -38.20596287430931 -32.598273681249054
3 -13.748186560340912 -66.21391046827588
4 -73.98976245537511 -72.10763845252164
5 -79.79669043981612 26.984958643855734
6 -49.21683905540686 -50.15632694242622
7 -45.651361077681955 -14.167740865336057
8 -94.80773444939604 14.652964620639096
9 -79.89709813957695 -1.1811280061470768
10 -0.1426129339159985 45.96148353959978
11 -74.53679724946397 -23.617765108098638
12 73.17750716005636 23.41737825749388
13 -79.14775637060663 11.505104850926358
14 74.59191688858752 -38.76387579000824
15 -49.963320263236156 -35.327082625175635
16 -36.599757958489334 -48.99715941111475
17 5.926202266376251 55.935053688121315
18 -60.47081345735232 42.57531266533891
19 24.53582200379789 61.85442062027403
20 -98.26446196962104 42.61029607726414
21 -54.87965578854237 61.41892409910906
22 89.08650466945409 -52.850080338848706
23 -59.533321758394344 52.52725995115148
24 3.160007809494772 92.86904549235828
25 78.55611093366713 -30.549273372067944
26 -68.74092425439909 10.99841693919133
27 15.285265064547659 71.71170276512504
28 95.03618114832483 -1.3974010637404888
29 37.661055680623065 -53.89148608659109
30 34.27471717338116 -16.194301068883732
31 77.86145864142773 66.15549430511732
32 -97.82338348171234 -45.278038000730916
33 0.7804929811470203 -13.003865880714429
EOF
