DIMENSION :33
NODE_COORD_SECTION
1 10.581255636499918 38.05782832566237
2 26.534357446789542 75.38752669017771
3 66.09800651307077 94.12528744043081
4 -47.65712365850314 59.37866178604639
5 55.48667682276519 17.110867018650595
6 29.363811578469864 35.29910856351543
7 7.390627344952776 -5.237281699078935
8 12.24794903597224 -69.82182960215768
9 -42.5680009163725 -5.828613807107956
10 -6.5984902201198 -36.067124889689815
11 20.998814242287978 26.828004514690278
12 -29.501985131306526 -44.113728971193986
13 52.010153264978555 45.389636904271214
14 -86.34466844245532 39.20446040794775
15 5.121667105712248 -91.19657102863047
16 8.82223139667893 -26.48271134844984
17 57.31005556341117 92.48026797368288
18 58.02014232478797 76.6515666036446
19 64.50185030873234 91.49761745037341
20 2.4373706994993256 -41.68003243537146
21 29.88833378973237 -32.6496258791926
22 0.9747771362504523 -68.22744931280083
23 -57.20500242174757 22.55761935034917
24 44.69323222533342 3.8321359240468382
25 10.450515441911222 -47.52786723027225
26 -83.28503173152234 99.39872085570343
27 -50.273246344188216 19.928718766961737
28 17.482245328022444 63.42217693287736
29 31.897935329079218 25.906350318545094
30 -33.12136300287578 1.5065859625982796
31 -19.306387493982143 -91.83174761978191
32 -32.430556200385624 69.72358929690947
33 12.396630173958116 89.88312020091885
EOF
