DIMENSION :33
NODE_COORD_SECTION
1 -69.55619139448419 67.70383519036878
2 15.612410668900651 -68.10711720275634
3 -61.21521709388347 49.19770006568481
4 25.814502126964186 -17.846426645608446
5 7.371165205093561 26.426402886254934
6 78.09576655124718 40.71655567280567
7 -19.438050142117078 -21.87849377073195
8 20.76031868703309 20.18171900844301
9 78.0645763268754 -1.281478313519699
10 -75.35602691318067 -14.05597928284277
11 33.658190758774396 83.34526941971785
12 64.53433065440771 -71.69308382426918
13 -34.966437093976396 -61.24738800248248
14 37.14276997898273 45.29470571724789
15 56.17673332264792 23.14785430889468
16 -95.42518492349407 -21.325225811372306
17 -55.92516800847134 4.805021896294079
18 -21.778023290797137 -26.760307281009133
19 -6.875658478768926 -52.50964516511238
20 -34.77524938757715 88.18842352311279
21 13.473359526826556 -19.844570010209466
22 88.13298186008544 -20.515295220973996
23 33.631206743377334 -10.985636972595273
24 58.11636561272104 -6.640101524427905
25 73.03014766414012 -17.96443917664226
26 33.05445359600142 -36.33345430347139
27 76.82562019337743 19.04269159271641
28 -75.93794933688557 -10.42191716882779
29 73.07288809086671 -24.96656266884358
30 27.482501475767023 -14.830946508041137
31 -8.480329699892735 -90.01123977707792
32 -45.89213982141827 -61.300636890266546
33 43.60575763092845 55.359484974146795
EOF
