DIMENSION :33
NODE_COORD_SECTION
1 86.47991285847937 92.16475822782041
2 -55.667537430149295 -95.30870344192381
3 42.25810976145556 42.93593011167067
4 97.8260086072136 -20.96347133193504
5 -49.79279814297506 -59.176837468526685
6 -1.3110966137712268 -54.231232702123535
7 -16.03705609305439 -78.15335583271835
8 -80.19873370293291 -96.46458793009238
9 -63.49294684012283 -96.31458876804197
10 38.8669545875149 24.592509054862276
11 -4.420684421825797 -53.66998858076861
12 -34.72813937248472 -80.2940676601451
13 -7.148441051702534 -11.694698000053677
14 -38.7239214755394 2.734625393435948
15 5.751553335237531 -5.178062378644839
16 -46.677641180440396 -84.81969304945423
17 -30.0737255844125 59.879374739587035
18 23.969917807660337 17.277115278986855
19 20.685615317700297 41.25706640074608
20 50.93917213189491 -70.26621243509899
21 23.369158359600846 75.49469429997245
22 -83.0204080291384 -80.9700608483098
23 -24.56974803589101 19.376382358891448
24 52.74935105979887 -40.792875531484476
25 67.13303135879366 95.0977948853016
26 -5.377911949135637 -25.61556006368062
27 -26.890157992055805 -21.790874163228665
28 -59.687377958995505 68.76742721798564
29 13.627818400394247 60.59112353343963
30 -32.560001272190206 84.70818832313432
31 -27.73486677166663 45.13524383732323
32 43.62289286279389 -5.586398518644373
33 -14.201141524508245 -15.536869957233137
EOF
