DIMENSION :33
NODE_COORD_SECTION
1 84.35267855665171 6.964957468516303
2 -13.743496023896597 -14.915513258278779
3 35.89089611500512 14.203159456023812
4 -22.02559356717775 23.384609008267063
5 8.765756314604744 68.86574479903578
6 -94.88523139742371 23.190303955523703
7 43.174139520528485 4.131060519177041
8 97.52996801618704 13.44367414511484
9 -14.549123435943343 10.400173912225625
10 42.614622478669105 -33.48005416540154
11 -66.10103756175216 60.364912349371906
12 -20.90302891952416 -60.2672961048313
13 -62.16269681317195 -41.269555027172444
14 -4.716300971331464 -14.66770687902634
15 -69.2929629023906 -41.97073652821612
16 -39.256151338786374 -24.390257054894988
17 19.679011975050727 50.127288354912
18 -22.356049456257082 98.50802337188978
19 77.05671164139636 -57.56292356146635
20 -23.57692010141406 19.18117854731716
21 82.87027046027794 -41.482944847681495
22 0.22316795861398475 -25.76890304830721
23 53.40896647088891 64.6497680187021
24 23.466348675767648 -32.10925319714141
25 57.0410353497972 -82.8437196920689
26 32.19783664021827 -26.7882548466295
27 -33.4787362026147 49.61781572056205
28 -42.71081674806909 6.353106568337324
29 26.088345776817206 74.83988958353999
30 96.32360045860852 -61.64274297249774
31 22.005579247876767 63.308164825185145
32 85.9612929083001 -63.66169226061664
33 36.80002840694061 78.04937730917632
EOF
