DIMENSION :33
NODE_COORD_SECTION
1 62.57259719129672 79.46777954033945
2 -52.8186158107743 8.029406885773199
3 86.45098618922165 0.5899874380568235
4 -45.051187051079644 -27.45244924488945
5 61.753236631839144 -3.105392934820614
6 -36.36151198516151 22.899644811481764
7 -58.560165990912964 -36.16684129953123
8 -76.0227898791187 21.881634043294355
9 -38.5145605354468 41.73027974657492
10 45.082860244062886 -49.63024795723072
11 -42.990024961850025 -7.342528913046962
12 -49.58851288952864 -6.170927513408017
13 95.17094743718906 45.92499899865621
14 -98.78669273829735 -59.99070530828779
15 -78.13106816919459 55.777209073302146
16 42.06908264013879 20.963653591531298
17 -70.33011067056754 -98.20946207694577
18 49.0550660426706 -39.93395143506051
19 45.949345464852854 80.6375155143927
20 -31.688913194939317 43.49049899616057
21 -86.88483685423249 -12.705842030702456
22 21.26305528512556 -74.34393711685239
23 -13.132828252501525 64.43222647100455
24 -77.52237709230137 -0.570467643194462
25 -86.19654804299779 10.651851648105179
26 7.103376851590198 -85.5829153134056
27 -33.71537924441532 -18.625904185668134
28 -2.920508223574032 10.465408991636394
29 -89.68084446727222 -9.37286122878838
30 -51.23075297142701 48.531577546936035
31 -38.66586585422442 -72.37627313868242
32 19.40249985009048 67.37024260183307
33 43.04752661250407 -61.05829595893866
EOF
