DIMENSION :34
NODE_COORD_SECTION
1 -18.65769490535898 -69.20088769727373
2 -20.348376325307044 -64.47472049855361
3 -63.38243943734643 -65.74639984963706
4 -78.55286193210384 -88.35558611247964
5 -65.44198006769744 -16.21738243130244
6 -59.06143882689878 89.77279262575354
7 17.65519799944586 -20.116216149649176
8 49.40570006489094 -60.51789841111579
9 45.00964084813987 4.531735122930414
10 -77.86671180626637 15.548949190887896
11 -81.65911408211359 -74.87649304123161
12 0.3498562638233551 -87.3836344579157
13 -57.62974048828464 -97.79245703678521
14 -23.519403433282292 -48.489393290680006
15 46.60908256040267 -57.46931278103129
16 51.95362212587165 -79.51400500799659
17 -9.68872024723666 -14.773269346341195
18 17.1507853497896 31.58449509960812
19 48.325974697447236 -13.49097454015255
20 -55.304414278788784 20.460958934787925
21 32.81227048754906 77.01875400171292
22 -89.87758363473215 17.4388484601522
23 44.25487314099436 -93.98043531494254
24 58.07292677816133 48.2254195268965
25 64.94592317889476 -42.08171176694011
26 -82.48330597410185 -15.370600642876738
27 9.074794816987364 -70.86944086231193
28 -63.904751317078556 58.78821196625458
29 -74.2056593484179 -12.900843712206793
30 -48.46024542792795 78.82591243625501
31 -84.89148180437982 98.31203895261723
32 -52.785595383199045 39.52702167191137
33 -38.847067486385626 8.456025835421755
34 -50.81087027364548 -91.47445779839607
EOF
