DIMENSION :34
NODE_COORD_SECTION
1 -93.1464347083657 83.89935592699428
2 -24.511964468050124 -46.158282959473155
3 84.92976691819109 -49.73476689405318
4 -12.960021423903555 62.37205788719814
5 -22.959897788497784 -75.46135104249265
6 49.19923537669655 72.97755507209644
7 9.504867364699592 56.630609246945795
8 -41.245160105252495 -85.7269499282302
9 71.52386064179566 51.204743655909255
10 -81.50439954785409 -21.141568299855578
11 6.437286633262502 -34.54509418209844
12 -98.02008974836913 -77.6047774553561
13 -61.67000213855367 96.93955349274532
14 -80.32018675423251 25.045268981350958
15 93.62878370092224 27.81205862093323
16 80.23101687383092 -89.77607791745588
17 65.81886499479114 -18.174917774805095
18 -5.3779390616879255 -3.7158587649557546
19 -58.86756106953259 71.77628643800176
20 6.507531416357494 -31.33789135525153
21 -45.9614162680559 67.60167412897133
22 -51.56840071928806 3.1788415627150783
23 -26.40957478298145 -0.8881231845674762
24 21.599926070973922 45.606517136944944
25 -64.83790810991188 22.405908734851423
26 -24.060658890711295 -41.72782867602925
27 -73.16560238516303 -74.71425836171477
28 27.53644071583298 -18.614409976162023
29 15.664933438698696 24.53438039572214
30 92.14769017424896 -75.05785758286856
31 56.3046999538588 16.70895935112911
32 -63.67479267681626 6.465540884475558
33 62.89997100910631 -15.86042008677002
34 -48.19600332641676 80.51939918678781
EOF
