DIMENSION :34
NODE_COORD_SECTION
1 -22.75455325420988 -14.598840105386017
2 60.326121035441076 -64.78878252097589
3 56.682716264178964 31.436862927398522
4 -18.790226975197058 66.52519106855382
5 -32.561809175263505 -75.06734857741094
6 -63.22166923321144 40.67857433147935
7 62.69144513095273 32.51362811632751
8 22.368496700339733 40.07495385075558
9 -78.38544575376318 46.66545865415347
10 16.934191288039187 -63.47602005939519
11 -0.48450607480413055 -94.56538195247504
12 -28.231584309049424 -77.32846682943801
13 -23.235122799836773 -30.370653935678277
14 38.45347606728876 86.7124242060508
15 -44.39125179998038 16.438419267356167
16 50.474181221767225 99.16610571046607
17 -95.05319009334912 60.9241636333775
18 -10.46945290693695 23.65999425090935
19 -14.61800455876103 -99.36502586027531
20 -34.56216168314627 38.079037483642594
21 0.32387537145662293 -6.378186158082016
22 -82.39648721577701 -41.89576938518675
23 13.654856568296609 26.432174499418267
24 -93.57790552583157 92.07688325683179
25 -49.55514423233118 -93.8059440010371
26 4.530644810467592 -75.71060058182596
27 -45.57342813591985 -80.30849527699873
28 20.718975749404265 23.217523062672925
29 14.42005827465276 42.37250520313148
30 -6.609632369327841 1.8729694384848443
31 91.62190615330289 51.5188743328319
32 -24.179845373848877 -80.63048350131503
33 80.65087457804304 0.3469515238321321
34 -97.93902563118273 5.959518219561218
EOF
