DIMENSION :34
NODE_COORD_SECTION
1 95.35492256361846 -31.143715648520697
2 -99.6121809296129 -9.853849169226308
3 -46.467074983785174 -85.20288262821146
4 29.613774772382726 66.15731153198675
5 25.683560914946085 7.5965180182892595
6 -73.63922312479238 36.662981768727605
7 -34.24781413352504 78.12174542419729
8 52.25434319064826 -57.852259127907836
9 74.72608350251966 -70.17380215829725
10 26.21607913404314 16.76757681376077
11 -53.16118702394086 -39.135605629921024
12 -51.629936179089796 -13.584067622271107
13 3.15651427120018 59.06401945729942
14 88.1042856317498 39.88188084055892
15 15.55516280448819 88.82860629597172
16 67.12810800653631 -35.46289717330444
17 -99.92560294558528 66.58328690915997
18 9.968444846116498 -93.84741627492497
19 15.860064294327316 -69.83468533722812
20 -42.80115446230637 -88.14015727167484
21 -55.61578126418423 47.60000024871698
22 -59.20282764329197 45.93571669901894
23 43.35783238471373 81.99179851624444
24 -93.62070414904873 30.003658632258634
25 -29.271918258966593 -68.20067070874269
26 -66.34245760943716 52.40869003074326
27 56.378624987454145 -0.44777325597253537
28 -45.67550819324631 15.937083259551628
29 62.627814310738984 7.1067071504397035
30 -4.336017367654762 48.71602968101226
31 -80.65359324475345 -28.17411965935557
32 88.54300316930625 -9.957430246120836
33 45.49283292105238 -14.390195261659471
34 -29.960511658636108 -18.944964435588375
EOF
