DIMENSION :34
NODE_COORD_SECTION
1 48.8632832385087 79.80725843802591
2 23.440719345474648 -10.019615355775386
3 0.15674110067158153 29.206085014367687
4 88.04882517922394 11.310213266584142
5 94.23929046651261 -40.14262133203657
6 -49.89896257607482 -35.49591225497109
7 -23.610000779826294 -22.72086844999079
8 98.20949105531471 -95.29309654727867
9 25.118922996874687 -96.59178366514986
10 -57.42527937459669 -30.254467971520853
11 -24.578549819357406 -62.98582836821156
12 5.187677776007391 -43.96769582424509
13 88.96055609707241 76.78941222676838
14 42.71705425786698 -99.26080598639264
15 35.904605468341856 -93.34191446411796
16 82.14166155461976 -70.35159159378921
17 4.125133526571318 95.38490176472948
18 65.78932688489078 -26.75120588731204
19 83.68553479579992 -53.64569409221956
20 0.2951589633176184 28.061797545148153
21 88.02803287092595 -51.57062040649676
22 -16.906249768067937 45.84466590336015
23 67.99308197411978 -74.9110238867891
24 40.41135504330103 70.23266812873587
25 50.78169573577722 56.580671634103
26 -47.67433880687324 -91.45391681172681
27 -6.802069908092136 -41.38392981711163
28 -36.68763414434195 25.90200167587551
29 -23.01478129745371 -58.82577711368431
30 80.79928696329841 79.4347354355157
31 93.79678976118916 -57.7321828775357
32 -50.399663596171294 -27.65702374253827
33 68.31715533686312 34.06598452053174
34 56.70325373702502 -99.35430507000711
EOF
