DIMENSION :34
NODE_COORD_SECTION
1 20.110130107429057 -10.055718396308635
2 -53.68052871192424 -76.17819322277421
3 -76.39121597740537 27.529493854046933
4 63.040725929931654 -67.87093432737517
5 -82.36909798480255 58.80406588341677
6 -67.59843207814745 86.58436180072675
7 -35.837424883916924 -63.07151184768516
8 71.22196089158254 -85.39383097810324
9 -13.242115100531862 99.6554674458458
10 -50.14668963602071 -95.45288768735935
11 -42.56762323639818 27.86156110765465
12 -33.60688338292847 75.18639915247152
13 -18.417046117456977 44.611618441748845
14 -58.98837594545523 43.802690402054566
15 99.56828915164522 14.454641584883717
16 -73.14338892955017 -25.110993982713296
17 -0.4396598329504684 -19.811486564312574
18 -24.396118634313055 59.73567406654615
19 93.50409596968001 83.12028687536767
20 18.57267093611354 -23.478918367618334
21 46.49933163063281 52.88763651016683
22 28.42677050526794 -88.78577634594896
23 69.64457291213608 -75.80375052491178
24 -88.16644414906011 -18.492870146371487
25 87.36021762846619 40.366961209527034
26 -49.94503799568355 99.15913290216935
27 72.43411365906724 37.37546859944837
28 52.29569754260041 30.54920704916057
29 5.509684336192635 -32.89344007583148
30 15.735792718160056 70.89658798618345
31 60.462990309216934 14.833869439319542
32 -3.4739960211749263 -65.47614407427238
33 -56.908033941367634 -6.524868413658808
34 87.6262327197114 -18.299101070202454
EOF
