DIMENSION :34
NODE_COORD_SECTION
1 5.628612818319965 0.5983266636184084
2 55.09529333664932 15.951095470408376
3 -25.50137069229737 88.0308562107142
4 -34.71360577052589 -42.47906049691119
5 68.62622292863415 11.873323835148696
6 1.820334729987664 -69.86229703237947
7 -13.270307009072397 -73.23814843132851
8 80.49005391837255 -3.1115132705563724
9 38.14192400483711 6.113430094041178
10 -91.65413128408571 46.35406531718792
11 -43.1602873216002 -82.30490143020614
12 -36.932824086766104 -94.25582334103963
13 -5.555668327876418 -42.31743691762411
14 -53.36676697004985 60.99936250006712
15 -20.81317147189246 80.641060322649
16 71.86841881419471 -12.594405779797142
17 -8.692035489203633 -72.09956026816751
18 69.53896607653937 -50.06822485391809
19 50.08937496589263 53.0854491310605
20 14.029799960939144 -80.58549348918561
21 -66.31096383212196 71.10122965167443
22 -42.768524140301146 -31.121645184927573
23 -39.819340878849886 15.66319569105697
24 -66.88091129775873 -36.305940780746695
25 46.673284831700386 -19.50059577917851
26 -50.39377578453343 -60.058879622303095
27 33.11383313255169 -59.35730617141468
28 -80.39111592874875 77.2552969573832
29 -91.64804673017237 -97.23108408834682
30 99.85572599728317 15.605574814438398
31 8.27310800712769 17.32652422350118
32 -96.16744231910124 39.85925881941088
33 69.2823045768601 0.24205471473186435
34 -65.6494377173957 -38.34209097800074
EOF
