DIMENSION :34
NODE_COORD_SECTION
1 15.147584283191122 -41.725067164019116
2 -58.420595668612464 -34.95913453506357
3 -68.81119677624883 89.63412960313323
4 -46.01230615916787 50.41717486248595
5 37.023898006606714 -59.74165652320986
6 52.48518561450331 10.900895235208026
7 7.561324203442638 -63.799676604310385
8 -37.83771563832292 -94.31138791181837
9 -88.34599653551192 -16.15491065952959
10 21.37431214916063 -42.92771800837662
11 -61.19345182334228 32.23089428980714
12 -45.48066392468462 90.84445161044349
13 -33.44573116591543 25.530671255084442
14 22.709988313710298 -35.73304679058387
15 84.6088294167345 38.79104113072421
16 -44.35864230573421 81.43838123563842
17 36.59218681943071 -13.685256141140641
18 -21.691561550437342 82.8094961498656
19 -33.84318484325519 -80.38838984177966
20 37.82829131242991 -86.24001409415827
21 61.51694646897781 -9.367849131586325
22 8.47362333826726 -73.43609210312927
23 80.89200330000145 46.03695582729475
24 7.126009088301856 50.73533217593439
25 -88.90994649216022 -60.455841505157416
26 -13.291423642582956 -21.340370835624014
27 62.43555136986936 1.9361766571908845
28 91.75956611465708 56.580043237494976
29 -64.52763094249028 92.09623946478632
30 58.15964443787962 45.4231698145544
31 8.349528130331834 67.48396568959669
32 18.127518811609704 -78.3889642887625
33 -11.476321919241926 -41.2514120048054
34 31.949904788755134 24.921557285673487
EOF
