DIMENSION :34
NODE_COORD_SECTION
1 31.30945347253345 79.24717370456474
2 -39.801035273501626 -1.0596131723936963
3 -14.20166785558068 -9.43301406483441
4 30.83972071178283 -92.06675484663307
5 83.7617143207155 49.56552866247341
6 43.44070749387441 67.43803485835804
7 -62.33227075034864 1.091716442842113
8 -47.23506436594973 -7.339760325268486
9 24.239719137960506 60.98505080261262
10 -56.2871908436682 -60.46252974603894
11 55.255862910870064 -15.439866379375104
12 -69.913782799124 -1.3925750321955377
13 -76.73268224891021 93.04351298852697
14 -3.744755237814104 24.211656266424853
15 17.04090889466731 15.708193687409448
16 -26.884683455418525 47.89365586647867
17 -84.99133186393443 20.490228365907853
18 -81.17556012122708 -69.48595658274151
19 59.733386863830134 -47.83910747510844
20 -64.83859323835608 44.51959438642692
21 -7.624274592786492 -25.3329903148898
22 91.94781768074614 -54.0330434838864
23 83.3750371800061 -76.95902100748702
24 54.82787243082666 95.31592402520158
25 34.03264937922924 -89.67873895561094
26 -84.19810471312132 -83.3287802534247
27 -56.587143929519115 -93.78703158334609
28 -88.73923765053617 47.065874608710004
29 35.953485301134975 -93.24255016967713
30 -21.129839548833957 -79.4568395065274
31 27.404450415667696 48.068638837958645
32 52.50515186738406 56.20833880188093
33 -29.81073849007747 -17.766813484676945
34 23.53696939977668 -24.91464315144478
EOF
