DIMENSION :34
NODE_COORD_SECTION
1 64.01099336825652 29.760273812010638
2 7.125670883710228 -42.4722123594101
3 -56.499130966138054 50.5062152229942
4 -56.22624496582762 71.09732460320487
5 -38.065961081828846 33.78793418502366
6 39.247421534277834 48.23725279161374
7 -21.486134596904478 98.43850546834102
8 -99.92625394118872 73.73233730167425
9 -73.54759044094381 -85.15302951429942
10 57.173578887812795 -46.139379849415164
11 -9.948472535638572 -86.43625648676203
12 86.79150860549726 82.30676440826863
13 -48.784541616190104 28.84201216132766
14 -64.26410281150532 92.32051887599317
15 -20.6976255663792 -59.47556390410023
16 -62.956553162204585 90.26806006720273
17 32.94892721546526 23.973771959125173
18 -37.46564315148273 -97.36202552671564
19 -81.5215989531859 95.28489368232988
20 0.32570076744752896 36.727681710303415
21 -93.27038283568353 -52.195198156857536
22 -31.777740335108447 54.65019496372017
23 48.620297176816706 16.026370073478603
24 -21.994531012269732 -9.03476658605274
25 -50.51479502369784 74.2105074552803
26 -49.00706853181869 -93.84739340201351
27 -36.79412261445767 79.63054057946869
28 51.84219008534188 61.31004024471426
29 -50.62462164982475 -95.8782949677764
30 55.42439481171212 -76.12849036066953
31 -99.7819957701552 -37.34236119201193
32 90.69471921423698 69.80638442015359
33 88.71056547394204 43.96488622583652
34 15.838154517666922 34.67351686981175
EOF
