DIMENSION :34
NODE_COORD_SECTION
1 -6.42931906083659 -82.40580876827113
2 77.64040877955534 -95.65300757310251
3 90.35181593826977 -96.86177580553614
4 -35.68484906219214 -69.92278559467506
5 52.21088711362901 -92.51135238544302
6 -84.6445078359635 3.8644660497540713
7 -33.02694448052664 58.59056102075891
8 84.1095778935503 33.16264548130238
9 -43.10861580327106 -21.850282918732944
10 -51.15011784231849 -14.125904895651445
11 35.78891743351883 -47.306659732342446
12 -22.740980193789852 32.55495376576039
13 73.8524082006571 -3.5606006503121677
14 -39.405728989680114 -17.675824239511684
15 82.6571771970439 -70.06929505940178
16 -38.932869562452495 -63.07921722555938
17 65.2288456453594 82.17919179859007
18 -86.17410444821545 61.76797305109832
19 89.4245798017136 -60.89522410740986
20 -95.9692419285605 78.56682847153246
21 37.64276936663427 7.342302003407269
22 -0.1375707338368244 -79.14363502488493
23 61.84677471001683 -59.970880820612436
24 63.9070194475498 -37.859256365801144
25 -69.88511275981584 -20.025103349013065
26 -11.78873636242723 -74.40142213124045
27 -10.594739679070457 15.654347325499458
28 -97.59611132916615 15.053234090650577
29 -11.048962488930187 16.752607415220908
30 89.63046314490191 -31.202793008788277
31 -90.3224445860711 -81.46793050505237
32 11.650550084066566 31.027594794500715
33 27.260049937476197 -41.92148487953933
34 -7.702368655692567 60.06383324482479
EOF
