DIMENSION :34
NODE_COORD_SECTION
1 -88.65441293737273 -0.7370676902941113
2 47.82857598759844 -4.145560161732064
3 -42.96409676546913 28.583967607022686
4 -47.61701167283137 24.781046993819984
5 88.64372478973667 -63.615257093223086
6 91.07832839138601 40.26285184566592
7 40.165646341016156 18.20106981557477
8 -79.64227634138686 49.86414290677607
9 83.12380310276129 -19.003706944366968
10 66.26637057347884 -49.75612329582248
11 -14.700784360058023 55.039142004467436
12 66.42891033077714 -15.606203034704407
13 -62.147053340558855 59.25389744419874
14 -84.21857015385565 4.927648577513594
15 8.531572660400727 81.30391534533183
16 76.58665414715705 52.04567696319123
17 4.6300600706426 -38.791548896485374
18 -95.13757558409746 72.962841546314
19 -63.38823066155192 -73.9179683340774
20 18.205197998498264 59.003048015794604
21 -38.23828583860984 -86.37559742569208
22 -15.908217273354808 57.22588568623158
23 -43.02406608005433 -56.72158904152245
24 43.09413185478394 25.36642022667354
25 -79.23370358341408 -53.48794232217677
26 -1.956418891550669 -57.96741990510803
27 36.78661965091683 -48.52991367404511
28 98.03246834987064 -41.48123102700572
29 44.66263492426148 32.27955479963737
30 -74.7573548437976 84.25847078480862
31 -41.36525021735189 -20.4171553328311
32 -47.058091430649604 -65.14745291247581
33 -49.5006881652698 26.41069538793313
34 -15.408976732350183 39.774102824185405
EOF
