DIMENSION :34
NODE_COORD_SECTION
1 -88.71319030962708 -40.75945585951142
2 27.58424443749861 -69.19971546232972
3 42.38488718585825 7.449545805095823
4 40.950289952752996 -73.54316665417
5 -60.605943852836816 -47.58379837170199
6 -91.39652420107728 40.5501304979675
7 47.93080656564112 -70.23441854543316
8 94.7833423400617 99.8777214683206
9 84.83430705227997 26.913082054590618
10 37.67539465972146 34.31761843241446
11 72.81395448638332 -93.73551901051893
12 -34.91595771830944 -67.25483354039032
13 -53.48186560522248 66.02531559291603
14 -61.133731139664114 -53.73306927397004
15 58.22861295814411 3.200790326819728
16 37.28741356897311 -46.15897849879143
17 43.611402669221775 -72.84328133326663
18 -17.688044248688286 -20.23238055025122
19 21.431575740327474 87.15075732374606
20 -2.0561280311650876 -41.802641834804355
21 -4.133878162268772 23.532565222244628
22 46.08256264347145 -23.28070735383075
23 6.025359932320811 -70.14966592539946
24 27.962048580969096 -0.7455981677088062
25 24.520139540353057 21.890360200720195
26 62.09252866023826 67.89435919425807
27 45.388463634977796 -50.28470019918145
28 -46.27482777759448 -86.01032900245787
29 21.421937373445246 60.0558655944871
30 56.2123408439827 -29.294896314927968
31 -88.09123797832493 -81.05025086999377
32 91.23720916271222 -27.575470316671158
33 84.03677593916697 -61.68936978419113
34 -57.26181844017599 50.80131282166823
EOF
