DIMENSION :34
NODE_COORD_SECTION
1 74.6764478271158 15.149221107789472
2 -31.54491853235217 92.91445233143247
3 63.990422193309854 -11.542718986592178
4 -16.624251639037652 -86.09526479392389
5 -61.70736011495237 46.304709268323165
6 -39.03689285979344 -85.37076129391833
7 -73.19324703159565 -25.511201246347582
8 70.89443756073013 -55.71342036477556
9 85.45000760854009 -71.88620318536232
10 -73.85394962789951 68.62937536170426
11 -29.504575014033875 28.768073154063558
12 47.60824741437949 56.29437400183264
13 95.94157825735613 -57.49485021587115
14 -28.983109178050086 38.94491978810234
15 0.6459156656299427 77.62394389488509
16 -81.16045999827017 -24.665662231904875
17 -35.24594150521469 -43.717305793245444
18 -61.14433403944475 55.06297116644177
19 9.684153357241755 60.2700032248631
20 71.52199238171926 14.715612459909664
21 -8.098161431410105 28.795604333000426
22 49.81558927683733 -92.76981717507175
23 -42.05201085040755 94.95239787941716
24 58.09894912567225 -35.23745661738586
25 66.65799124692145 87.54047711300953
26 -19.347292512263905 25.976387778142325
27 -95.76222492453601 -3.767119304625055
28 -44.12656323512887 -39.398736871333526
29 -81.16149612068287 0.6018393754476676
30 -81.26468704330048 17.265725383679808
31 -16.501712544374158 -2.686607146179938
32 -38.03391048785403 45.02687885670963
33 -40.20405604507615 24.837325634596567
34 -24.510546559792886 94.68141351575946
EOF
