DIMENSION :34
NODE_COORD_SECTION
1 91.00858380089232 -35.011157932704236
2 50.782132667879864 -56.790225757431465
3 35.44176314934569 77.04301203894104
4 84.63453004689939 -23.28152972356851
5 19.17559777626083 29.124633038226307
6 -24.529092136070844 -41.16716991852949
7 19.122591450960314 -95.13955467500637
8 46.72688393559491 -75.7353293787746
9 -65.36593505022073 -56.81042454784002
10 -5.372287941794141 41.734167154753095
11 6.3233846330847285 -10.243652653653882
12 37.435735452070446 45.891355499015674
13 74.39514312706166 31.68258296763304
14 71.21121777153039 27.461582479809564
15 -96.2919136641695 -22.23825624324394
16 74.64640429414473 3.520350393957102
17 -46.22387800118115 -1.3438741889061134
18 -77.86581317818846 32.96718159741644
19 -95.86167889146961 -74.53246179537521
20 -37.91570261351387 -83.31782886176987
21 -40.99458316645828 20.090827311906637
22 -3.398470887160144 -72.4871566266831
23 49.81673733677866 77.04878493296533
24 58.992089470635506 -47.84679704324435
25 -69.6816785578549 94.04595933084227
26 27.165634955442883 95.14068170287558
27 15.999202828851523 57.267971029443146
28 33.85228188381322 -5.389027636462757
29 58.19972525706939 -72.50793724815905
30 38.65523214336349 30.114664909743112
31 -37.06790000021491 84.36353486880247
32 12.311435824884498 64.71368499402774
33 65.43004481687842 88.73194379374476
34 -49.86593256500424 -43.260326416183005
EOF
