DIMENSION :35
NODE_COORD_SECTION
1 -28.801211457758825 42.751859706162435
2 93.77853052964244 -79.74203660877524
3 53.62018846667115 -49.240305835105794
4 -15.64528975372994 72.0183615726869
5 75.13132671574687 33.852468419628735
6 47.68693266752655 -12.366277617300625
7 -77.78705855266077 14.840730784319646
8 15.67604036500272 -61.031986492632996
9 25.82334866214218 -19.863027540719273
10 -40.36388874215646 58.799030676005856
11 36.215691660863826 55.24852383395111
12 66.34283152108654 -2.81210370065628
13 35.22259888333778 30.84968679152658
14 -92.18551006145508 -24.657469714327405
15 69.87661085059867 -51.25896619567034
16 10.27606170358193 -37.603802119947005
17 54.711374219079204 22.042698565599068
18 -43.1416284781984 56.18630585598427
19 -65.18485777515816 60.25775246258044
20 -31.064085876337415 36.032784804181716
21 27.684667373052065 -2.619362542520861
22 -97.3915631976874 73.67935166508718
23 69.15412113350195 -19.985220540755293
24 69.68301130485736 -62.0249999955935
25 77.15032200433015 -37.49739674571462
26 46.6147909843059 -90.46272456104292
27 -83.24802128168618 77.36013005178904
28 70.21633013314218 33.55276238464185
29 1.0073751693987276 1.8474686532745181
30 -64.45320818674313 82.03439455076207
31 94.19132092342221 -74.70440936086995
32 -90.75598853618942 71.2692612905424
33 97.65890371595839 -63.15121506464734
34 50.66391510503357 -14.145449200551184
35 -6.819931290150166 99.57127861402941
EOF
