DIMENSION :35
NODE_COORD_SECTION
1 47.070510863393025 69.50395890488915
2 1.9878353328343081 -10.32198876240065
3 5.82353478305582 -49.3026470910914
4 -18.079814160172376 12.902529957868865
5 59.98028574396395 -25.507926161649024
6 -93.26263301707063 -65.37136220170657
7 87.74770619474006 86.69754631999083
8 29.224524479045698 18.58079998133985
9 -80.30996581259168 -78.81543075517607
10 -48.997742605232155 24.54685131698946
11 4.25004293857765 -98.55709356141745
12 60.95249887829442 -99.08646461640546
13 2.424629340251741 -61.39565049223672
14 -45.81871251557739 7.886865296089368
15 57.57263719483811 -43.276501821899
16 92.82815718821135 62.05287994113169
17 37.3091690848193 28.647582732423473
18 86.63356795574617 -63.90164088418011
19 -23.332660922710247 89.59567889377126
20 -30.97266162062327 -78.07491805072743
21 65.18494622814097 10.606721134075656
22 -76.39749214387608 71.05544412850219
23 15.300055101704245 60.30482678017259
24 76.19077889744113 -36.85889929431856
25 -74.58387288739459 60.96945738635125
26 9.357098201576264 -78.44948528908088
27 8.223860384458106 53.68704445992202
28 -21.017387778065782 94.42530118890079
29 -6.656605845192871 27.399753692527696
30 16.706714209854567 -49.7406880412758
31 33.07725197577824 37.95610900929208
32 -12.649457274032656 -1.0315363395216934
33 -58.959182495213994 45.80728970388813
34 37.04572089150474 -57.41656095507255
35 -24.33627455414218 34.78195531277743
EOF
