DIMENSION :35
NODE_COORD_SECTION
1 -84.3560776650807 -15.888652414750354
2 -55.9677782370827 39.411530122963995
3 -13.91591297234065 78.7765650293193
4 -53.731067907068294 4.566905877878867
5 -56.25399904949462 98.76507385125731
6 6.623228010032321 -71.2933357615232
7 -39.57970026488753 0.7605397495900661
8 -55.32826848812742 -99.17412411240949
9 -59.6234312924935 -65.02540700392383
10 -71.49467797535358 31.233676344316905
11 30.112836801502908 15.037753438554162
12 21.505288113920514 97.57686347940646
13 58.721262519674326 -19.96854277257421
14 85.28809765043655 -19.934208161205362
15 2.406368291753907 23.105884722081996
16 33.62456060877736 43.64793763705575
17 64.54380117568891 35.542120731472835
18 45.61600979656714 -60.086437573149624
19 -58.23094363269617 20.781384053194003
20 -58.86364162834703 47.80696662855598
21 -93.06265455423717 69.85814549912851
22 97.52581732644529 -50.24416328842529
23 81.39708160590894 57.83786752935828
24 43.74825857219838 -51.37962462728301
25 91.87131451499363 -79.72562227868036
26 6.701048827388007 70.9028155227322
27 11.342760293204094 -0.6342929463150284
28 4.09261908267365 72.94711655315601
29 68.6898149709233 -88.59849076355893
30 -20.720389577978665 69.39755896804562
31 78.42239438484737 80.25908268414281
32 -44.31805323038542 -63.02580100374768
33 89.71801813175492 -93.88083492310977
34 51.8709475900489 11.662038756689824
35 -16.93979778084247 94.23670415533621
EOF
