DIMENSION :35
NODE_COORD_SECTION
1 15.538317112462451 -75.62643269724725
2 -5.9901132690546035 68.69423176183918
3 -56.03872525658347 -56.014128252186545
4 -98.09146165198783 98.268024213807
5 -14.028256658918778 59.70342434312454
6 5.042849469786631 62.34368168255952
7 -26.20997432794225 19.775007673262053
8 24.912571353494897 65.28784577385099
9 -48.46841382929337 -2.324397185254483
10 -5.241181205920768 20.532308198628883
11 49.68071397915813 -48.118362191014974
12 48.20368464895492 62.66911774389524
13 -93.96882430275859 -79.75040260638664
14 -74.28998042235017 -49.70782515120496
15 26.044344285865193 61.91908598505174
16 33.7063785445099 -78.56775809158188
17 -95.32321738425966 15.325508349935973
18 -64.05140058462868 59.72139711376499
19 42.08086032824397 27.82172266011503
20 -17.333804570368727 56.9618835817208
21 -22.81649677794782 -69.42808257672539
22 -9.731868697789366 -83.43640386402518
23 -64.00019992768367 -18.204866637037682
24 72.85925891588349 32.353253022190444
25 45.63968421004404 82.0999271193308
26 96.54520040341305 -1.4524123461433902
27 -99.68245352019744 77.56559903085983
28 -21.520019413799957 59.22179000085163
29 -17.723893550727496 9.389665035289013
30 -15.16264759851937 89.3935960228495
31 38.387530572641225 43.33515446134473
32 95.3632807542239 14.882452362015727
33 -7.703756959544222 17.8754512575573
34 -3.106383914449353 24.39220049395867
35 -67.68042568381563 86.84846799731943
EOF
