DIMENSION :35
NODE_COORD_SECTION
1 -39.94026883881201 77.73668028167543
2 -55.2457981887809 21.22436294162779
3 2.728763256613547 81.15279863021294
4 -4.014823926181748 -22.251902656027937
5 -94.5284445881023 54.91915431787993
6 83.94977603524364 -16.063366339323508
7 31.96923264373163 39.41574674239462
8 7.246189928189239 -5.140803421809153
9 -94.4407473653204 -97.51745257953868
10 -1.9106178122251265 91.42679734469371
11 14.433471713555932 79.80100119993446
12 26.4057013379511 -20.04460246234447
13 -65.06283895714179 54.25194098264453
14 76.24283899950356 -87.7118351246593
15 44.92327274479041 -67.41868977225224
16 -52.59338036991337 -64.70355178864133
17 31.34294504645348 61.494023837447344
18 -66.91250578572252 52.99310489285304
19 -90.27042446527136 40.33537750319621
20 3.341273788294515 90.15585407019995
21 -32.03933854926089 -66.1914720575549
22 84.64011741446959 -16.727547997111273
23 -77.34212984593516 -34.28444626867308
24 67.3114803856869 92.78352301957119
25 33.81259989682033 83.49871301642068
26 95.53413136078905 -69.987083993402
27 -38.29936856981864 -76.60236701944928
28 98.6620638153133 22.839565624512574
29 -30.12369756518318 77.32705514463899
30 7.9985466902499525 -93.92114998728987
31 79.01291624066138 -34.880947780825394
32 69.74422979754223 15.705561155048997
33 -41.41712419746462 49.5624888296384
34 -87.30522219355991 -9.53542787728172
35 -93.15251507828366 -3.2882991489374405
EOF
