DIMENSION :35
NODE_COORD_SECTION
1 8.9168596261554 33.948881115960916
2 -6.242488592013046 67.65603651864367
3 -93.52207557543773 -43.8134417429223
4 18.813873366901745 58.18714832988209
5 50.37669103345087 14.35563881355381
6 -34.2277283449248 -24.489167729786956
7 95.89105910572312 -60.0375720624329
8 87.78811537681449 -22.69425155056682
9 20.327808164857487 8.585835820646025
10 -11.994284481092848 -27.448887917603713
11 57.18309303837552 65.11192861854113
12 57.10291009398881 -34.57680168544972
13 -32.14725992412548 -80.8630549594862
14 9.875324344813436 -60.14099809421667
15 -8.696330651226575 -93.14157730777642
16 -87.4588188570099 -85.59256789294847
17 9.969450719007085 90.18800681683513
18 5.924187926834406 12.02742207425436
19 -50.76556216709296 -30.516287561441956
20 -75.601604316676 35.7814683576334
21 -11.777439220738614 -76.78663054313996
22 -13.544175531094169 -81.08784903598499
23 1.208450968004854 56.025062556392214
24 89.98380324367315 -73.42177151790854
25 -28.180013372291725 -63.88547869764314
26 -16.184064955555357 26.565994530658003
27 -73.69688235242225 33.44335822319505
28 -93.15319287738966 17.58063490955844
29 17.471224146146653 -67.7238095870367
30 -13.022579668589302 6.261360164665717
31 -42.43709895768533 -15.33124606560132
32 -25.615331644592416 57.853207149433956
33 46.08358340699553 -4.046929534203713
34 47.084848074064496 -89.49257025730014
35 -32.19192113558364 -11.07000373495346
EOF
