DIMENSION :35
NODE_COORD_SECTION
1 46.71674655926401 11.127037439212813
2 52.885388451533885 -18.395943379875845
3 -38.72526177034352 20.24636041285308
4 -72.96833799198355 33.38589686872996
5 -35.41763064014201 83.75273789651297
6 4.354360460601029 91.52695272503121
7 -7.467479683246012 -84.75125121783952
8 -43.20796653467826 -45.408906135965886
9 -20.661754714656638 19.963110532225855
10 -82.3036167028599 -50.73819385906313
11 19.508432520894047 47.36321142553538
12 -18.288044838742536 -2.6938896181722356
13 14.123102017517269 2.360816172488285
14 55.474717862253414 14.706446475641457
15 -55.15288644987868 -20.698382111952355
16 -72.72483168360364 51.38954066329677
17 38.84750953596503 -45.78162107777182
18 9.183354127393216 -58.1047626931547
19 -11.243623384378537 73.36646967177705
20 71.73466305503547 -69.50758575491689
21 74.04765242577002 9.849627569708261
22 39.12680286286803 -41.336920683590606
23 93.67276251041332 -74.81707341247512
24 -58.01997582995091 58.539883639603886
25 64.52674008352182 -31.071131543006956
26 35.06406327377434 -17.203698333422793
27 66.29282825784259 77.08171686602086
28 78.99705875544097 19.652824494049852
29 20.44025035089348 88.66410502056104
30 57.77298759086244 91.07655137261997
31 -20.37358806483971 90.03918402049959
32 -41.92401922918603 -87.0843687914757
33 73.48125351406506 17.730464979265463
34 71.69130315192345 7.624059392326217
35 7.7281299236893375 -96.91929964427972
EOF
