DIMENSION :35
NODE_COORD_SECTION
1 -64.3248469225087 -4.7134528295496665
2 70.25916311920636 78.68434901842008
3 2.8189282452367337 -72.16745048725777
4 37.5137973192723 -62.96441385732907
5 91.67840829853512 61.17061203302325
6 29.809076203410513 70.23008683200123
7 9.788902933658349 13.898612077397402
8 -85.81789162473798 89.2829778388816
9 28.48210367135067 34.11118322098207
10 38.01609341277242 33.400044233252515
11 62.39306350118201 72.92565078875782
12 -36.841803590513855 81.60531651139789
13 -55.46306808365251 -48.47148020467016
14 32.292396152897794 23.895698560826332
15 40.88249512354602 87.20270297772632
16 19.01385473937603 -3.0663966654509665
17 58.70113711481005 30.709769994895566
18 39.027895551887525 -83.17236842520109
19 -5.428774785348665 -14.434450853134024
20 7.123259705021255 0.340394525795773
21 -59.230270286914234 -70.83852921045313
22 13.04583994397808 -44.09830206820149
23 -77.1157381031869 -63.65190195282109
24 59.12568477954002 47.09430185716772
25 76.83035855163266 18.0113841965087
26 53.48664090306295 83.81851588249063
27 90.06039322097186 30.336213966038258
28 -15.105492009701365 80.13106845173206
29 -70.39792264228659 -15.134102166576554
30 18.77618376335326 32.79261215944757
31 58.665993888876926 -4.869732283382561
32 48.66885942703735 20.84736147078725
33 3.913309450690278 -67.47076419176096
34 13.334829704848161 4.097455420824986
35 77.07618234174419 32.32256541423294
EOF
