DIMENSION :35
NODE_COORD_SECTION
1 -41.5918816274426 80.26446650587135
2 -69.6205190884545 -87.70586541874638
3 -97.67896536225658 -98.43154461438036
4 -82.65493459880473 21.256645487230983
5 -47.50184506629227 4.748238826230704
6 -27.057447592258256 51.19580218669685
7 -25.261462172769697 46.303480744534625
8 1.5878557630470596 -16.723559954792265
9 -65.93846519953979 -51.77376910143137
10 -2.370499629944362 -93.7513334762151
11 6.711844275760612 78.89294163118706
12 -89.9167866408757 21.48738565710005
13 -1.9903965887656057 -88.93226127265142
14 8.832207107714126 54.381969334337754
15 83.31238056541665 -26.839294922340386
16 -24.482784845250023 -36.291867117800415
17 71.58252605629252 -56.325861841536316
18 -9.80838579594905 -34.97180155465939
19 -45.470198215674664 3.8085334775630457
20 13.918646704339693 -60.17014243695466
21 49.02583053409023 59.48948705721344
22 77.83935121766697 89.0278552974392
23 -33.53652828208773 -28.384605937267864
24 80.84128512154842 7.616755623449151
25 -50.039204378213164 92.11513364389373
26 -29.190248626626754 6.677297676500359
27 8.7858481553275 -6.5560787568284695
28 38.544746897577426 89.60276284858699
29 -50.89502299832445 -99.56545737184885
30 -11.221476280799706 -98.67413946504382
31 51.13414281137241 -14.039759156300164
32 69.33005716762784 12.490702906404465
33 -25.00098002079507 -24.345311381005132
34 37.28438177313751 74.92857774399894
35 91.08643239421684 21.973410719281787
EOF
