DIMENSION :35
NODE_COORD_SECTION
1 -72.095322840405 57.21299522152904
2 55.01667625261726 -78.36716076288019
3 -57.97243201827609 -76.26620661438139
4 -28.119919533103996 40.431604844051066
5 85.78112223345371 94.54658035768597
6 42.430272003564795 -45.451587283707
7 -96.84017657329575 -17.576340959011574
8 -92.22451333482589 -7.497785490428583
9 99.8725467549472 -43.901675713959335
10 91.55840835952097 -82.01616248799189
11 4.940655259834912 -13.319097032830228
12 86.16639132707837 -32.373128234572945
13 17.57535194072848 63.33992918935897
14 -69.36725113683113 45.33924504975195
15 88.33947083978416 -23.088126617033012
16 -81.99636902181304 -57.34036392323827
17 -43.54969576808452 19.516739444268282
18 58.421883557933626 -55.358154925387225
19 19.181829651201227 28.921018224962637
20 93.90553116465017 -97.94058449116478
21 -55.32394930676154 18.303512390643334
22 11.77530204704486 3.261802489473638
23 56.074904009251384 -24.756388268910825
24 -64.0879083198378 62.80238531113437
25 -87.26441254397604 88.16568153276248
26 -11.498169356226114 -41.002173781277776
27 -6.606050778099302 64.1371984858365
28 9.651776582713367 98.86721102966382
29 -53.50817299833932 -61.167489735833904
30 98.23884797887678 66.43856439198433
31 -85.51389478717309 47.637959676460326
32 -5.422850766122366 -80.8007338181165
33 -38.19137757626046 26.28827865323275
34 -36.03159357829786 -62.49382791142044
35 40.24767055872448 40.08827559995461
EOF
