DIMENSION :35
NODE_COORD_SECTION
1 44.33314428076375 85.35335701920229
2 -68.11151793652535 26.528705583619995
3 31.44756815990783 57.11898706504286
4 12.89770163736614 -27.16910868654216
5 40.19704963325731 -19.697925931626827
6 -85.20528847387948 11.208632950586534
7 30.946278878758704 31.578723331240354
8 -0.6867995655692738 -78.78689780229652
9 -50.85564404133751 68.4356088953283
10 28.582765559227482 -37.91121035017069
11 -93.05405592146134 -62.959515721328316
12 27.54658598323452 -96.60920867415008
13 -34.27245617300147 -34.395931155149
14 80.88322675947413 -90.89814880126114
15 95.55476623021954 32.228662897954905
16 -62.92947137172917 55.357874256076315
17 -98.86682139693022 -88.72207741725428
18 71.33103855229555 -32.445446728945825
19 98.501572461656 -51.408729033811085
20 -80.44991663123955 99.5219240947892
21 -97.29653417312957 93.40551475008172
22 -63.14087941942723 -54.382341319285786
23 43.898798077700775 -76.3647601757452
24 -42.57148799247945 -23.996033399878797
25 67.85471045187629 -58.79727932499896
26 36.115524587396834 -83.96288059424543
27 96.48055412489032 85.39698724195713
28 -62.03517467133439 -47.38744527436853
29 -74.95093863751961 -85.21902300237032
30 -91.83962021990627 -56.52733030594774
31 14.97205946659048 41.95447169791191
32 -97.12080964427253 -70.10154859426123
33 4.475687898540855 -29.480072211079843
34 90.59884760543304 8.870125780798503
35 4.246658974905387 79.88700382986087
EOF
