DIMENSION :35
NODE_COORD_SECTION
1 96.28288227269292 -15.274482223462954
2 28.901321224575156 -62.36715679467451
3 -7.513107348504661 96.46042512237898
4 -14.41988208767711 -75.08956034256363
5 43.73039013790216 -89.40744676035821
6 -41.31284591618984 -59.59921956835497
7 -2.021273209576549 -97.31017596234706
8 -11.147007027455984 7.593701424488785
9 95.0966187040637 22.295829209184802
10 83.36841158171694 -44.67431450505526
11 88.9798016784384 -38.81385779320243
12 -93.24249797160576 82.59730711660774
13 -26.41838185797897 -98.20929715372093
14 -86.11590175352349 -25.358640578841673
15 -8.082109271247461 2.648671431019295
16 74.6942490254811 29.158816050628133
17 42.484846225705354 -10.323652628648048
18 -9.32587100835282 -95.82096016998037
19 14.12645946646846 65.19265785381086
20 35.32932692588341 -17.210528135118366
21 78.23924112280355 -78.93905279620239
22 -35.532109339196126 65.01935107316808
23 -53.69619416351243 -52.03035125230784
24 36.79625693905271 43.45082401908749
25 -38.915500710186414 -30.211249436620207
26 61.31360633690315 96.67013044833851
27 31.43949220457091 0.1027552720904481
28 -54.78320887769546 -56.53965791262263
29 43.535731835281354 17.435128030865826
30 54.50463573329583 -59.32358969640059
31 85.364320273913 -13.656873896250474
32 19.1967746252286 79.03227322862534
33 6.80379266936022 -86.52397527099009
34 -83.94100227978667 33.56873228253289
35 -95.91994381883586 20.85387990239947
EOF
