DIMENSION :35
NODE_COORD_SECTION
1 76.59255982395635 65.26981027245665
2 -2.1783872650464957 -29.20485818525742
3 7.304143948764022 -56.70165731233459
4 -62.91304110713638 11.260460046866939
5 -8.136935921882298 -32.997857011873606
6 24.248403694281137 -27.494321556454963
7 -46.7125522176707 63.95111207854649
8 -0.33033266940016404 84.4668565324499
9 -43.679100396465785 84.72474886011986
10 8.276698797779261 53.79785971104286
11 -53.59953220601863 40.060169320782535
12 -13.446065378309186 96.38020375102275
13 -24.13685571668151 28.609316898180396
14 -77.0240370590014 75.17897417500464
15 -22.471247952683157 -77.08602659248405
16 -31.092978543215438 -65.02067484065182
17 -75.10117536601581 -13.128730592447283
18 -28.272543765865038 -28.17305599899447
19 78.56247341660833 34.87651682497403
20 -22.0773557000971 52.535136093537204
21 -39.99812284566651 -89.00589046833383
22 11.096583133248856 -91.5899777758236
23 -83.15835257150323 -34.07852206826519
24 -31.651129167911307 67.38466572177592
25 47.687695989489725 40.17495899198565
26 -1.8196583651964886 60.041703572199566
27 40.05305038847729 23.840692638800974
28 24.069197483655742 37.54345006727823
29 -58.53057350970548 -43.60247793316692
30 -39.91389170407202 73.27717448458637
31 31.73498582399776 54.533175844348875
32 28.393119695782445 -14.937410673527523
33 -6.649665133415098 11.53876325998884
34 33.19806711344282 -88.9424994416577
35 87.54626259776938 -1.2189808104899384
EOF
