DIMENSION :35
NODE_COORD_SECTION
1 -72.58895769586377 -32.188874385626875
2 42.63065062829284 78.87925060803724
3 16.296549096573102 -26.239799555359753
4 3.828377068701954 -73.95441348091774
5 -13.55418139018684 69.52291912846945
6 -69.49121676578787 95.6620667792059
7 54.15880558495758 -97.44384575001912
8 63.79243366958346 -60.2183661314722
9 58.87519636093066 74.84112130422676
10 -1.371665342268841 -55.93037856146326
11 -92.70947536286837 -0.21630214210020426
12 -89.29912786118427 -77.6764101036529
13 -43.78166511849271 -82.60637387911174
14 -3.536694199408302 -6.713711437114739
15 6.641036998476864 -72.65663367693591
16 -37.48997001967103 45.15337265564415
17 4.243685056442274 -1.0784569121803145
18 -61.02377160297934 33.21649229835418
19 45.826341965569185 -52.440114182706175
20 -88.61969479446161 -72.62839283596315
21 76.34244975121163 -70.47326091237844
22 66.30083629476263 28.761157899392828
23 -72.0880127096557 99.54419296339333
24 -71.49345511872326 -91.39186209743823
25 -99.99007001265508 -99.50005195842525
26 30.634195379050055 -12.661178811069362
27 -90.86803275012116 10.089185926419916
28 -98.76400721386425 -31.61972405300095
29 -53.40894533782805 56.13567363588055
30 -17.005453099102354 -31.44240187758666
31 -25.300062957194086 30.505394130361452
32 -99.86991292808167 45.805054212587834
33 64.44631486034908 80.94019155848417
34 82.50112567663018 -85.05572361168852
35 -68.13107679084791 40.8028078574317
EOF
