DIMENSION :36
NODE_COORD_SECTION
1 97.77680175427918 39.94504309189071
2 44.76043231725561 -93.06785033100739
3 34.854308956981924 78.11565389341683
4 -89.71768860121469 22.79911969532465
5 -8.053466381295522 8.42562930895825
6 51.294197142383666 -37.03055123060817
7 80.66076705603791 -29.75844438489787
8 22.690609421960062 -99.47418085216495
9 99.73810437710588 82.90326326112313
10 85.80393387742092 27.57273134494929
11 -37.46032124777609 -16.02369747576384
12 38.76052248296557 -58.24852046750668
13 -53.03273060413554 -44.75199817880369
14 -16.553356135485586 97.97977575388981
15 -30.930385645299438 -29.02974718290065
16 80.04252006543996 -70.84251146830674
17 51.31209818199275 -75.85872750880554
18 -24.565751735809684 51.493979223348276
19 -92.53574793440666 39.15765670835896
20 -91.58494200303 -86.7233270498982
21 98.28591914452124 62.957068564069004
22 92.43874208574044 -79.68557350085617
23 -74.33043315846525 41.81096636557143
24 55.789833664029345 76.95348376096226
25 -72.37717034241169 -62.78407875353344
26 -20.613425536981467 -81.52226497462715
27 -87.54822985473542 11.870996122133931
28 -85.96570554355358 -21.130885460730937
29 -72.26787807341877 25.517853678149166
30 81.79839277665383 37.318033767557836
31 -1.8678064911443926 20.459239604738897
32 70.26769834747907 -82.46217863888658
33 85.87771364329629 47.860588093871314
34 13.830470762912526 75.85117127771161
35 -71.37455333412646 -11.521450171452258
36 22.6869666559858 7.180668290073797
EOF
