DIMENSION :36
NODE_COORD_SECTION
1 -27.468589820895602 -99.83242742197145
2 80.81916090260049 48.21924572144337
3 -27.043542242403944 -86.73861918591595
4 -15.214796737621029 -59.18917128494008
5 -15.540524954175865 -94.09875536478698
6 83.08742186237393 -39.17408514920781
7 -84.21876907931778 -85.85473708984671
8 86.95007357893064 11.033426721678978
9 27.89844689572176 1.1858075988654804
10 48.18228049028491 -35.02008327007921
11 75.70447549212611 -76.08606266612043
12 -59.19861962279525 -19.294343446960966
13 -51.19099472290889 -48.39277710056822
14 51.65379364163795 -7.106664041883491
15 35.36421674817262 -49.84950053970773
16 16.14797056081983 28.597153796128936
17 27.551453603638862 91.48794624648588
18 95.56537509800413 -71.3859991708468
19 -36.66104430389181 25.54405750913918
20 -65.98273409506956 -75.27736741090605
21 -43.65209839074318 60.64020196252872
22 -44.03364537457488 -77.5693137833694
23 -95.85962995851807 38.47230935761971
24 -30.665864687336537 69.53348965307765
25 84.96958316323838 -38.99548264896946
26 24.566229401168613 52.7027135255567
27 -45.99073765662267 29.172566698663076
28 -53.3704532260717 -42.51309661222684
29 32.305473682771606 -12.92025561391273
30 4.766794583873875 51.52007683614414
31 -54.82902638872362 -69.59261732092372
32 -86.06474528068948 -93.60143353012005
33 11.468544978069573 34.050841459603504
34 -27.791555144887397 60.60038008292665
35 -88.79350971718758 -18.46895579492454
36 30.020782187048212 -56.01459130432445
EOF
