DIMENSION :36
NODE_COORD_SECTION
1 73.58308417987138 -8.460929541464026
2 25.758875742951503 87.65018164621412
3 -67.81369435231647 82.25648775959175
4 -17.01283170629455 -56.51424289587344
5 -42.162790572019546 -89.48539861706627
6 41.90962202657843 45.029474679300876
7 -9.079091362330587 34.37800890742423
8 94.65917065687975 -55.97290873193816
9 -13.208357193383378 -2.015618075944886
10 20.859062343640872 40.983974648605965
11 91.64574965667248 20.5244158189293
12 6.667204672876352 -74.05853434284253
13 -0.9311791739520743 81.88867789997795
14 -18.868892157113876 -48.20028960389271
15 42.805100385894036 40.65640620409624
16 43.8584261725054 63.85019831996823
17 88.5238322492024 78.89040523314472
18 30.85983699517908 58.595465270884205
19 75.83375122117405 58.24113284077967
20 -80.47742813087106 -74.40258711353216
21 31.523483883811224 93.15232752264615
22 9.024271202273297 -61.9902655594887
23 -74.0177470764194 -0.5006397265771056
24 -70.90132084476726 -99.38597193792023
25 76.9817413623914 60.78075933173977
26 -72.08394944970358 38.59329458857053
27 -81.52337093330368 -30.97772234205658
28 -31.05722264121347 15.940429565615261
29 46.80778439776341 43.842021104425726
30 -73.00369250356042 -90.686424526044
31 -67.33120383940462 -89.33582768411974
32 15.312964849468841 31.31409780582456
33 -55.57713093685641 -72.14209570911115
34 98.29791185264395 96.57709807850964
35 -33.16603515965109 -7.382777049858618
36 -51.27207347821059 -45.27157042646135
EOF
