DIMENSION :36
NODE_COORD_SECTION
1 -37.38970152628398 61.197070735538034
2 72.02845061366935 20.16441889695824
3 -2.1337977089568483 -74.477234469416
4 95.61231513577584 82.16375653621188
5 68.51130006119854 -35.58114369366771
6 -47.06831264630211 -65.39798791206357
7 5.924705481030216 -7.244272185848089
8 -6.141037829205985 -12.318272296005418
9 -51.91405445614752 -41.126530218603286
10 17.791788339087304 73.54559675755226
11 -8.213210152803185E-4 62.61381819796827
12 16.201349824545403 24.881689948003498
13 4.0640421755788765 81.127346792884
14 36.37296188833565 31.16784258538908
15 -81.09001929351571 49.849800106895685
16 -29.187070985389752 95.43735601433673
17 87.43744288992411 79.83039068378207
18 -75.3529074052698 38.86208053688907
19 38.28597160498708 -42.366010053648196
20 -57.56199230229502 -43.88684178083633
21 9.675649247450124 70.32815409230585
22 86.19942999256389 11.373627493088193
23 -89.45496168992442 -74.39484721592487
24 -52.01189269093716 -16.958703284168067
25 -58.86472173507835 95.87796578540596
26 53.30467334009637 14.574175838867774
27 -16.353459471700944 5.228519788966793
28 65.63684251298733 9.595029321581762
29 -56.68037781680526 -0.6246157442168112
30 37.82971007461282 21.2854955999251
31 71.2720463169417 -8.632824796524403
32 -27.43040290637653 29.264370400329824
33 -67.35544220216218 59.49710106165105
34 52.119287101620046 71.55872130558188
35 97.0904891935239 88.97304348965841
36 76.54424273795871 4.940495193027729
EOF
