DIMENSION :36
NODE_COORD_SECTION
1 -86.84981077256573 -84.96781911805388
2 0.6585607619949485 -73.23699551359519
3 -66.21405670712699 -9.494438820550172
4 11.208209859692971 -50.95889812887506
5 7.03033199632668 46.867814938422725
6 42.21905250247414 -64.57160105575375
7 12.627987027738797 90.79097024586821
8 48.84037289909722 19.222594361820498
9 53.59085825583503 -95.35531300537805
10 98.16384022918467 22.269785434599214
11 35.87859606962155 -17.67129882971507
12 -49.83749709135308 -55.130057977392525
13 54.00952115154419 69.93867636362435
14 -80.32682739034968 36.43437064688396
15 80.72830355546415 17.643611631871607
16 -82.74441164404163 -27.48833752335939
17 -71.41684085484492 70.44213982745862
18 -97.88701649676845 -24.287448310378807
19 -97.75805924940929 -21.996139908283595
20 -3.1394087662316252 -38.771650890101995
21 -7.39702531849953 -12.408772892468505
22 11.779947767273853 -37.948430085237206
23 77.23318044467351 99.09630562834474
24 -94.70148931445372 -5.32857793977027
25 -13.607573134564973 -92.48408006869522
26 -32.21432656396226 -37.06901523539485
27 69.87981736105093 -64.27222378752076
28 57.35776197985149 -34.10313795349357
29 57.163948579031484 -30.780913942415694
30 39.23628410247454 75.00620554573351
31 -58.2640036176415 -55.541529666157885
32 84.30507437208186 76.42011167066477
33 -59.649229259852476 13.89078970389403
34 67.86372058377592 36.42632872020016
35 78.79770146838734 -86.92626322376591
36 -23.82382825803957 40.898427918168835
EOF
