DIMENSION :37
NODE_COORD_SECTION
1 -49.72368973309356 -8.466977703266394
2 58.004863008252755 76.25003450807606
3 -52.13947108703878 -21.508152954286658
4 -94.65678212961015 74.09745494630485
5 -49.37127084564843 -45.974172059114935
6 43.684325312739446 -74.26006811471193
7 50.486016414763014 44.34446575511623
8 46.5325034251492 -66.84346654964597
9 -97.0901515870517 -4.401857364016465
10 88.81205326121898 -24.050989459933163
11 30.518011951253698 70.00173660677646
12 -96.15929306909685 -66.94208047540877
13 84.10212147966917 -12.342228355996255
14 -70.52668124072873 43.235527834087776
15 90.40527114102153 -58.546694943618235
16 -4.161058800577706 11.825523993609764
17 7.523907613140636 30.568929339339235
18 14.320914998388417 30.18861926053171
19 81.66563612848424 -92.44773908279006
20 15.906173720280492 64.15224735740895
21 -46.903762511716195 14.572374413638258
22 -43.243383869078755 -10.848401183795332
23 -5.539346263693588 96.38571102093047
24 -40.16820062346018 2.268244645058374
25 -18.73563140182077 -79.29199855210436
26 93.61894739221043 25.16176834852149
27 92.15311415849564 -88.89907866944623
28 2.5026909420518706 -73.07119204909804
29 15.730365294239235 -96.85389522296413
30 98.03357072270802 -57.78704503091443
31 1.0037453977896433 71.59331036840172
32 -3.6690387398634385 37.42814870243967
33 30.152947981526296 44.33361178355122
34 44.08249036005688 -13.252932103771585
35 -84.83668272260117 -81.5375575434195
36 -85.92127162713005 -40.45471205172273
37 23.970925276455063 -75.63851484584707
EOF
