DIMENSION :37
NODE_COORD_SECTION
1 -91.87899204519675 -0.7236639303172012
2 26.918044087873042 -19.84642314428035
3 7.065905847789452 -26.73361954224309
4 17.601022736325092 -1.0192768506201588
5 49.30846683391334 13.138702088010518
6 87.79409186101245 56.482843420068605
7 -99.25030014466604 -77.88441507215617
8 32.681500211882394 -93.52468758229719
9 -84.90226441488707 -47.246987556185346
10 74.50820364725178 56.657379331324165
11 43.05302138529268 73.00115928936012
12 -98.74760865569925 -81.60955019278919
13 -21.020780003614362 -68.35826729449329
14 -55.34558425213707 41.342168949166364
15 74.82664300552983 -48.25402756769932
16 33.326066030617255 -62.87169140252276
17 -66.69834023160254 14.586221898740675
18 4.515528131104958 -79.50133135487442
19 -44.2480473780835 61.47289678731045
20 -12.794881686024013 52.27712111266433
21 64.96433000696061 37.277951098759615
22 79.57032985028167 55.180185995703255
23 -50.95200640075992 -73.05522908914008
24 35.43027531420137 -8.19770196357507
25 79.80306655044438 -4.926278897695923
26 -52.82872112066308 -56.529660978565666
27 47.45052510875672 -71.28855472925828
28 -33.27315991337825 -90.66625225057487
29 23.32636803087398 4.761162345807236
30 41.54877769228386 56.97081922023699
31 13.119290408547428 55.97027821764584
32 59.10594421842009 98.95567941500681
33 -4.542112082838017 93.24068773283497
34 91.29842805663532 -55.755275388296695
35 54.129741112542774 -42.953839208899566
36 9.276794329647359 78.9050401731156
37 6.941493443291776 -82.96972756542056
EOF
