DIMENSION :37
NODE_COORD_SECTION
1 56.48827659669337 -63.475909266774025
2 -66.34467990245865 39.75329047851943
3 3.952145395754613 -16.841631956659754
4 54.66773535332965 30.09681303843007
5 53.78260579030314 -20.22578252872114
6 1.133132697876647 13.60659991560334
7 86.72617003352337 90.71105634924243
8 19.810351008638193 -96.15109525480563
9 7.609894569724702 -20.420249204657352
10 -0.13817152517552245 38.352763440991225
11 -90.1794707049864 33.67719121523004
12 -74.81961868541885 -83.08335555687457
13 50.02021014272299 68.80494835732779
14 3.618117712407809 84.27487816014613
15 -58.32586620001834 68.03816342837621
16 73.5875995852137 9.595790421747779
17 5.067224386319566 -36.34510624957783
18 33.23166316523924 -88.42748770965665
19 21.83837974837037 58.35013347249398
20 -36.66497565151281 5.406542829118209
21 -66.33763764180524 0.022892378327881602
22 -77.62261610395605 6.773159340042852
23 97.56108361042283 73.8387110696504
24 80.60418705086914 -82.10314982082632
25 -35.57248471627972 -44.06596171014547
26 -70.28217532899987 -57.846009819232044
27 82.69702224638561 -14.95698623316872
28 -44.2313230148333 26.159113146035182
29 -54.297474717441844 51.49125060554894
30 -4.948152463071651 12.080061753519104
31 99.10140828178723 -22.584781207432414
32 -93.70789877117494 97.96651330516744
33 -96.13630545269747 -32.27002838026094
34 -12.874013604077362 50.165323690976976
35 10.662524020975312 -51.71802054663668
36 -61.133187298248636 -10.564766030628746
37 -56.89040074621017 -24.212155423819198
EOF
