DIMENSION :37
NODE_COORD_SECTION
1 -73.01826503992623 -75.08314878553301
2 -46.03599963804426 -8.09655186381248
3 27.76658221970567 -83.50757912564097
4 -79.67464612329094 3.489719651689228
5 -80.79942417115808 96.6018812347888
6 16.95713911995557 82.78162695804397
7 7.402454817766184 -34.297467989759696
8 54.563421811066405 82.7896472865331
9 82.06286874602395 80.51391606836026
10 79.19233406162758 -20.730363098722933
11 -10.425704476061398 32.76035229821014
12 -91.41105955887924 -61.291579673683394
13 2.0603825828221716 -0.20906045236461068
14 -77.96882017119529 -81.47078030452838
15 -47.59650906706155 80.58412614928983
16 -99.98281639059606 -78.6751351141298
17 -46.77899209856533 55.058001475684506
18 -26.351020416103154 -10.03433326343648
19 -53.15765666033201 -39.72853609739519
20 -11.71584392269041 26.717941300070365
21 43.69019877006858 -35.98441104430205
22 12.003500014356277 -52.9517509880658
23 -1.9287626290989408 34.45848675771586
24 -73.33065848739675 -62.42255600973756
25 43.23285474625504 53.92105681167351
26 27.82576956745386 77.68773162281087
27 61.64427861226699 -94.47489094843775
28 -70.5814617066402 -94.42505376906503
29 -98.18816200105654 73.36934084863316
30 20.28902417502374 62.07733094903182
31 -30.46024247415147 40.052780348553995
32 51.623051673288074 -70.59874415296446
33 19.39942261280649 39.7792887143645
34 -51.987808424810964 -3.096783053677015
35 -48.728362273309166 -69.05908779025411
36 29.511463914746173 -67.62337224425002
37 -22.822106603024935 88.99175909534233
EOF
