DIMENSION :37
NODE_COORD_SECTION
1 73.6464054386141 -65.38464024700492
2 26.847423912157424 41.69629149760459
3 39.23600194911063 85.6493709817031
4 -4.408892587366921 53.09572893311088
5 -91.0757937354645 69.07969246058965
6 -98.03233704031102 -49.23943659398242
7 -57.7630325159675 -70.93120591296693
8 45.97382712863296 -68.27147443577645
9 67.1844467674656 38.563233441582355
10 64.93186472108826 -22.286197909816835
11 46.000249115765314 81.84772932736695
12 27.62361669854785 9.788352955317066
13 88.38832537201682 45.03326573228978
14 72.52947823876232 82.77521244975358
15 97.12250650339575 26.326076105392332
16 -37.775661694026375 -62.06108914212005
17 -24.429781803703293 74.21356779333962
18 36.33404375557495 -80.52764715203651
19 52.68845249290058 89.24218830975894
20 37.05753710571423 78.44343014492762
21 88.26666382627923 83.8513498835575
22 -45.88870919033854 37.278794775465684
23 -90.33216215263535 -15.233362361599205
24 -9.945620218702672 68.52622344664155
25 -98.95454546694546 83.7444420396283
26 -17.696080103203343 53.551113782469685
27 -83.00926677616238 -5.000591611646968
28 -65.24767026880554 -70.01332749764171
29 -75.20891540347598 -38.56499434761458
30 -90.2507097620585 -88.82854892625235
31 -7.042807460078947 -33.1633261140754
32 10.312918884584278 -33.5280841621412
33 -61.597219677923306 -42.524000347610084
34 -57.213721342096726 -11.698131975264147
35 20.637692562386945 -45.88649782852563
36 91.75674443443907 -60.18553166058646
37 -71.43862417514144 -55.82336991771453
EOF
