DIMENSION :37
NODE_COORD_SECTION
1 22.84966350504733 -76.0308381377159
2 -93.20945753516332 -39.35264260001203
3 -29.77680555976157 -73.6225085714349
4 80.38027143360415 25.685799101526356
5 22.411879474460946 -13.811694450871599
6 20.6380629751401 70.98287619357114
7 -2.702662504893212 11.910620308155345
8 -8.032586221715718 -72.13955045037929
9 64.69145041181645 12.07584265833637
10 33.691248214079735 -12.516009638284473
11 -63.38577692897105 73.19382119987338
12 0.39505842785881384 2.9142519115673338
13 -77.50738938873502 -47.832469801291126
14 -65.41082527381363 -78.52242867296424
15 -16.46061172344031 83.4899131390323
16 33.781118801099666 20.141606449020827
17 96.54767261676972 -20.914590188742224
18 15.650738633504972 -15.252722468536817
19 -5.436814401088611 7.4477900638368055
20 -92.12769120523532 73.36187617566779
21 90.37304073322062 -21.235051977768876
22 -6.770701636572738 -65.3177700589631
23 -91.52365262800791 34.01045459529047
24 26.019180002005854 14.330997978621255
25 52.17839507775207 38.52055985982176
26 -97.65287675093734 -24.9468828575734
27 14.676934126413315 14.36461820800315
28 -85.240983439384 -18.766371034141656
29 6.485413436416735 -89.14421478228944
30 -49.23415292955553 53.82196979828058
31 16.264831803357737 8.838000456896665
32 -94.83705795598338 -11.337863275335309
33 -51.88783948215148 81.92430762738329
34 -32.350745500087896 -50.60808946134061
35 85.58013343249345 96.65063054310085
36 -79.89660612261355 -4.511346485859576
37 -78.82050750244139 -76.4518660037968
EOF
