DIMENSION :37
NODE_COORD_SECTION
1 -17.922770947180553 -61.209479071737505
2 -82.42196428591788 64.67479242717872
3 32.420709874285905 5.312518701212056
4 84.44550427702552 8.099508450013545
5 -92.43053238206895 77.95805120853444
6 32.18383326264208 48.49819926073212
7 -98.46696299398847 37.92720749916933
8 85.5732024657913 -18.419889286120082
9 33.924187834916125 -57.597405005810984
10 -84.47344812800195 83.9670991880468
11 52.970424596269 -62.316846131711245
12 28.277853051830448 87.43789504981595
13 -16.078676090398147 52.2613202544014
14 -96.60054779597642 82.66699608067552
15 -19.25641648501096 51.612187487046185
16 -5.502609419385294 59.71532440884607
17 -78.77783065567432 70.25263165667528
18 -45.7149067229403 16.943779823932275
19 49.062533814092575 -98.33268465173208
20 74.83747631166239 -74.31511116337693
21 11.315461474460292 22.98751457804657
22 44.17899990403561 -75.07821288909564
23 65.42259108269752 58.84782266198084
24 -88.03917928273 -61.61206506574184
25 37.40731936281071 47.634923364993966
26 29.833708272807655 55.914893574235776
27 1.212295263533747 -36.61852767459328
28 86.22502025858779 -98.48036230709525
29 18.91125814830275 67.84744038436833
30 -9.420519993374171 22.63694743076205
31 32.49960672740971 19.87015206446337
32 78.72522001110266 78.06642226947258
33 -69.80541882352158 52.853397389925306
34 -91.12205997509206 76.6177721126312
35 -76.34745982444258 -53.69492528284856
36 -3.102222634032188 -75.8978947271127
37 67.23734767624316 -36.37823229684001
EOF
