DIMENSION :37
NODE_COORD_SECTION
1 -11.89208542949396 -22.89825169697997
2 -88.90491527613891 39.64591569171921
3 81.42344974103003 7.393940727026035
4 -29.763947332190412 16.057114954099518
5 16.758638599218045 24.13765889028872
6 -12.721668763956089 -84.2619342651562
7 -53.96711274235355 38.73301844556528
8 -88.90504751602448 48.489579828389765
9 -59.83410006648293 -45.764408129279
10 -82.42315133742883 76.42876357056295
11 -98.04238916350285 77.85909340038202
12 16.828592679698048 78.13859510913929
13 -87.72710968796218 -9.265384148716535
14 -51.042369661245466 -85.55034244493305
15 25.82131958215004 -11.468955645346384
16 25.079287421504276 -5.678006116211279
17 -66.20108811671363 -90.91940059669207
18 -63.23852444426359 -67.54082017085298
19 92.88510649626733 -3.0578128983191846
20 4.984501587728673 -85.29926431971337
21 83.56511121001492 -80.12533658448268
22 68.79298898655725 42.903131431509024
23 -94.52597623490522 -51.51914617453859
24 24.168479749070343 -82.06638607472112
25 43.435919506737065 37.8224737137831
26 -84.74713904453297 37.56518259160205
27 45.09748492041382 -91.40500051949725
28 52.904256178468245 35.475128012330146
29 39.53247547845359 15.490707405758158
30 89.66870063446743 -31.786416896648277
31 95.91975081223333 -88.33293528658213
32 -84.39764589040244 -31.077405283089817
33 -27.625751730927178 -29.223136759185508
34 55.98065327287824 29.75030690067203
35 37.23678283934305 -88.19467440609151
36 -50.21763004047788 49.31888438408859
37 -41.3948318199654 86.99873603238484
EOF
