DIMENSION :37
NODE_COORD_SECTION
1 -41.19406460959607 -11.02290545501856
2 -40.806705381941114 -82.23382978368308
3 57.1252718722005 -37.72304265197091
4 -71.05268522015237 7.591669575938397
5 -91.70663561434189 -95.60838779905856
6 23.992551613286793 64.93348285701771
7 10.873171377645036 -76.03071046930745
8 39.11308120066133 -80.28614281398725
9 -85.91156996524667 46.5069065430354
10 86.09083681213934 -99.23918414133574
11 10.043959789505124 -31.08102776146322
12 -92.69528449540645 64.88772836885849
13 18.25950931791627 29.78582891289207
14 -25.1774660711159 -35.45654726350742
15 -39.161263309117935 -77.83275257397509
16 -73.86048302754473 -21.71763102686539
17 52.57139633426621 -96.59356332083888
18 79.31831181443977 46.46758488672205
19 -62.50664166159214 -84.86147669683379
20 43.13731255661497 4.034732225710087
21 91.9057590811903 -83.24325902670054
22 -8.044495530897947 -17.19218880216509
23 -16.41903418220903 56.87851981241917
24 10.353661278993485 -32.227431884502124
25 -72.14019462275816 59.89279927885306
26 29.21324388898765 -65.12294964991699
27 -86.42913435080519 -11.541095266596187
28 72.74598987994696 72.34290835273009
29 -14.820570173715566 -42.133550920525394
30 15.08863124122719 -6.86481992387904
31 62.299999349913094 24.454687190871
32 5.428874060024839 -16.847623154380557
33 -46.31692725759011 -52.171068167738646
34 -37.76980017455689 -2.137421670192353
35 -19.986728010580762 35.400615224809286
36 59.97474000629296 -80.47442149998423
37 58.33257634439781 17.81663641642841
EOF
