DIMENSION :37
NODE_COORD_SECTION
1 -58.229448419414666 -86.6759469045719
2 -83.63407968037521 -84.15877782448035
3 -77.58592475343545 -75.19217030155987
4 -83.6436411730918 35.32800892515223
5 -3.1457294086401077 -21.281091610221452
6 -44.01707021446257 -28.514645678914704
7 24.432980857291525 -9.534954751688147
8 -95.0726440951134 34.40337827144785
9 84.36452566333864 -14.73353741741981
10 -7.965410330302575 -52.47212476232879
11 1.4709077635184826 69.88293325037617
12 45.57405579468349 31.393514502705017
13 -17.32159020494788 -16.390249775392917
14 84.95145415686159 3.042527527407927
15 55.27298846136512 -63.61447028055125
16 65.5129160220728 -33.352383173262055
17 64.5133133029988 -64.98105108441428
18 60.30998008498207 -95.35296049364217
19 -63.94814005475029 22.95558124416577
20 26.170328217184903 -56.26132320571007
21 -62.2838703670499 14.669960325748079
22 -53.85421705156901 66.36919132308407
23 -14.446505815759721 -7.317725616121066
24 -33.61422974465427 -34.10675578082538
25 30.644796310605642 53.362861600283594
26 -47.28925020187693 2.3668856515838996
27 36.04346094359798 -62.8979598245172
28 80.63696996325857 -94.02164072042017
29 7.298288143508785 59.08661145504743
30 42.33026491751025 -3.5915385781713383
31 -24.630191018706583 68.8386545182872
32 4.943235314135563 38.95183897235708
33 -52.64850058395931 9.836127796038
34 -12.9832338445393 42.01953151946117
35 38.25890140594643 24.94892449544703
36 33.10329751530648 -84.31779183492718
37 76.25106215394476 -40.91187137841863
EOF
