DIMENSION :37
NODE_COORD_SECTION
1 67.23590180680716 62.49315648538584
2 -49.941553715675994 74.28601854984001
3 9.910157730785315 -11.82417370042836
4 85.73752422252022 -30.17595375310694
5 16.775538222578007 -67.37117067410944
6 80.61634234384337 59.044856938003846
7 88.32989410964842 -40.7473144108508
8 -40.24452586357248 -21.14118471352566
9 -90.5769436497906 29.048585571340823
10 -87.00373394204985 -99.70519662072097
11 93.50471121024799 8.759842167290259
12 -20.569378247288597 -72.04314627346938
13 -77.96683501866255 82.72067168580676
14 11.861341826141071 74.37034544176655
15 -35.42645005575315 2.036512792508205
16 -70.07383717949496 -76.98220915940415
17 56.71554234007175 -77.11568457675003
18 -22.214885074503798 52.65338874130646
19 85.79240652292876 35.13508090385079
20 -9.252563753474092 85.52443147164647
21 88.48443198044927 -36.834812366834704
22 -55.059184355763044 43.416876324124274
23 99.7417836132646 32.63699038770429
24 -84.8976706978182 -52.01866708862666
25 9.062977268370702 -59.80672333868253
26 -2.2030547753955716 85.58486431148401
27 -21.982986207852534 -62.575787291699726
28 -29.15387570928702 71.97299741308376
29 -48.00136343253678 -53.87049548036682
30 54.47547078646991 -1.6845840507734522
31 59.55778586984144 58.81252456131483
32 -84.33289895959834 -82.25203463239652
33 34.2458640410635 46.50724189089698
34 14.42885456327106 -59.68754954751838
35 16.773044466205135 -4.54715710429474
36 -70.83092675574439 44.23503233173085
37 -0.6276986677827381 24.795019849872844
EOF
