DIMENSION :37
NODE_COORD_SECTION
1 -34.47282348535161 63.99249527424061
2 71.934562872975 93.0070281271191
3 79.39778607533913 3.1750440599476377
4 -53.62275240416841 25.331704491177717
5 -12.454667892397865 -68.85915035319947
6 -65.61086145469318 -79.70278553301767
7 -80.66104081159217 97.42141928219533
8 -65.10951664588605 -98.77536823654268
9 -64.80372454404844 -92.20508320637661
10 -84.37687251274708 6.869045319300369
11 42.409268001529284 87.86642259277485
12 42.034634050951354 -44.93562910773004
13 96.09079529943094 -6.999241893444179
14 35.780638559815 39.03972615284431
15 69.79369942799943 95.6931107844849
16 4.917039779919776 77.04332277116018
17 -9.293976942396071 -31.62330762607624
18 13.830025331259904 -36.551029511511565
19 25.927527462966736 97.83078942981916
20 68.17870911644908 28.309215183261756
21 79.18418151858685 16.766588575978545
22 -21.398502720008693 -97.64157635810588
23 11.438843661534122 -81.16779198964872
24 -63.3359771621123 -94.24209704218892
25 34.20800107657698 -64.8074992480125
26 -12.497011616545706 -68.58553980931143
27 -59.00410236621565 -5.99683915744005
28 -84.1532033873415 -22.507285552440123
29 40.10902009534635 58.512824728888916
30 -24.429510574314634 98.78059772719942
31 -68.78455635520581 -54.80919490723917
32 -12.331039972405208 -7.1434723439679
33 28.365061225727317 60.192306258100615
34 7.5091047453592665 -85.45419403434897
35 -26.211596598415895 60.636891689813496
36 19.44803854203178 -79.05715050440413
37 9.643125586223576 46.59010866260783
EOF
