DIMENSION :37
NODE_COORD_SECTION
1 -12.28797025976813 -39.820424820722344
2 -20.88293192764803 73.78237530340141
3 0.42558496924502265 60.281426590012785
4 -67.6122148566244 48.33029452765817
5 -61.02458894214487 71.83620643760455
6 11.939403437278457 -59.15872887321814
7 53.15863372463184 19.117820354686458
8 -5.939693325067012 -8.225916243480896
9 36.11360173042135 -13.404071782302779
10 41.921674500004315 33.86894910674769
11 -80.00907235106567 -30.179427616318037
12 -99.30866686401723 -41.99084396317097
13 -15.285479068300816 11.004773624121327
14 12.588705893476344 22.21871674960005
15 24.247802789004467 86.03474943175286
16 -13.371745884128018 5.389096846236924
17 15.757017427154224 -87.82341969151003
18 -75.59977902188994 -99.50799064887583
19 -80.70998669153668 -20.46281046240064
20 51.08916951811452 66.44952833295397
21 -0.9345154730910394 74.37657471403858
22 -69.96774339447202 -86.50337034412634
23 -97.80581720051657 -41.34277233507544
24 49.47090095636614 83.7855073155313
25 -43.36977728430283 97.75585665723739
26 -38.2491579451318 -92.85507746685934
27 -42.62288396950493 -12.948539250679758
28 28.07743009392084 61.322033224034584
29 98.44976374300737 -81.85700746516831
30 -23.965750011563742 46.69812890705347
31 77.82020018669985 -53.26123024740252
32 -87.57500235977483 97.38381224492187
33 -46.44858757508332 -23.200987383507282
34 -49.40001801284739 93.76318180469477
35 61.55016414835271 59.30181409100393
36 9.280091502500113 -84.02933392419891
37 18.846266134409234 19.041998359727813
EOF
