DIMENSION :37
NODE_COORD_SECTION
1 18.992860587561793 83.44822899281706
2 -68.96760344851086 -30.838678162811476
3 -67.41339003996842 62.644694299470785
4 -1.525045179363488 -49.352401579399505
5 -22.10967369413777 93.08303628857212
6 -26.86680600592861 42.8293418885232
7 -86.56155226927086 -18.564479331108515
8 -43.69964889690041 30.931619063773496
9 52.28133690269701 43.91063797121703
10 47.30700155143117 88.0477978929191
11 -95.74628221817649 39.169876853755255
12 -45.79647542635006 -68.57894106213611
13 53.67500462706758 -72.84361012966977
14 59.665089979672075 -53.28151222699413
15 -62.69310897302669 13.631718339733752
16 -1.1608742227044075 39.0196907062564
17 -83.50470134234706 95.88074238366809
18 -49.41821607502583 65.53089397178522
19 47.77511593548391 11.959187125833324
20 -30.493461920297918 32.574611653427525
21 47.818015535121674 -85.97806182597292
22 -6.505459023800242 -1.8060413085598555
23 -78.54509666163912 35.68462336151788
24 49.79297246156267 11.749834464488345
25 -24.39369840964791 -95.96510333605377
26 52.55415532116777 43.17813411411453
27 77.30552339351954 58.82390033589306
28 35.644797254126985 -92.88665523165263
29 30.600934632495978 -15.467436906695937
30 96.78126812482245 70.87391105017659
31 44.975292544292614 -64.57868672718116
32 -57.47665806894384 -49.656298887451086
33 47.02166827331095 39.33592912434895
34 -81.6144894562722 44.073152394058326
35 47.46698567484896 -97.04368726447927
36 -15.698594123867466 33.46258458867942
37 -82.76416427911599 -90.66100767159611
EOF
