DIMENSION :37
NODE_COORD_SECTION
1 52.903483846855494 -14.320644142970337
2 -50.90127733998171 98.0182639207357
3 46.55676935652062 35.99944381185466
4 85.55052386975163 -51.40508332691909
5 -51.188176419057065 -2.446739726149076
6 78.91646765558761 -49.34443414067013
7 26.918903348436828 48.99450687261307
8 -83.71550783120213 -63.970346106333984
9 84.2716312265438 -15.600141142098778
10 -10.285552886802932 -26.19469266692454
11 65.12517097457587 74.74646838738576
12 -78.72385439618108 -15.810800049341594
13 -21.33950802915814 -13.396752887228374
14 62.81975748623486 -85.79026160977136
15 -64.55727832949962 31.210993625765468
16 81.98380333136137 -63.57314178416604
17 96.54834267184 75.91543284991366
18 -81.20267891063628 81.22584304807148
19 -75.8876157496138 -60.04359106449384
20 -48.66550965566374 -6.063353664086321
21 91.77343397196995 17.905412340693914
22 44.23157581701935 -80.06582267388107
23 -35.52921467869612 26.58274577544968
24 70.47750413682826 -35.96083075762459
25 89.27465510608275 -44.92526010977394
26 94.74103185153976 -55.04669858847861
27 52.406920240274985 -87.48961312209465
28 85.59904186313176 -28.873822787124197
29 -47.66356891080541 14.545878470052955
30 -15.618021751746866 1.3660490765180668
31 14.809464158044122 -72.95534976619962
32 -0.045912195631942154 -78.32994752333349
33 -67.09750191814848 -5.770496437246294
34 -78.40236206892712 69.16382456867285
35 -46.33896306723937 18.622456604114717
36 46.27185706852876 64.70452224562601
37 -47.38526169371926 -68.62287316829645
EOF
