DIMENSION :37
NODE_COORD_SECTION
1 -47.43438896447765 -83.07477999067127
2 54.61879747250589 -96.0434760971796
3 4.579413929434935 55.37158107076658
4 -23.378449847799885 95.06945736414855
5 -22.440546450835157 -92.43165786366067
6 -66.90181488383804 95.56230026702767
7 35.55094189831257 40.006917408349494
8 -25.183280519851323 42.68821402962479
9 -68.94365279056933 88.66105582091191
10 -36.7662199883233 -16.505406975888448
11 2.2296798786657774 -30.777508863951027
12 35.93659533726316 -34.821479366649655
13 -42.41300997281612 18.042767887301594
14 4.147682548189053 72.59430804070658
15 21.163946467534544 -75.34834659921702
16 -98.19479585234458 14.896844952933435
17 -75.47194444976992 -68.23843400477827
18 -15.16651804298796 68.96843947615915
19 -73.22054055291247 24.95647836798969
20 39.56974955824154 -75.80911278283855
21 -80.3489876532767 -88.19716516336203
22 -99.08527173962666 41.28863968263053
23 -67.95533784893664 98.90916940646815
24 3.626294640121259 -62.61704557640857
25 -13.18199963724058 -84.5000171327986
26 -5.723100454914757 -59.939040907332284
27 82.36114086070171 -96.64128028047325
28 -83.25287210965854 15.1776695100355
29 72.48087139404615 -4.466421987264013
30 50.72921487622719 66.27304279999302
31 0.3353928344279353 -60.01094529018949
32 -69.43397336902808 27.90020113032503
33 5.639725174016945 89.42510510951888
34 0.8524293342600657 -69.17497937962638
35 69.08818743922018 -25.225044364190552
36 -24.422317188570844 -96.02862959696697
37 -16.082825021850383 7.431576463543664
EOF
