DIMENSION :37
NODE_COORD_SECTION
1 -90.10877822243944 -9.938482523178465
2 -67.38444175161888 21.721469428472133
3 92.09279010607335 -6.049601914227608
4 46.675736017397384 -19.54378567151005
5 23.852756038515594 -64.482931445032
6 15.125996551566814 0.38043006442445915
7 94.76114601927415 -79.08192759942216
8 -20.678288661934246 49.89574999128348
9 29.121103740056526 53.84494839151458
10 -42.13380168441259 44.045616860758514
11 41.92867756744363 9.207708500741944
12 -99.40864918586723 -9.635823949143287
13 -86.37199761716796 -56.8266417425644
14 -71.33715159195918 -43.186790762728556
15 -70.47803412513372 -89.90228365284405
16 45.45966747047353 53.146200505398554
17 2.5700675670279054 6.303032904603228
18 91.35407849509241 7.077782001562326
19 -47.59330338409167 41.31775375329994
20 -14.755112795847154 -62.074277003773794
21 48.76468327533698 49.10904447208088
22 -53.32667078968723 -17.068206561186017
23 -55.90954933293881 -4.997434033367142
24 24.57747147933496 -84.74310988484288
25 17.988765757950162 8.398221293105507
26 72.21761932461587 7.6847544140496495
27 -64.76346495648812 -22.945483831074867
28 -97.46824969322267 -57.642096634606865
29 79.45673457084473 -24.37164382272738
30 -65.84341603295479 -55.59178549537735
31 66.14510757777526 -30.67894663185045
32 -4.423594259337278 -73.86618548613234
33 -38.40617163162339 -67.10451024391249
34 93.33845991681497 68.41295524549597
35 -61.64217727910892 -44.00664106085965
36 70.00004687058242 -62.665411478450636
37 83.26115413574985 67.59550754138877
EOF
