DIMENSION :37
NODE_COORD_SECTION
1 17.129609532548628 38.147089107894885
2 -89.30770241287121 60.773275236850594
3 20.810157461924888 1.841568812630527
4 59.166009183645116 -43.31874023482219
5 26.87367951671547 -31.70441887330233
6 87.58388094057437 85.3874612546606
7 46.373995042841926 28.24631586020601
8 -77.95897286584439 67.81571656535507
9 90.15467701997113 -25.763969677861454
10 -79.33316441151554 52.054717794191276
11 28.61647069525594 68.28397986748254
12 -93.25892100200497 55.34983197469916
13 -12.540210277730267 -16.867446487288234
14 -22.795317928518116 -67.21494522837824
15 72.54803691183469 50.496659710162845
16 74.73041103966304 33.13477845775111
17 2.389063721270105 -88.34068288542662
18 12.49528635212107 -95.09579248893043
19 93.33365046660066 -41.0794391199329
20 -76.97678306585743 -50.633743677685004
21 -9.558553982457923 -19.17918093468917
22 -34.05730040066899 82.44190779940487
23 -33.93363665145159 -20.276088336458088
24 -25.768721573224724 63.559920606253314
25 -81.43500230820904 17.259009070783875
26 -55.505319356462365 -22.8289367125235
27 -4.866794751284601 -38.715174673838405
28 84.0554550669257 11.380843458557095
29 35.627510742539414 -42.54653876237269
30 -83.89779570737399 -31.795955414557397
31 -11.67038819670006 -70.88465043906888
32 -86.12272110559252 61.23319683375132
33 83.96379508031691 21.220843701385576
34 85.85721772070934 -90.94765428993233
35 70.87862075792262 47.037957123187056
36 66.10689580154227 16.516457292812674
37 12.155852255518738 70.91999915064994
EOF
