DIMENSION :38
NODE_COORD_SECTION
1 22.033449522442837 96.84617102766629
2 53.12970416343438 -84.66295861882219
3 -39.84646005929391 96.15385444415551
4 -62.375429998954914 -11.517227878868837
5 24.01824880254979 -8.029891305531308
6 30.39591997890625 -7.032188547102507
7 31.068576836914843 -85.74542058551134
8 -89.38866103826832 33.310595872841674
9 50.05065288673197 89.49261194788696
10 76.15090115510998 -55.01502452227922
11 -32.59119565664068 -34.269440066646965
12 -49.77630829868092 14.83718990726932
13 -14.023661949393642 -89.0007954017956
14 -32.73012563760773 -2.315497638224187
15 47.84023727740018 35.25344235684233
16 29.73169142031381 98.46195359480404
17 42.98259203489167 -92.75451802026562
18 -37.37189319982244 -98.80218460486314
19 -83.72194307183463 -9.712147482905749
20 9.46954040833667 69.26220981107741
21 17.65330071025204 -95.34840788625034
22 -89.09939169917638 15.747654004133366
23 53.69086049456723 -60.615999727272985
24 86.56034612619356 48.504156682805586
25 -6.313493902559259 -17.380508309598852
26 -98.998971520419 -68.7343154405381
27 59.14561382279388 16.996102393360758
28 -63.89182511672138 -29.531224089563608
29 82.93082067898257 -64.42083011567408
30 15.315940175843295 36.77825311662514
31 62.749577850880684 73.7330049200834
32 29.013653273368078 -39.00106703565576
33 53.396947920903756 -76.32985000724034
34 -4.109206436866941 -94.03359451062101
35 43.14547693279388 0.9471276085751441
36 61.56932761297227 9.173911156841342
37 -58.09946417378096 -34.035515737404324
38 83.72377538637744 15.306497497254881
EOF
