DIMENSION :38
NODE_COORD_SECTION
1 25.409522084986776 -53.19125821220852
2 -22.27701155389981 17.539746908765963
3 28.588424835052137 99.8314357757969
4 17.817371854829474 43.37317455805598
5 -81.4429111268013 -68.30275030397506
6 -84.92072489419236 1.1806530151143022
7 13.964179298881632 -47.46044766456967
8 92.11888128846775 19.235897804573483
9 59.3644538439124 55.540913114740135
10 50.378660164304705 50.992086509785054
11 99.06610822501096 7.6776994841094535
12 -7.952824420308474 -37.15003895622233
13 -33.362324355879025 73.09355314468317
14 97.7843817247279 -40.42507747080288
15 8.903804149576985 -50.6920784238573
16 -89.95520216377646 28.057613818230436
17 95.4857684580654 80.25512872121371
18 -30.36349302686172 54.52674255462077
19 -21.580707173121013 -74.81168877408699
20 32.2554485786533 -24.01322433549626
21 61.10859347340508 -91.22822925502729
22 52.08613357754484 -36.43272200889245
23 11.852324348906507 -44.775739274300605
24 61.16132923140472 3.634772456899185
25 14.40357776792716 -81.83516286837397
26 96.02497532930914 -58.06804958353018
27 -13.497408780446023 57.85189449925622
28 27.34404622434559 86.67323724383232
29 17.047546298090538 -11.204772756074405
30 -66.53335677353382 28.43971734749445
31 -26.454786918472095 23.2598051978637
32 -74.47469616939979 27.88046526286479
33 -86.29010022842161 -30.030805085612016
34 79.53580579356739 -53.358513240187854
35 -1.4443294132986892 12.355508853380186
36 -39.956370487654794 52.607433099155145
37 49.05336001016238 86.99190895264451
38 -69.77847655369642 -82.54464757802636
EOF
