DIMENSION :38
NODE_COORD_SECTION
1 -85.59952404614334 10.382683580481242
2 34.92337033096271 42.68382382737593
3 27.17862734376142 61.075022697504664
4 -83.94899522949275 -0.3051150320509066
5 -90.8502060029893 14.095629594357732
6 -26.307749613069433 -49.82984067660921
7 -38.83093415624661 -53.99549998232902
8 21.840000547637246 24.896747159878558
9 21.668329480468998 81.39703440756739
10 4.103690592920657 -17.637560299731973
11 -89.60823161299672 -64.52504514920156
12 -67.32387041005458 42.85388167633474
13 87.54061560764879 22.345401996158017
14 92.92017031467242 -0.5445567910115017
15 53.21123805807213 44.996705491237094
16 -83.70867609477844 44.26049666455921
17 -12.012889603098586 -39.56163758090885
18 -34.08612162328781 16.27098076017984
19 -7.228115600890391 22.281882672537677
20 1.97976027000621 -23.12486535516439
21 -75.57280150152998 43.078102961911014
22 98.2409016750469 -50.54267155730743
23 43.50562018872682 90.01577030331677
24 66.21736291315557 -78.39194850442263
25 91.3454411308206 30.125162620661712
26 10.345182502625477 1.5661038831435974
27 -3.9791667447259584 -25.080375974754034
28 85.1392816415509 -55.060837204912836
29 -29.882698669415305 -60.553104928009475
30 54.5485390232964 -76.58713504346079
31 -91.97106891103113 -72.98870006627816
32 64.03150014529439 -5.92719936015682
33 -83.54940072250001 -21.63323703071414
34 -72.5170632133132 46.127587913626485
35 -81.03525979111927 82.9698298515045
36 3.992864075242508 51.23555758677858
37 -35.90108256199241 39.92080596369078
38 -6.478674908758279 24.301406253097383
EOF
