DIMENSION :38
NODE_COORD_SECTION
1 4.401310454910856 5.34055399078062
2 -84.84741808337056 -55.303356364544996
3 16.131214445059157 -70.71061660920653
4 62.53047519696125 -73.17158498109298
5 -71.54590084753202 -80.19564832902222
6 41.97586059855604 -61.21342079235652
7 82.7621651605777 -79.99328537406765
8 44.67874050561849 39.313390526562785
9 -28.139021007097824 -79.50743407687253
10 -77.50453353422597 87.60033132176889
11 -30.235847580111553 -50.35798989819198
12 -50.60555196065879 83.56573715852599
13 -40.98601638928066 -29.340074683437464
14 22.63057928059429 -14.783828731165599
15 -13.728495562695826 -83.46876851956037
16 5.973847268770996 -99.61226443765842
17 40.39587098455203 -40.88749528826134
18 46.419113427607215 5.827498982926542
19 -8.040333513138108 4.871008314668288
20 -93.84435486395478 -66.51068260716752
21 59.123144571205955 -62.678878941584394
22 43.17652399179528 82.08240222807925
23 72.0171788375319 84.99731342685513
24 -53.24040811450421 -38.675045355762585
25 96.26102295451079 -16.15816246013088
26 88.15323002513372 57.01943499300387
27 45.96774017654744 -75.82563180646302
28 -17.848254101579997 16.979863021183974
29 -32.43335593719901 24.94985662215589
30 71.84676987841581 1.0058243133975964
31 -92.00139877604288 61.80006164782381
32 46.69260430676317 12.511779604686751
33 94.31674605042565 -9.606970331668933
34 -16.874996104343325 -64.91562788898553
35 -53.54842130995425 52.934150174985206
36 -42.67554620138585 34.154554952792864
37 20.876061723281055 -66.82874377394042
38 -78.68338505162215 52.13529554188142
EOF
