DIMENSION :38
NODE_COORD_SECTION
1 50.162133012395174 -64.02982126980064
2 -78.9506426762388 -18.632753996397284
3 25.51764690480529 92.65534427201075
4 65.28426766169318 -9.550465876875649
5 -19.956837099233965 -15.971776351116233
6 22.50928730590229 -35.88118743599445
7 91.08063676525879 40.54845616530616
8 71.92863870881413 -99.74113633799018
9 94.87049476086275 87.95161372231405
10 43.379383727472174 -42.107079844385396
11 48.27683931163335 32.452811700235486
12 -27.622412634032287 42.69747913183318
13 -89.40274192193833 71.33421285121662
14 -96.61069106538407 11.689734866791213
15 23.07557360169787 81.97438432706497
16 40.52686655687893 -33.74021886590417
17 27.21257055101212 7.4163827863764595
18 73.97235174641361 58.38278215695644
19 7.696207343247536 52.86053028994883
20 20.782015655014078 -78.23963843381429
21 71.74938337570848 -64.99300884370429
22 -89.67340834699111 57.80460586305881
23 -16.080022627040606 84.96222869108678
24 -82.52571666016095 55.79197726659794
25 63.81430736125955 -4.537512112855808
26 -99.27534559540912 7.17866159446632
27 -75.99812868415125 24.456603894300727
28 -62.14676951839459 85.9828618202454
29 -23.70435069323105 -80.37061578179505
30 -31.7717873890158 10.303582210420757
31 -33.161101425067585 -87.76406330622468
32 48.812214730663555 -25.540414883898535
33 -86.0940605222557 43.65638283433975
34 9.96354664920105 46.89619521806401
35 -82.94907244608183 34.36943400364299
36 57.503081421882854 -34.07826344041706
37 -17.784815918202867 82.58235771811016
38 -90.88562238676059 -66.50055084331592
EOF
