DIMENSION :38
NODE_COORD_SECTION
1 -53.703075575886004 0.27813531087979015
2 31.428610395726963 28.95605342957205
3 65.30580526155097 10.463959968368371
4 -3.5071709225140495 -96.5365003170684
5 -95.40721664295144 -95.87656071017065
6 -29.585672713418347 -47.39094881933825
7 -58.38428628208155 -19.647851135651877
8 22.606758777869658 -1.590107681558564
9 9.753895262185395 12.264535615060382
10 -64.54564642018656 66.62691968123448
11 -84.10064996179791 15.22263281294039
12 -78.56551545802401 5.825593160838011
13 25.074790433295163 -58.751661601571726
14 19.29388092389668 -15.484583379671932
15 -75.34234203142762 -76.4245047898095
16 12.814910195291802 90.81264250852345
17 -86.98387665821572 -20.91289250528328
18 13.559890346573582 33.484876864990866
19 70.83952027900855 -8.577813477124607
20 28.082874391054105 48.90023748840278
21 68.17223820055139 -56.17432895092407
22 90.450025656088 -44.682131189932406
23 36.1367101038058 -51.64604453820403
24 82.51120438078584 64.1206441969531
25 -10.442418121313992 26.83768740372396
26 -12.783105143038625 -42.995090786190524
27 25.17584579148557 39.042449828691616
28 24.376320523454027 -31.193710206087417
29 39.86821408551785 24.757125222507753
30 -96.39600246897919 -22.445500989327073
31 14.263531009804908 -70.9213247914002
32 95.80359581695404 -3.4856996072861506
33 -10.625316631022216 13.951266606732872
34 -27.610386029870696 87.38372247610317
35 -72.65902117432248 24.056595791972995
36 90.548776808577 69.48473345545204
37 92.10246669271592 -28.55853280484469
38 13.194810797961097 -13.304326275217178
EOF
