DIMENSION :38
NODE_COORD_SECTION
1 23.416840463431114 -39.12045743413728
2 -78.9528457907321 35.038655775432744
3 90.55300732557996 66.1979066345103
4 31.84801702374611 -1.962310869767208
5 -68.82939007699738 62.21755020823497
6 -21.5171357935251 70.9686657831607
7 -89.68856122605446 6.480700457149808
8 -46.4435726949874 -16.38344054158054
9 31.686540871893698 -34.035038822653945
10 60.184756958024366 -71.94383962569253
11 10.333973688439997 -62.49162212380441
12 32.28913093174447 29.356838476460524
13 88.34699664496225 50.88163307462608
14 9.499014794702859 -50.43992364157999
15 22.462907409558767 -19.387903881305107
16 35.78650078998723 35.89773270982616
17 73.27945986474177 95.20358845225937
18 -82.44397986311616 17.38317816952528
19 8.092234385517912 -93.8153763634358
20 -75.23521939320389 -21.678607357226127
21 92.82287745851539 44.45712851689453
22 -52.24901497459313 -7.051744378042656
23 -6.765144793912242 87.70659217998244
24 -67.20168781562683 -7.676696214168288
25 31.60971675140729 90.1737263778544
26 -88.93313962188614 -47.23573744979741
27 -47.71642531118192 24.876691325933308
28 -91.62779486918767 -55.474248171240646
29 37.920020924491666 -61.58787431481145
30 77.39580003626125 -39.91135048909864
31 88.1222333233643 39.752169094892395
32 -70.73836488276655 -46.65942033313306
33 22.963666445240875 -3.006208893859082
34 -41.98462207595326 -35.90786149026199
35 -93.75682196600181 -0.19419664184742658
36 49.39407962566594 -23.212479601260185
37 -3.2528937110354974 60.35796512202097
38 44.375861697675674 67.93217952031225
EOF
