DIMENSION :39
NODE_COORD_SECTION
1 93.93607047547042 -47.294888380577646
2 60.82402931034849 48.92124507544605
3 30.387139502535717 49.80024112056151
4 97.51381834244273 53.409201485802896
5 -69.85624788607689 -7.8080852311607885
6 82.15512526345663 27.002391688285044
7 1.6979634674470816 -1.1893463696998339
8 -20.167630946057074 -13.245381021426809
9 55.33039995999397 -64.03198863144479
10 -83.72787877810819 -64.32271161874223
11 -87.66315796549887 -6.280055013407647
12 73.81105798556379 -95.19387756637845
13 -99.71822951047915 24.064391022510392
14 -24.640757939837997 2.8447941745448446
15 -59.19648661951731 29.187046205523046
16 46.96540857056718 -59.78709907311972
17 -75.0277347178203 -21.99138752351672
18 -96.30741703421364 -25.010266444298622
19 40.92865523260406 50.57569050196889
20 38.86375372217904 40.15935836445544
21 69.50735186875107 -37.62334933392098
22 -86.66098956511232 -45.27343098792931
23 -4.223503816135292 4.452809440952876
24 39.337139259091884 95.68737916390543
25 -2.0995291649614103 50.21438705862852
26 -67.5839319310785 -86.49823598352083
27 -30.53993113516991 26.15967084603652
28 -34.421651663073334 10.630374004364214
29 7.340627319413386 21.23497467418771
30 1.0691972544897226 -29.138893219313516
31 -45.47473526168615 -81.63797699497597
32 -1.713636699405157 -73.43459982563073
33 -74.3929971233002 -28.301660281791925
34 0.32249712650920515 -18.31179674875459
35 -37.4399999598829 -75.5144835812259
36 -12.987551992890985 70.18962794945566
37 -30.713239486597814 64.87903183955854
38 48.95922809843833 22.820420093058203
39 55.684740549160495 50.94257971654204
EOF
