DIMENSION :39
NODE_COORD_SECTION
1 -15.135807634242454 -60.47268509195871
2 -14.54768222777254 1.0287520016948264
3 -46.41160488145819 20.448538289347823
4 -33.41938426599201 42.05710890049983
5 22.723673832985043 -4.626331603858176
6 -50.54563055062036 35.73970590566341
7 -52.946392514684405 9.706292305086833
8 -95.2886255705333 -38.406887729814244
9 83.1360433362232 74.38169695467951
10 41.48685584642723 25.6151492056391
11 0.3404426025751519 -32.143817897527896
12 -3.604553137067782 -15.206376004068773
13 84.02479616225878 -9.801549708566597
14 74.58017453149643 30.15323818301289
15 43.13863716719996 12.477653979333653
16 56.38435475335115 54.836149391422396
17 -67.6100973359519 39.05677394336999
18 96.67884492263624 48.750565530773514
19 78.21528995666932 6.06400622662791
20 38.60371493096096 -92.38917776589047
21 -41.85486766274518 -23.77108884382433
22 39.45991621752836 -78.26843803057429
23 24.755347555318167 58.43423329507664
24 -36.28689944758021 18.727577416757057
25 88.25079529425278 79.74815710288493
26 -63.451673507729154 74.31000476538867
27 -24.174363837396925 68.36607953048298
28 -28.859040834112278 76.65860719569778
29 -28.701871111374473 -32.1951720670323
30 83.78550796375774 32.38894053298799
31 5.118676549635353 95.85646699395406
32 -6.749045481316429 35.922277659214785
33 -87.29841816988903 86.22279298713738
34 -35.792561212197256 89.10519633575981
35 -91.86747704446975 6.415715948057766
36 -0.7041595350041518 54.21482583567828
37 -69.34471238198421 32.42285502098483
38 10.388440857876986 -48.975191180078404
39 -87.0570878363389 78.80161374666571
EOF
