DIMENSION :39
NODE_COORD_SECTION
1 -41.271859906482476 -97.58584932748589
2 60.075063727771635 66.15738348477211
3 -99.23673376262239 -81.66478631765199
4 21.457219965155332 -5.804957670001443
5 89.87468687819381 -68.206806946943
6 9.653478774602391 1.586040922729552
7 39.76256680401491 30.370614345958103
8 98.87561773677467 43.852700195885234
9 -44.1133243546737 -28.142905212505426
10 5.468914355574043 86.92571032605653
11 65.98432580797655 -97.93599024688349
12 51.49714598704392 -51.39112923621185
13 -88.89741944257679 43.14028770950512
14 -86.14294052196291 -23.79037597535725
15 18.513121101283005 99.19722845496179
16 1.8728364462597114 23.256580287081576
17 41.354748141337836 91.08921094062973
18 -64.57748742298506 -56.11083480270806
19 94.57506741745775 -71.5136718332476
20 -94.00010243405164 -89.58130434321696
21 42.71942852110618 54.91397913891058
22 94.71718209321594 77.72424013798988
23 -97.65819331273204 -39.776479080683245
24 -5.895155767917899 67.56057805835852
25 -89.71120301802722 44.99717483291113
26 34.66718959372466 26.519818414164774
27 -21.165407123585595 42.679391539528524
28 -47.4967306774029 23.302079817759363
29 9.621174433391388 -42.23397844171694
30 50.90458402720458 94.11492464245825
31 70.58473989013171 62.1715920436948
32 -93.30746074851642 -80.5649029908347
33 -46.47425748941893 -93.06582560252394
34 -48.839921897163066 -78.96967239043506
35 -75.29335180946295 -47.29371233999886
36 -84.16635427717159 -94.94705521385443
37 -43.16203364722775 -99.98059896896811
38 -25.12694570993297 45.18114340843388
39 -11.96029599633772 -90.90136011808671
EOF
