DIMENSION :39
NODE_COORD_SECTION
1 -61.22154439605458 -0.8022126197778618
2 -8.157992613321596 39.043382450478504
3 58.175157226627874 83.06068921447289
4 62.01523248933756 7.478490509971095
5 81.79864031480551 88.4324150605209
6 -83.0036712774849 -25.680083127921208
7 -20.596391726797364 -77.19830738665998
8 10.904865806086136 87.08761702049264
9 -11.82748974837547 -24.257470036962417
10 1.618809763772603 -9.762299132847161
11 -29.69940672513293 -29.478724938650174
12 71.1064284680441 -2.7253229749751
13 79.78597752729269 47.17590609889379
14 -80.81244375321306 -48.0559497756172
15 28.05492930313096 -58.644175179108295
16 -40.87624990010301 -36.4058131729156
17 10.903999206373015 -27.37539815861281
18 -68.08630600089123 -8.164272890761197
19 13.342270541636282 -63.40791294519541
20 25.896503516498655 76.91576657896593
21 -55.73140234251708 -92.84355434005195
22 39.24237882631502 64.76310043536785
23 69.52007846084078 -1.6993346017408157
24 -44.86354709880993 -40.55014153563652
25 -90.32013764514934 -90.69783735444727
26 -87.061696634318 -49.145983880542744
27 -51.86635226281693 -17.121732837558852
28 -46.67374975738128 -88.40377359449687
29 -44.783941935933534 -57.29574916300195
30 91.41188116230069 -65.13650166383012
31 75.88941157194208 44.90482837405713
32 29.037115630244614 93.52143328972
33 51.249176688595355 77.53395254084487
34 -44.05756202011515 40.95556158711494
35 48.25178359261599 72.7218820973957
36 9.221597682861699 -54.628391315473415
37 -42.58785735131014 -41.917440705462795
38 61.45463381522029 -48.1765411536397
39 84.81977340307864 67.13833455517181
EOF
