DIMENSION :39
NODE_COORD_SECTION
1 -81.56626489412109 89.8286024558297
2 53.02713838798027 47.58439996424465
3 20.31132492644747 -36.71289463741849
4 -43.85398893538876 -19.9028343473759
5 -10.742188350680394 -86.18501550391605
6 23.10860283030651 -43.233973694766156
7 -26.355779019231008 -3.6302443046743065
8 -16.72647486545995 -18.53122498157748
9 59.50795776081347 -97.3413006009579
10 69.32496953822647 -29.638063629518754
11 64.73154416928239 -64.9815077783272
12 -5.951471327244278 -53.061409313862626
13 -44.41132001250638 -10.886118215002668
14 29.76299605421312 15.28079376215581
15 -48.052157483460675 9.06008420802857
16 97.03046730777893 59.97462721388766
17 -11.599677421720685 -18.887261801394132
18 -64.13139509688861 -85.68002953015647
19 -19.193934437708066 -34.141738727020666
20 80.54054041108998 62.881145872085455
21 -88.77268368043731 -66.12347806992992
22 88.0993609691433 0.08860267048298454
23 88.94659158117173 66.13683384247418
24 81.21581771437846 -46.48405023763724
25 71.24208144997175 -92.07268318938561
26 -42.580715149546 -1.3793712369587467
27 34.82012296827003 -76.09325027283738
28 -10.26622877121764 41.15067516340903
29 77.28098321180175 -8.092982915421459
30 -2.20784791433681 -75.9160355315953
31 -2.2792943304068984 -5.596498881168046
32 3.863465120309442 27.880469745068808
33 -43.45155868145869 -80.89037999562272
34 -95.17036547203091 -24.007823793958494
35 46.82504881515399 -36.05906356015587
36 -11.000376901166021 31.98918379643942
37 22.905569544343734 56.633204839605554
38 -94.24958859047183 80.3248090680267
39 26.89448835052505 -54.41209226620569
EOF
