DIMENSION :39
NODE_COORD_SECTION
1 12.731152334686271 27.42789398017314
2 50.44370128915918 -7.230085733752276
3 62.69998999718442 -31.438559204511108
4 69.07396455481745 -3.3359507092507954
5 17.522442884485017 71.3764133804068
6 -92.62404337724628 9.644559282351594
7 -41.50977947579941 33.06757544425858
8 -40.686279440148155 -44.84569028120611
9 -47.58796030495627 -15.516260993733752
10 -52.89100262638908 -12.011124163820398
11 5.085341185380642 -20.190212159734443
12 -88.63115928333167 71.95972894661725
13 -78.86808229258145 -54.04115124768809
14 -71.31383059272791 72.77593065211136
15 21.253275294298618 55.66992913925577
16 4.3510826946179435 -78.7469553565576
17 81.43828241785133 3.3454500450781524
18 -33.08747727783245 -92.37809259842031
19 53.38207939894869 8.952208833146798
20 51.68129223821293 4.624079690501588
21 -98.64814407841058 -47.15176822687792
22 1.8671431593535033 85.24479513024369
23 47.961682424720266 53.18723094048934
24 -61.106021482583195 0.3482598454433514
25 59.79510183232125 -62.40874149018896
26 -42.46091653408992 -87.85567835590291
27 -76.45928890288198 32.07131938156866
28 -13.106418060381486 41.32947566699286
29 -35.717292086392135 92.71476970647771
30 -75.25696160894103 78.90929637074063
31 -60.18535365267101 39.44731512203319
32 0.8186569609156322 -61.87651362882236
33 -91.67847916600653 16.216572772822786
34 -46.52894174927131 77.55865014662811
35 -88.49838722678929 -1.7668523767150361
36 -85.32979787991266 -86.5518376168461
37 -58.823776430030364 94.44432103440036
38 89.83658422042507 57.322406481972365
39 64.66198774427454 -47.79559658334564
EOF
