DIMENSION :39
NODE_COORD_SECTION
1 91.13110958707404 41.465908658619355
2 -5.192648744265128 -13.981199779300596
3 17.4473043531395 -33.17277627819426
4 56.49438255452455 42.47117325694282
5 70.43092759183523 53.13245781675508
6 -24.93862595785299 -72.6596969709705
7 91.94157591838405 -48.007164734617234
8 -29.040004143801013 -49.15208836260698
9 27.317598315630207 -70.74031461751284
10 -32.72432297082304 -20.68781447034047
11 -84.47862062004418 89.70615157671875
12 -46.05969392756513 -50.5444635454303
13 -93.28826367225884 94.9333867359818
14 -4.6947646142983785 -62.01179025235102
15 90.1352398082995 -18.729872625664584
16 -80.07650291193038 -81.2750590816672
17 -2.5451083919057993 18.2233971183485
18 79.24168868117835 -36.094306048794714
19 -89.88883594594945 -86.92264042306704
20 -8.996541857952309 2.055822617135277
21 -55.96315711559827 63.52624064908349
22 -6.481750651855677 -68.365230885335
23 -88.97612349047637 -12.233585391145226
24 28.550355173640554 -92.11324478604874
25 -36.733195323119936 -79.73826208945714
26 -56.56499506684638 -30.279225247334708
27 16.084021918325504 51.43531164216617
28 57.129744013158586 54.11140028078384
29 -86.4553122995415 10.829911890582949
30 -29.739107446868246 57.42589866456075
31 52.70556764273607 -54.181617270274884
32 -84.1735315561225 -53.752791437620104
33 -85.61125326544993 -68.26563407344139
34 -54.93144084592292 -5.323536103577027
35 61.90771602959947 64.33275835076986
36 -77.87043991513092 30.762766989743113
37 63.875783922506514 31.778436188913844
38 61.45841728152709 -88.3780578722958
39 73.20751011053773 40.90073061583928
EOF
