DIMENSION :39
NODE_COORD_SECTION
1 -83.00304680794031 62.1005856932797
2 -17.63373574576667 -65.67200864418814
3 -39.00856532110566 -20.362827873113034
4 91.85004141254964 -73.02399240815302
5 91.56894477617621 -81.302825963337
6 -61.39937486728233 -3.5923344079208874
7 -72.53985294306513 92.0722056498667
8 -31.702382495218487 -68.0299624421242
9 84.4652217974093 -10.040291755332632
10 59.66752698617307 -26.120294463703672
11 -64.13973136890158 -49.531946233382016
12 -91.98696739891264 6.2106180080850635
13 -87.47369247665348 90.9395016224407
14 -11.529617400055798 -74.66087406340057
15 -3.5064402280125933 90.94195197234453
16 16.457052630706045 20.49784003248824
17 84.4451636958174 17.194282833446707
18 -38.751556729199606 43.128939940645694
19 1.8261233403388957 11.354297272125052
20 -11.651163663275682 -86.98326906548874
21 -66.44528452087341 23.512279290729495
22 7.298509703626422 -88.2818178231882
23 -96.06464035632783 67.39722331213216
24 -16.214630506735617 -52.40065730958119
25 86.22325937009987 97.7168998492148
26 38.40612259894098 41.82457713164615
27 -48.607081116809134 -34.28306721347229
28 -0.8515266814942208 -19.065450104548674
29 -23.985948141567576 -4.041790745046242
30 -99.35751826783492 -90.81192771216378
31 20.73998203451275 -54.524100517800925
32 -69.5443041383627 92.6318724008944
33 -36.23468521398996 55.897479939473044
34 -88.81667183054076 -23.098505024970834
35 -72.288971002611 -10.238708512860953
36 -23.188759085183293 -17.954453795839115
37 73.74687919777097 54.19103298664808
38 52.80604885186503 30.204607532063278
39 53.36243538879859 58.24586352520069
EOF
