DIMENSION :39
NODE_COORD_SECTION
1 41.16389920060607 -27.688997920249363
2 91.80362735648046 -2.1411699335528454
3 88.85987112319057 -40.34447955313538
4 30.889522955522665 -72.23698556725196
5 80.38698104808748 -3.426252313659603
6 -84.15846486772638 -82.71672480047651
7 30.163617353488746 97.23117263432135
8 -23.002323750858096 -89.15256778840477
9 -10.705196679263224 -23.47840624795367
10 25.833017513195472 -92.21312168796511
11 10.874071650859179 67.06999738816742
12 -44.815906472917575 -52.18624509471257
13 34.19803121612347 38.57252986632892
14 -32.2237760811728 23.87489516959549
15 28.01205875889059 35.03141195109697
16 -5.245748188052573 -45.946324752785664
17 -3.6179604932198117 10.481708075374613
18 -4.981335876394937 -0.14510620151300202
19 95.51373519074059 -59.904061443456946
20 -63.4792904826383 -94.87790214870624
21 -64.18213123287539 -88.90841891558486
22 52.27154309557574 48.00053854451352
23 -49.25447171231403 -43.344404284613304
24 36.67220162123772 -52.22675594369175
25 -97.60479845237316 -13.860887794899227
26 1.8725892508705044 49.06160591257688
27 -36.380848268035514 86.0645304913622
28 49.21931093196977 -82.20393449946178
29 -32.66648359993776 19.026370389503427
30 27.453723458747817 -73.4736122374947
31 -54.0369951981122 -68.64384816491511
32 47.17313468050952 -18.94474649502817
33 -2.572269605410085 95.46079761529504
34 0.16970826085685076 46.042816995659905
35 8.806117370884209 -40.96696526761914
36 92.61304455125244 -35.85596923946662
37 44.78456998888291 50.87129954101994
38 42.64414103084971 -68.59546163692261
39 65.23099413205006 1.835817983941297
EOF
