DIMENSION :39
NODE_COORD_SECTION
1 -55.572676690279074 -41.590988931778064
2 65.5251480898504 -59.79559636573746
3 -17.657321392370932 60.43582405792645
4 -6.2813892694424425 -43.0493455382013
5 -56.08098908819959 -57.17549287975161
6 -15.17027724236712 -63.72983011031366
7 -70.21128555585176 4.670322173379304
8 91.00115867442858 50.38890202772123
9 -99.1908976909597 -37.172329031571195
10 -79.7957805400207 -33.04598827777092
11 -13.147219568180631 65.77214646366576
12 -33.85135705688114 -53.89282615368114
13 -25.35132480685145 77.40833499990126
14 43.52777764607558 56.46904164453042
15 93.893626853831 -47.95476113412385
16 85.02624978965693 87.99509748034367
17 -34.41880266127863 18.050316840685653
18 -33.13142234443944 -73.42285781078823
19 -97.52937026444852 15.232217727628239
20 -78.71106992452115 73.42874638070737
21 58.84576316482756 89.79130875040565
22 67.1536861069223 41.70709254010251
23 15.190029923096944 40.71612167180618
24 44.07004223412082 -56.51237235937747
25 53.13037778675243 -67.20694272732868
26 70.66553335130965 92.12203974968176
27 26.979392574426186 43.93554609164289
28 -35.67523619201893 88.17417342818621
29 -29.568371371564723 -1.6719514924351984
30 -42.47864420202352 31.542506253584378
31 -9.553491703264186 51.91941483720643
32 -75.0154250654238 8.04187155637159
33 -4.92306956088288 43.08890915726363
34 96.29173698707584 35.631248327599195
35 -22.020931822419 98.84763635987386
36 70.0789718723951 23.6383680897775
37 -60.43435942863476 -4.273152510279047
38 -31.08541233339733 -2.253856213037153
39 63.24126688827013 -85.4561414363527
EOF
