DIMENSION :40
NODE_COORD_SECTION
1 14.571665118901961 -64.31807005343856
2 75.16369693811689 24.00951418051858
3 -31.91670160273526 -59.41536208073528
4 -40.417220716578186 -34.0217739201579
5 74.37664037898841 85.99160992185517
6 80.22618446641499 71.75046665076775
7 -40.1372246714397 11.059594286197964
8 36.682957129585304 -64.52669004946709
9 -73.70796328615876 27.365473469733814
10 30.935175989751116 15.841568597835007
11 41.612608735958645 -55.33859305565765
12 92.33037993330436 75.0995739546874
13 67.21624933401122 68.15041538316564
14 4.483642018857665 60.599133345050376
15 -2.568376314472175 35.76991938980967
16 53.426960473398 10.389537270036797
17 44.352480589377365 72.75987643395047
18 39.17510723417931 -36.270530828589486
19 -60.43563927063913 -19.16883499964092
20 -3.021277273392073 -11.925241241377478
21 44.06010694607764 -49.46104317878599
22 -40.113048506562144 96.010054664889
23 -41.38893115465416 88.00490405709226
24 60.843512441047466 18.75644077669199
25 -90.91263637162528 -19.079029065818446
26 -79.60838300905775 -72.6988116998387
27 -55.30281811381379 93.80682552704423
28 -4.835235847376083 47.859778432473604
29 -68.15833014034472 78.78182941396756
30 -27.30803428704742 -94.70545986500277
31 52.25850051650366 15.651606248841034
32 -10.35247256197853 46.278199436551006
33 21.353754469047175 -46.10162999649181
34 23.527064861020293 -56.595293560913504
35 -68.90162611251307 -80.7968896843798
36 61.833042369624565 -37.88615690959362
37 91.59192416936293 -31.583037924387256
38 -11.795389885056977 -15.789892767300714
39 96.3730747157125 -70.56202952878287
40 -58.471883860199256 -75.0795600508704
EOF
