DIMENSION :40
NODE_COORD_SECTION
1 50.0494743818453 28.264433533320556
2 -54.87454536678336 -75.39699464538452
3 0.7565159797623409 -90.93283415661968
4 27.215553144945744 26.2847039382696
5 -71.31330053618598 -14.647122371840766
6 12.058497175829459 55.70663163344892
7 97.22348412478155 71.39635647830318
8 -17.451130599320578 -39.968226128327885
9 89.27949791035914 20.055855153799925
10 49.299780087246006 43.3991608105371
11 -24.607902753365636 -15.030683459207722
12 90.9869862878206 71.5170688351727
13 42.13180064498593 -83.52201630502512
14 -21.639030613340978 -48.66803993124806
15 97.30911831699197 25.39007739073891
16 91.86956972790861 82.87395839262743
17 -74.30798492651107 -42.51396039966493
18 -34.314600983420334 -20.20621240993796
19 7.422681023945472 61.70610744063535
20 -4.966242237909782 -14.229899245562308
21 -68.95110298588283 6.249857921089273
22 -70.93160920324152 75.8802126990193
23 34.06185178656921 99.35664502720641
24 -61.85607486478095 25.19135810688431
25 86.05880744103126 5.324667051531961
26 -7.814504475855827 51.24357365372748
27 93.12560831664129 -88.63432546961451
28 -84.04253730719043 -7.240589456183841
29 -53.239477996824405 -2.8187470031059974
30 -2.615112557738499 -26.170209290046984
31 66.63756995517846 86.68577116436023
32 16.68283398907721 -79.0107177092462
33 -6.266068101016245 20.090071777409918
34 36.900174850768195 50.008215738413696
35 78.8227084681397 -25.400911705812106
36 50.58621397260575 -80.10690699580883
37 -18.94119444084363 83.26564379927552
38 12.639863548920303 63.50080770869934
39 42.36225382955027 54.081699291660385
40 -93.99715749222848 -52.66375961442409
EOF
