DIMENSION :40
NODE_COORD_SECTION
1 45.67150096780625 -98.17924553104547
2 67.24082212191337 -16.606574533816925
3 31.143864767098307 -26.51222314372299
4 -87.17833673714206 -90.42096480495138
5 -73.83808153549774 -53.89835575878594
6 63.581596713574555 86.72378959925229
7 79.12256247511633 40.05796105441735
8 72.27149894217396 -0.664712009640624
9 -20.87945958842316 -21.118740065980376
10 -17.10336286004666 61.95659222801868
11 56.282030647080745 -34.291290976949185
12 47.427202230082486 -59.71907643571159
13 39.847572264336975 61.83632191720366
14 -61.15227981865654 15.286362928675885
15 64.70874349307857 -5.59118440971298
16 32.206643075344545 67.9602174626551
17 49.32942590644757 4.123594327577479
18 -76.8208452703339 -63.40334937166785
19 -18.540832597014727 -41.14179740317756
20 32.75757542166434 -95.6846552465701
21 42.772687093847935 5.419782604870818
22 -92.96444318635 -88.63717194864213
23 -20.453911304640386 -90.84594639722947
24 62.653594697646525 -45.07751554437791
25 -16.29305661884146 -60.05955745961058
26 -48.67492975944992 38.572961077683516
27 -12.928009210055677 -96.86095726214614
28 20.96364278574771 -35.80095223796498
29 91.31269860722867 85.34411247954185
30 -63.71580793790403 -78.92699747582049
31 57.16558208319813 87.33795911560526
32 -11.648711404217778 19.988379346518144
33 -41.36936943614229 -49.572005686729305
34 -29.599428566325273 44.74256166461123
35 71.37785669317506 47.388975333103645
36 -73.63995112361096 -51.0718582795145
37 9.308479019101611 -94.4786632149898
38 -11.150084257534758 12.907468766165664
39 49.193841507240535 56.87574375771902
40 15.040966959207267 94.00864401247858
EOF
