DIMENSION :40
NODE_COORD_SECTION
1 90.54173280234545 -30.517130900052507
2 -98.39666169914196 52.395411290016995
3 -13.68368217837552 -96.5333071979708
4 -85.92121887560809 15.72735046751761
5 49.86445825685118 -42.79154524551305
6 -98.63864252320053 57.64090722752735
7 -5.622211274525313 21.267639833158086
8 82.57283024676062 -91.75413866754265
9 -6.55356074292331 41.5552793000235
10 -8.529200398991762 89.24581920385998
11 -35.263116339137284 -91.705932414276
12 -57.37099692077181 -28.044468611365886
13 -26.447057215730553 33.588749409505795
14 43.980870656999116 93.40168823164612
15 29.015532406166585 57.96927758219505
16 -78.08100642823862 33.85809777417424
17 -97.17666758830494 -64.9415457862026
18 -52.005367297415496 58.58014886101191
19 -60.966931378156296 83.55464375020284
20 60.36308066565937 -42.8325608561166
21 -56.97526210524082 -32.990673956817744
22 58.472145558440616 75.89766437547095
23 -61.206436086419714 -35.58170850067974
24 -83.90732441011704 31.53881247711294
25 65.9371358377181 -71.56566783048763
26 5.641511202524853 19.560794606156833
27 -48.81732972899613 -6.951638628138994
28 -44.151065924607536 -14.668243363252202
29 -65.97402934391803 -11.125077398804592
30 -24.825905183023593 13.798305049359499
31 -47.96986972408626 51.71718104009119
32 64.97363330084931 -88.68702826319048
33 98.55866633605768 68.87546270850834
34 19.280119693151107 -97.31364480818682
35 54.1943029736737 97.70255095801016
36 62.14858863390023 47.20534405030915
37 -37.17880155672968 12.197948747123633
38 8.880976996648116 -10.727025109080301
39 74.32490205462466 -14.027578753509246
40 -45.96014084476947 2.489462767746531
EOF
