DIMENSION :40
NODE_COORD_SECTION
1 8.09105155013674 3.703194824199784
2 87.01438650321879 -39.59187815134797
3 4.960182480453113 8.239178530981832
4 -84.99701724306543 72.86377896638146
5 30.022747925406975 -63.195209134961594
6 -66.37122536061102 -36.314451602169264
7 64.61489588201036 -22.710169258624347
8 27.005503213435333 -66.23026329060464
9 -16.89777949881706 84.40208419965296
10 1.9230044485693867 52.9027602087055
11 48.51515996643511 -64.50168991664056
12 64.92303746708149 54.38809667052732
13 80.82631877894272 77.1983576673812
14 -63.6121806538638 68.44523105954164
15 -47.363382605628445 16.426168779808265
16 62.36509635282195 23.51267938529034
17 49.263608931170495 43.310586498988556
18 32.70516955692807 69.0012680378521
19 93.70199807269634 38.417871400261504
20 43.1869800197766 28.707830480738153
21 81.65282381534601 13.076879819169434
22 49.66168326086165 81.01362426075005
23 -2.205529245640548 59.09701053110419
24 -46.156055117174844 -19.844217169175067
25 91.69512564700986 -57.03202438215149
26 -66.76741007908997 -17.7258016532341
27 -19.75709167843469 -30.330384668175455
28 81.74388736611121 20.600270143391626
29 -86.80351808563822 -37.4910408918178
30 62.99227288252857 -13.931925810203637
31 -10.564572688074492 57.940854397995395
32 94.75485601052458 12.792517751989749
33 -56.28361268343394 98.11750924466892
34 81.0077363670299 42.2730897658013
35 -62.78265158444933 -81.0486304684243
36 87.02353140881456 45.845978529621505
37 -20.120828786539732 -22.235131348757207
38 13.371239943915029 -78.17875336255509
39 -11.47007490833218 -57.86051925558087
40 66.26106451655136 51.905976950509825
EOF
