DIMENSION :40
NODE_COORD_SECTION
1 -41.21407852440304 56.5588146527607
2 -68.56145049564215 19.65901964874419
3 13.533250768301471 87.60384295762103
4 95.68956324756903 33.350337365944426
5 51.27998450117303 -20.679900417807346
6 65.09836314831412 10.846469910714347
7 41.71355938167193 44.499303220807604
8 -93.86097866360923 -87.89446512693493
9 77.69009829084646 83.86713008036295
10 -17.976603399206752 -59.647462312171974
11 54.83283567140546 3.3430329462508865
12 -62.38308090556997 30.215238921380063
13 -58.94238635076805 -12.975408577530075
14 90.21474312565849 -46.36410708176064
15 18.91736026216404 32.66516661369366
16 65.02708622558154 -24.18397102508392
17 -34.11613334820545 -9.797222279742513
18 62.07422482275828 17.865320374605886
19 -98.83803958669984 8.937035815688702
20 -29.706876193499838 38.489858736651485
21 -27.642512930582214 95.24022473444575
22 55.009298296457985 33.96898972437944
23 81.29725192707451 -89.77250176055611
24 -63.47101822045007 73.83411163943171
25 -44.474397380846554 -4.399665963254051
26 50.4583570928412 -60.92317676196406
27 -39.521184677556946 -94.08356251355698
28 -65.54195151207759 10.377829258019062
29 17.065108493392017 46.828271688184856
30 -78.5072966379031 65.7621819133563
31 -59.645368928742684 -28.62839299949647
32 -63.762939155243295 -9.749603632205492
33 47.31029753450443 70.17434487925132
34 89.15141724418186 74.48909450916193
35 -5.033022750741296 6.4951262304415565
36 41.84101632316364 -14.991098444419706
37 -94.80693329920629 93.29015608986765
38 77.66540090462266 25.671326252539302
39 -91.85497649837211 87.04582464974726
40 53.16539386886993 -21.969532461085777
EOF
