DIMENSION :40
NODE_COORD_SECTION
1 -49.951416852426476 -93.698714848652
2 13.7450110889598 92.27532680095024
3 48.76287739569028 -70.04338221578274
4 87.49358661027793 9.236587154726635
5 0.1858467725686097 -58.675340242997386
6 26.767348462655278 75.67721534123874
7 63.98724537702384 40.487678842562445
8 -13.266825298851458 -47.76375145996994
9 -42.93679385527207 -20.861218284659188
10 -81.81431470778391 -15.408250142917225
11 21.795809943972813 59.92334464670313
12 99.93772678255365 -88.40669649176334
13 -13.367608019946516 -32.27435006522951
14 -94.75500425011336 74.42235161581092
15 -34.06115834609275 66.23208769341579
16 -69.82376890021288 10.60001875651831
17 78.30783242899383 76.89119213497827
18 9.691840603397253 -8.92398614463508
19 -24.020518212233497 72.43004871214879
20 -73.7044625786905 64.29631691354848
21 72.75842376825295 -36.62454738447154
22 -23.5250125548816 -91.93854630692118
23 -66.21208073895059 -66.43254240017504
24 1.7491356114254017 58.151148430212146
25 -52.23182408254314 -10.55817474894296
26 13.991398492922102 82.10527623355068
27 40.682547854274986 -72.10281182665261
28 -51.200551659393966 -2.7849432591522145
29 9.821949916632235 -1.1484983690390038
30 -33.966081976089214 93.69249979370565
31 57.87432127139718 -58.86829058256264
32 83.24993758459232 -82.8498034213176
33 89.07251716643938 -95.87055790277581
34 -24.403150803915267 88.93761011404098
35 92.87063156807605 32.694631085381076
36 -95.13677005896079 98.54401541023054
37 85.34526038512558 -10.971893346495023
38 -49.30432069658159 -10.807550739215642
39 4.494843521670418 12.873152523913987
40 8.621538063094803 -24.087104874779016
EOF
