DIMENSION :40
NODE_COORD_SECTION
1 40.38573634938672 -91.85463445714154
2 -45.31554683123802 -81.02353464195362
3 42.486213683007804 59.497393963182446
4 -78.53799854669646 29.321559616842222
5 34.05383895254863 -41.12185208129431
6 -36.70328257079205 36.95357304154837
7 52.30455940968136 96.6272108185494
8 -11.737449176494223 4.520128082956944
9 -40.79134268288605 26.77654084019494
10 47.39606331976202 77.17800364321741
11 50.083166746803755 -46.711560556912545
12 46.299119051174586 -8.791472456304987
13 -98.79195377629775 -85.3306389542017
14 -71.50456777315298 6.732204755551251
15 41.701727692154975 19.822197764004002
16 9.233637578012036 -19.62673568352497
17 -7.881804458537971 -3.211412540689423
18 -38.718968792076325 -6.860871314498212
19 -49.2956404794008 -43.92801504354564
20 58.35381183982747 -20.556294473592928
21 -72.01708996073243 -58.47883725362395
22 67.18105854470292 -34.8824499285363
23 31.302602153696 -55.70701263449753
24 45.801326374524876 15.411932049132119
25 83.22431703731067 -10.797681206393818
26 53.54239346949922 18.41801334867992
27 21.087863182642508 67.80596192405179
28 7.236033264241826 -15.013719070945825
29 -30.168877822505166 88.85663030085996
30 28.57144056485413 33.14554589455767
31 -93.89044661499551 44.302029779833305
32 19.09248167730317 43.18481778511659
33 38.99073699188844 47.79308784904964
34 72.19534690370759 -81.02454477538646
35 20.97523976725482 -7.295405619695458
36 85.5849682067767 71.77502814504732
37 72.82147752379842 97.96042294625039
38 -27.000064087794385 -45.331545150981654
39 56.62901576020934 -37.50535330691105
40 -9.382651947879467 18.965925006857162
EOF
