DIMENSION :40
NODE_COORD_SECTION
1 63.86115023014119 -67.03106381865918
2 91.40049704626801 -61.7086686377843
3 -1.5356961593300014 4.40565541953228
4 99.75390147965123 -48.24115184252846
5 -70.03180687276691 -80.31491964053731
6 59.20177377388865 -85.45055047035083
7 67.42743176739648 11.394404716785004
8 -52.59250588179438 -87.63677741726408
9 62.29169287902576 38.30503633748219
10 75.70335302928487 95.63731241442017
11 -13.231848488883628 8.79391321099476
12 94.40124654957097 -79.91649767515531
13 -46.0334990757947 -45.18643229358932
14 10.506695812856549 42.01343903524122
15 -52.90661306760129 22.554732742024285
16 -8.939987155182052 -89.91646119077292
17 7.189669503400069 79.73435478606561
18 -26.819894019613244 19.505804910712143
19 92.38045826325572 -95.51909185622516
20 30.98787605553028 50.43466109170055
21 66.33451561953558 -82.92191337165215
22 59.93782772161259 99.15413033302636
23 -0.3939737670704915 -56.63322419887498
24 30.687943919787642 -71.1463063631196
25 74.75851740130324 57.39457556941002
26 37.48959410357213 16.19517380928383
27 74.64700836407704 -59.05908343976445
28 20.180672163405617 -49.46284711494386
29 -97.03868933035338 18.835105971866255
30 -25.78319921242081 54.59739746990351
31 37.10971176992669 81.52349884775847
32 79.77697332431597 -61.502096647179826
33 45.749036370831874 -9.86871383233354
34 78.83159004232806 73.55117529335797
35 -83.25653372894244 -25.696802064400686
36 8.162360832331373 -22.18951080731526
37 -63.93872461643326 -20.603320682221195
38 56.67513688115403 42.32082601010373
39 34.09493510715015 97.14006280733739
40 56.94836988090162 -4.8285825133752525
EOF
