DIMENSION :40
NODE_COORD_SECTION
1 97.5374238833416 29.064534826877974
2 16.17214544111205 12.668453867943015
3 95.90833460785691 -74.30460612041509
4 -56.878461318902595 80.07958044298931
5 -26.691956081607145 -5.121188508338918
6 62.21623020307973 -26.542649637665335
7 -90.22375019949922 -18.047101230206763
8 -30.184797396148127 -60.22725215088289
9 -18.7608833682243 13.025437672691595
10 -33.8111570733699 -13.002850328551602
11 26.110223727181477 -25.93464251198607
12 -78.17791436876338 69.47020073331149
13 38.24445259868702 20.425800452242385
14 -56.183852886010975 -63.93683236757843
15 -90.2384660127284 89.19248351768806
16 -28.137209660316557 89.01982815017621
17 -70.51719410962325 -79.4596628859146
18 81.11645846114283 25.77100016837703
19 6.201003037312219 -40.67975346478752
20 -1.608615978359083 -8.317020170501493
21 -69.27024903185011 4.38693302564775
22 -51.53783257618405 58.614106125438525
23 -83.34424949929809 0.7180086038568021
24 38.847986417013004 62.31779686502293
25 -33.05661453877558 -71.83667190078032
26 -35.68790261173025 -18.855547166911933
27 -97.98207993077781 -69.29722011041757
28 66.40991726361514 -80.84128979791487
29 -45.31986443095488 51.3798000977786
30 -81.22952446399336 -31.297528021931626
31 88.18164320836678 -9.383137463143925
32 25.397607950351613 70.59842641241104
33 26.016926672549474 -10.591662828361763
34 -82.87114185070557 -35.39742587290877
35 -4.5355569811444525 53.92511334459033
36 -89.5084312713903 28.37855707667211
37 -18.364071160240385 84.3545365990488
38 53.54720979833678 40.18050376122525
39 64.76941050175753 48.33808940995547
40 -75.08337082338076 68.59522765437907
EOF
