DIMENSION :40
NODE_COORD_SECTION
1 92.62267115519563 -23.689028016331903
2 -95.13757769993434 -0.2746930044989
3 5.187845954059895 -75.71122943050999
4 -39.01212789491537 47.35959280500421
5 43.099055669397416 -89.17782919968565
6 -33.171115832922624 -59.661300505153946
7 -31.026920144367722 2.287263546369502
8 -36.89156936975011 -41.20291870758812
9 -32.527035643212486 -38.27381066455175
10 58.28168584385136 26.27822650711164
11 -95.15429762680078 4.261547575815911
12 -4.5337138960182415 66.42062428579419
13 84.49053377937656 74.10448137416651
14 -33.507278795446254 -65.30496912558226
15 -85.73780078821747 95.23773713045432
16 69.73614620731419 27.762598729490605
17 33.44006750599425 31.644026810612502
18 6.242673937885755 -52.56242206481072
19 -39.22939035062938 7.989183720937305
20 87.76449885241294 1.9022175998232314
21 19.717243369865358 -12.041502597086378
22 -9.329924959503003 63.73569484815357
23 -26.9718503937018 -15.01612527604594
24 -68.70316685821413 -27.51713786641767
25 55.95920281535933 88.88838710217874
26 61.165732166189514 68.90271729659742
27 -64.03421644460659 -67.98611164436036
28 84.5783608678291 -21.299422661542806
29 -53.59630225338301 -10.313571134699345
30 -13.531152009087705 25.46191963751258
31 -57.24392993026319 -87.58671034246458
32 -75.01542305313684 45.67002047139562
33 -87.87036207117917 -79.00551350408588
34 -8.878976690918861 -96.89648740632182
35 30.24040985460644 -39.22936742987697
36 66.83780421177525 55.57408139035937
37 4.835177101909707 7.518224051745051
38 23.43444861017838 -86.12149474728616
39 70.47207023428555 45.04232332098002
40 -6.433940532694592 51.00348383696854
EOF
