DIMENSION :40
NODE_COORD_SECTION
1 77.20532558081382 -10.428498519895754
2 48.48918517637725 76.19806581183869
3 25.88699910838625 -99.73362704934578
4 74.93985054816923 -85.69953160648085
5 50.61934741122326 34.797268413782575
6 -47.25372695779626 45.038814292172276
7 92.21095621733454 78.21619747043914
8 -68.58050803560707 -93.75361147621435
9 40.20144689714357 27.12938660414237
10 5.232359245642428 63.075309420265114
11 85.32517119825866 -7.0306057070575605
12 20.829730354711714 76.70030601739995
13 2.575849668042409 56.743652484297684
14 -30.345910779616545 -93.91836389819417
15 36.826474357138466 -66.40917725773775
16 18.097952662920406 -48.393347153334766
17 -4.814579818949966 -10.734732133490937
18 26.145978216749086 -76.15622757385535
19 63.746165555868714 -34.290891334055004
20 -15.628685790753295 -73.69355532921445
21 -38.88527412939191 19.160304870476992
22 -40.497748585795954 78.03895857132895
23 -82.92459998300077 -48.215649647407744
24 -19.623255030505703 69.99990138779935
25 21.981887461066535 26.606163179108336
26 18.95411195527616 48.6331322974693
27 -69.06236434072619 95.55788748665512
28 25.154515440373018 -49.319729357199726
29 -73.44441542997191 -58.25271807314489
30 59.64866167368646 75.20267861863977
31 -54.93577165776662 -60.4094700715045
32 -64.67843660551291 71.94506351215719
33 -47.24663108165657 -29.757642650145485
34 25.985723876404833 49.58676583043001
35 23.229536324572535 -5.204669071533317
36 30.02089980256781 -36.90896846220488
37 10.677605100724136 -15.99067298714671
38 86.96883914603089 26.27646332928923
39 40.30173803368788 30.871300072976226
40 -63.28674500671401 13.899033236487469
EOF
