DIMENSION :40
NODE_COORD_SECTION
1 16.917752067730717 15.531181359495875
2 -62.5495036194881 -52.826915909963844
3 58.14317066549327 96.78499707471329
4 -61.787720853933045 36.52808630103419
5 99.47296862042967 -10.722075753241995
6 -81.34558706158333 -38.71560467485662
7 -62.594479778254964 -86.79029723450182
8 93.90578579949812 2.7018121195072666
9 -59.96577136453147 32.915501314487585
10 -47.28144006794326 85.18982652860836
11 -34.13589953958294 -9.532116751346749
12 94.24861682100442 83.66648835886755
13 62.69207661106117 -90.64120503236002
14 28.020532542444244 17.736150983326354
15 -61.18189724734393 59.40531275311912
16 -64.69901254305415 -0.6817883414280459
17 -18.919786743015337 7.812095296778082
18 37.956031025796676 -75.22709498320204
19 -42.31630062240406 -53.63764222945975
20 -50.0307707237464 -41.76551423318864
21 88.52082311045146 -19.001554600813478
22 -2.8507742408203427 39.77590221178829
23 91.65423230468139 97.59203377291746
24 -17.84314469386976 -29.806523940784587
25 -78.13630344286565 76.49299509277324
26 44.833532372732805 73.61381313429561
27 5.632383832144214 18.485234910078475
28 -78.0858882151864 19.78948531433302
29 46.67549452351821 -33.933398513999904
30 45.559060484296964 99.8640462481041
31 -72.90944148895488 -43.490722824927474
32 -63.25765699537096 92.5508182423496
33 61.43534093903628 -73.0540635262322
34 47.38292877174629 32.084243916290404
35 -25.48423684623613 6.766125748536524
36 -15.790598903818662 94.9663967236566
37 68.39300331731309 78.8963589940061
38 -92.30119026337607 59.44551740024889
39 -79.90482587678444 69.07646638164908
40 41.032300567041005 -40.17271717707849
EOF
