DIMENSION :40
NODE_COORD_SECTION
1 -66.4070155594865 84.27876102216595
2 93.37934324815532 -27.281114116467407
3 -40.36293163362614 -78.07390234117389
4 -58.714800426774346 -14.271318729684168
5 66.53370847904014 94.2440657238514
6 -59.30737473786254 -22.61608711552445
7 -91.16456115870653 -81.40193359411296
8 48.51450118813119 -8.899937777001625
9 -80.14579840351655 -0.49409404554990033
10 85.54422344869442 -1.0148491175190344
11 44.99737592665119 56.70922327430469
12 -65.67452807900204 -87.75039535383394
13 71.54949088918329 80.91768275827513
14 -15.0522800680519 -86.23786275546756
15 77.63519175890829 -92.41148608457412
16 44.96013564220621 66.10251683065235
17 80.32559256425097 -92.10706755267285
18 -47.551920833958825 47.87609207612027
19 -98.67321557835629 -63.93979520458479
20 35.417885164244694 -98.2809910157879
21 -11.5842702976487 -56.42097919943689
22 -54.012681202616974 39.33716787591692
23 31.765452381079996 -26.724978030951945
24 64.4805385951517 42.08601246067397
25 96.52786125929345 -19.927674949559787
26 16.378022137985894 20.012221377979913
27 56.51923368844996 90.28594744321589
28 74.17344421868785 47.94260597335034
29 -41.42015177913807 -92.41882360735218
30 -73.4589205546518 84.11941328621296
31 -26.84407959753831 -98.7251342276855
32 88.81886351691733 -4.954628576538056
33 -6.121571401699001 -28.557190322092808
34 -98.3362133308047 59.61590360785647
35 -62.60990387449343 -24.663638438895433
36 18.837889518023786 6.279932521715878
37 -35.60168027169716 -79.09945019161574
38 -79.56536329353021 48.88481269017143
39 -6.091651403015646 85.72490671081562
40 -95.5428654446149 -69.97504305167655
EOF
