DIMENSION :41
NODE_COORD_SECTION
1 -94.02087556150869 22.5007614599065
2 21.838728451989596 -22.871692263240277
3 -16.465910698146132 57.10878431767
4 4.861387885511007 43.492467723058894
5 -87.26098106606422 34.881192023456265
6 -34.197898739903195 -42.34234799204675
7 -19.252437991465186 25.243786351062255
8 -35.1385765804217 66.69520616021302
9 -27.073043305953348 23.989151468659344
10 76.1496797790351 68.05699195085435
11 -71.05531525074393 11.612808751206472
12 41.13961816331246 -51.5734207370528
13 -31.295363781835903 -39.20256891045495
14 1.5054092238686962 87.13896180182965
15 93.38805613902298 97.95830867671575
16 -94.6273654280221 -0.1170965407695519
17 -60.29415148918458 73.17758578607004
18 -30.519532098620502 88.4390774466793
19 19.57056148127488 -26.48138648621925
20 -50.516141400370195 83.49629315463207
21 12.747826276135314 -73.37399226784976
22 -78.39994060392812 20.126976367481106
23 -3.35134344251658 -15.319023843976936
24 11.03038291200535 -30.707554129022924
25 95.27550685430981 53.19552916957312
26 16.064686169951912 -36.21274270255146
27 -91.563336704061 34.79331887498455
28 -28.497387788204207 3.321158338697657
29 42.69493516296001 95.03885705228942
30 -28.997858543925716 -99.02375962403973
31 -92.88164240064913 25.54091821433356
32 25.19270706719547 42.06582616222548
33 59.75206643399417 78.97008340599714
34 -29.13353398839513 66.46083225029284
35 -5.167923288236381 -18.705712933842022
36 66.28813404363115 56.738263869329984
37 -53.88671111384076 88.45049515136222
38 -91.35986209716913 17.045767742382267
39 48.28564577592502 47.83448699091602
40 91.84654896038018 61.364944481787745
41 46.303790523253895 49.40496450869199
EOF
