DIMENSION :41
NODE_COORD_SECTION
1 -61.95415486955929 74.74211693029707
2 -62.19877703361006 33.38379331704331
3 27.931399362337174 8.975984274752719
4 -86.04162387731316 -44.449705290661676
5 -35.43740845944987 13.464118276134826
6 -98.64166723255319 -26.955518882339845
7 81.1863024289884 90.06598971628569
8 60.15306725364147 -49.46096551677641
9 -86.9006650694573 47.01579225775518
10 -8.112681106519588 1.519866205643794
11 79.33878374956979 91.30892355300264
12 36.93117403598819 33.65309785940943
13 73.19601953972489 35.94382218700275
14 -38.486760529454564 -20.347423606547295
15 -88.36640504791326 83.47552105580752
16 -84.60926871748018 75.59249120858345
17 25.910990371409625 31.12620070455432
18 39.04445766499535 -76.97625447481329
19 -10.798332755341917 57.73726208686833
20 78.38816847413926 -23.083232589713106
21 71.71046425176667 -0.8636684875119442
22 25.333376528151888 -61.63244512116448
23 -10.223061737570106 -3.9682635939277873
24 -55.84777223220128 99.1677766665828
25 -27.323202796962633 7.336161152889815
26 -33.567365734457624 -15.246188179802544
27 9.31015522927332 -78.13994391094816
28 -58.47855868877077 72.71367140162036
29 56.69188745659076 72.60455247364808
30 14.702901257002225 -74.05512411645248
31 93.13592558692935 60.422747607649626
32 71.96137512839584 -27.27970897969378
33 -18.748091855024825 -72.3928639904948
34 -61.97135558358493 -9.666873029864291
35 -30.650814338573014 87.00018135948207
36 43.51791613001373 -95.3437264184646
37 -95.4303669974799 8.513956717760436
38 -12.702004252960023 4.865260507621343
39 57.04746431768325 92.48394586549568
40 11.862837825266297 90.73811999697307
41 61.62062808979752 18.071100142628538
EOF
