DIMENSION :41
NODE_COORD_SECTION
1 -69.93134135033765 86.06903687956603
2 20.95170632835881 20.048829922577013
3 33.9002783155687 49.84694434381717
4 -32.63000521435633 -19.633425711768027
5 27.995548583802872 19.53396085556453
6 29.034950848393436 31.884776714737143
7 -42.98807081608811 -66.10019480444706
8 -55.939489151048136 79.3915070399955
9 69.61242697984252 -62.64549924162039
10 22.164189831636307 75.79910464639698
11 -50.357291113174774 54.4768852972519
12 -49.29190197470459 8.994680937413762
13 60.166242471648445 -68.86195804371434
14 76.11324546620045 -41.54986628789652
15 -3.2741562299170965 64.02746261113367
16 78.59756496292025 -40.48708518549
17 9.676616360774972 -94.5711130858793
18 -12.710400514955538 -31.03732883536638
19 0.16179508275429555 26.38180946207747
20 -6.878468637252652 -87.66693046527156
21 20.27963780749819 -51.09632722164312
22 -91.4934693061731 11.662137401779034
23 -84.78402884463887 -83.26310354470195
24 -4.342711691562059 -58.25152722287976
25 -66.40637225364489 -35.87610557889775
26 39.50378707893674 43.65485005936813
27 -97.98341598112572 -36.597679567352316
28 -23.47966752174308 36.11465050391652
29 -89.2368901037035 84.75184032414523
30 -92.62696745781007 8.660779838366466
31 -10.191158476527562 85.21278806304298
32 -80.84919726317523 -45.289347812231526
33 -32.16272135543103 59.13614214085189
34 22.04433885606221 -91.4950209098704
35 1.6217144447589789 -71.48670034705724
36 65.68908411269288 86.71214735339913
37 -60.860820177306096 29.17319018273139
38 -58.010047544864165 -96.32605546641433
39 -62.99640668400217 57.623363282260044
40 -95.90319085005173 -71.31737031421997
41 -8.718158000405722 -16.64930833559835
EOF
