DIMENSION :41
NODE_COORD_SECTION
1 11.389502025319075 -89.71783763241083
2 -78.26188536208913 -91.25513180765701
3 18.38469297712753 -83.19062025524107
4 23.39063908043144 87.6914054378033
5 7.438161777550519 -84.99498277967183
6 69.40757377802987 68.4900574158705
7 -28.556321602105243 -98.37127347323973
8 2.3651132982881222 87.30045876903003
9 6.8987789166110645 70.81289224380959
10 -34.08215114393862 -58.68571924581714
11 -92.89591421284342 -22.22139840096638
12 -4.655693032218622 -19.877911055936877
13 -57.56671218343317 45.84937210272878
14 -3.356743538438508 84.85127950836244
15 50.409392695016976 7.125211123637669
16 -69.62662069184222 88.42588111985285
17 15.549365393478084 75.96857931104998
18 -60.71946537337411 -10.286893158108114
19 -42.58408839714522 94.49297965317103
20 62.85836073620027 -55.014408435681574
21 -34.95833543903342 -39.46614381561726
22 -32.66052351820112 -17.957604264181427
23 16.86764240337699 -48.8793278126747
24 -13.78375795120985 75.49581515053148
25 7.5643529641273375 88.25794054009904
26 -85.75853487228252 46.145110388426644
27 -33.4194337989901 58.862200641240264
28 26.961046567090932 -96.97755671834041
29 -2.008761797267482 -3.009086158433604
30 -91.81780739018095 -66.38981786841948
31 97.19270671958799 64.03828352597407
32 59.38223108708965 65.89300970767314
33 7.219803222984751 21.362162484913767
34 -62.0852070156811 -24.6778454806379
35 65.93612541681858 79.84521779342714
36 24.971592353049445 90.43323403636697
37 -34.924753175747554 32.18254598808798
38 -40.39040959360061 62.773204388495
39 93.08716616166976 26.227076187295935
40 91.75497572477656 9.956025802589537
41 65.97097067921817 -78.48687844090678
EOF
