DIMENSION :41
NODE_COORD_SECTION
1 98.33641894082487 58.09428622371047
2 34.82858229412261 -39.73720994544658
3 93.34980110486933 48.54264211463811
4 -74.24527844667328 42.08834991170906
5 33.65903737476481 72.80255518965438
6 -13.59698446624516 57.80731113625325
7 -84.0549629069665 -15.976307975612556
8 24.29702865604615 10.741924976061995
9 -20.648011802123662 30.83961692934423
10 51.776417689836535 -36.29896402961536
11 -21.225854036434782 54.19399424933022
12 15.324397296449206 -15.812201612111792
13 -49.06769970549896 -31.416074315992518
14 96.60637057571441 99.84548109101269
15 64.92077114139417 -42.65914935222099
16 -76.51734498188507 -65.12502480548909
17 62.382461364446016 26.608317487892435
18 -91.64018353616223 -96.17828110202717
19 87.19593705432845 8.965242426934154
20 91.59664412400755 -23.956144532690075
21 -19.464786423349523 -14.81791248225474
22 -90.71755083874908 92.33734682327156
23 -25.610691636744235 1.3866564090820646
24 27.556828871940084 -85.39193632816757
25 -44.89464773340626 98.95514649822317
26 -10.258349112301431 -79.8553036658515
27 88.24553407510513 45.73317002818487
28 -92.09238689375263 -86.03941858690449
29 -2.975311438484553 -40.26940069285758
30 -2.900796918094656 25.83646715065386
31 68.82197190562022 50.22305214655529
32 -1.7064598006540308 -16.889580029587563
33 27.73656107999551 -33.76806828279051
34 65.27005961129336 -94.07497057493242
35 55.88397277499624 -61.355901216651596
36 -99.08035075018718 58.55617110902884
37 72.10600245566815 29.771063481515966
38 20.123352396170134 -91.38828513841888
39 83.99404017494015 -37.06300190253371
40 -10.817731810863435 95.30253996256604
41 17.60191751941116 -5.276434541845987
EOF
