DIMENSION :41
NODE_COORD_SECTION
1 65.46644152311151 -22.855532918502547
2 -93.24629819019452 -86.73501106977011
3 -33.57727034254425 47.438035827852616
4 31.96005805450264 59.22249766132083
5 -43.639919464320066 66.34001312434472
6 -93.34138916169697 28.76085279605448
7 -25.68086750356497 -16.11922261192342
8 86.79304943078995 -95.74703159754156
9 -27.94521744688805 26.941756393454057
10 39.0856894470034 -19.728291582364605
11 60.6244935825259 44.59523157416368
12 59.11753558082188 -65.64109569093264
13 -2.583614657654067 -74.49833108894745
14 22.734425170267798 11.98148861206603
15 81.66524807159914 35.53965649600667
16 57.28450249635725 -38.16203676086789
17 -66.26891413209054 82.63249462370027
18 92.04361628819768 7.092653623586841
19 21.891425755076384 -94.22529358202729
20 1.2869667267371199 18.779204031805236
21 -29.874806162258267 6.55058671857438
22 88.81677381492747 69.52879609522148
23 31.34248900832199 -6.023769376934325
24 -20.642671553234777 88.9427082017256
25 42.74116673206896 97.28524655716899
26 -19.91955960456204 16.342839427550743
27 93.44768512162841 -83.68229355596164
28 54.62570380748642 52.297885939889426
29 29.326285012317896 25.460768416981352
30 -87.66832676456828 -52.76298994039787
31 -4.1829275922496265 -75.3714889754468
32 -43.00439374354414 -66.37328412607852
33 76.8901570788747 -60.442426209252176
34 -37.66908490798762 -92.39906815510462
35 -73.32041711920712 13.734380169698085
36 -54.60689115943003 -3.401801412024682
37 -89.91266630147963 -94.44148722606957
38 -5.403456336923341 -88.52602015574539
39 69.62424066727311 -93.11378734464351
40 -24.454180074851223 74.72022120104626
41 17.981240841858863 32.88672672082981
EOF
