DIMENSION :41
NODE_COORD_SECTION
1 -65.36090009756145 -25.367483249844852
2 -84.85712966866801 -54.02335079765697
3 -53.23027884747313 8.118933158203518
4 -66.76184818060486 72.36301603792467
5 -36.417947058914855 -79.05211801297638
6 78.63744124796406 -12.396144598293517
7 55.58491786959806 50.27866680267613
8 69.34473344310547 29.85279685084609
9 59.21750160234777 62.26950812104383
10 89.44574013304606 63.39480995722525
11 78.69114153331455 48.01003302611642
12 36.756306491363034 -50.83582962529878
13 3.8294293544807374 54.838381785936264
14 70.3222137097365 -80.70984918932601
15 61.85699662242607 90.9639567763565
16 -82.38456044356674 -57.48261523150611
17 50.18900242076987 -3.018873955736396
18 45.9982666280294 -36.36309707051737
19 7.624912588600608 64.77305925368677
20 29.00345472100406 -72.39711778220723
21 72.95168351209492 -97.53088373750212
22 45.20505192057425 -42.200821081782806
23 -47.18699129659609 -6.466928804792033
24 35.93114905198169 -52.04110831177229
25 -25.197063235919217 78.72376313302144
26 17.796268808652044 -51.47087844991978
27 -62.90637317338692 -98.41644715942961
28 -2.992196344829324 80.81229742834606
29 82.5086476962702 1.2742733906707429
30 64.627379454416 96.0043542488198
31 -77.19524238627827 -89.00575956006533
32 -34.555367020729406 -88.71076858108566
33 -81.97336988491628 -74.12592565326368
34 -72.15260525987377 -98.56180562443282
35 -23.849339068641257 -58.83688658760327
36 18.0489589328985 1.9014661817791705
37 -20.16460704816734 -70.31782446487587
38 -60.74051281147392 -11.831141901910996
39 69.94785384441406 26.932637616278242
40 34.86536234084966 36.21499803084396
41 19.63644806046743 -77.08424954886061
EOF
