DIMENSION :41
NODE_COORD_SECTION
1 -98.83795428324791 64.65446082501475
2 -38.00953385154253 -9.773601627726663
3 92.13254340162027 -31.07106321854738
4 31.397855359950142 78.67066987697288
5 -70.90148017781665 -5.750708835642683
6 7.834486076581612 -56.48678916203633
7 11.946940230043523 -2.16916725190886
8 -70.35996376949807 -17.659755949700212
9 73.5879114325532 -56.768083686686
10 -1.6219725328139134 77.66204347529876
11 -27.75508804290932 41.21787618074464
12 -31.30344994774181 63.1984733450316
13 -70.06877455703523 -23.001713680604013
14 -76.8888218127296 7.876353727592857
15 -27.04628812304925 -59.72570195548934
16 -64.30429866616538 39.151234203211175
17 71.88652340651501 -57.30307112964383
18 85.89285722697699 36.05511635751674
19 -98.69103636967948 6.751160145305661
20 22.13371930093129 -37.58912173259057
21 43.70323160538092 40.74479999097011
22 -5.318909900876804 81.94307167424105
23 47.25937075098591 -23.504843376192454
24 -21.911314803962682 -0.44605758813898433
25 13.936289825909043 39.470564890342615
26 -14.10540433619343 6.822481105629592
27 -58.02067834606148 45.557948254002696
28 -56.356101895494334 -25.17651176262956
29 76.19628328159129 -25.708424451076908
30 -68.93797182609171 33.65260920721383
31 29.64565507096242 -44.707661768698934
32 30.1769847323325 -94.41765586157031
33 31.991921410055767 22.830803438774367
34 23.415001525424145 17.563256252867404
35 -67.36513639438695 -57.15848754649364
36 -25.82904202186225 8.82342842861543
37 -59.179010403320696 97.3799328715177
38 92.08125589972548 -29.39149463538348
39 -79.7030815428632 23.42757996391515
40 36.203537175262454 -92.35647650974535
41 -27.33386989963138 -53.88507149820529
EOF
