DIMENSION :41
NODE_COORD_SECTION
1 60.89139687677715 -99.31593108147814
2 50.0610113394813 73.50330313895401
3 -20.051463093052362 -29.990956983878945
4 97.56117324733484 27.80103934736688
5 72.0057525160955 -73.95546126494155
6 19.24419191463018 -97.8509821858416
7 -96.42263341983859 43.40030204139899
8 -66.17207469754744 -55.03319557331607
9 -9.871570911873533 -75.00990502663083
10 24.280870009313475 -99.01897301797516
11 83.18798019702928 -53.611218928366625
12 -63.15688942964775 89.53065183062407
13 41.404934343289455 -92.77081836801055
14 -58.79764255243855 -38.7103412388442
15 83.96573536892768 76.77866681151363
16 -20.36110122450536 -43.027225224824186
17 28.894571818596887 -48.500534462629474
18 -47.320363382069445 62.87903118388175
19 4.10844748840411 -95.68937185663584
20 -10.221900960681339 60.666911008333244
21 85.70098357656124 98.4337924590842
22 35.76389315987703 -97.45603342477406
23 -34.2195920870773 -36.881142781141584
24 47.281437900773426 -91.9071564202219
25 81.28871306549539 -15.790190862041214
26 38.1646439869873 -24.755352264527247
27 45.58055188587048 -50.575111569030625
28 -61.329436872235085 -74.55021621319034
29 -83.85796440172356 -93.61045163628918
30 -59.27832892250289 61.88528046661418
31 4.681047906281876 -59.12552808637652
32 89.78303180619366 9.576877367466267
33 -10.077608881563222 63.355188556958865
34 -46.27289666219214 -72.39699015338789
35 28.792554181706578 3.9237908825123498
36 50.015518096461335 36.087090658003206
37 -21.719498652236013 -41.25272543862914
38 -55.24619220439917 84.47334734116953
39 -61.88763231792112 -94.31874970930278
40 -49.34853214831587 -97.37926582305111
41 -96.52037331632198 12.311612590947789
EOF
