DIMENSION :41
NODE_COORD_SECTION
1 -74.66928734756443 18.77394145942715
2 26.529455180706435 -16.412992813361953
3 14.872349318740646 40.74028263065648
4 -22.458294371063488 -93.63283345160222
5 -38.25721041051051 50.355857955969896
6 26.847537699218577 46.41090532219522
7 4.949847545473162 -67.18628249762992
8 17.817833053567767 -35.252683961282514
9 56.3619972806988 65.35456047149506
10 -71.46533757303837 -60.17436026166936
11 -75.98859525173222 -92.70086262532402
12 95.68146810655867 -77.6248810273054
13 1.1174960171471184 -64.63179360024284
14 29.65737245675598 -97.51342693479548
15 -74.01145343877056 -31.050624369571665
16 38.28003568469819 -34.68660787133504
17 12.685362919373915 -23.740587778545446
18 36.79324491312582 48.703744953546874
19 -71.69241401949355 -70.11050845891475
20 -36.50326175622241 84.23976792838269
21 -50.0101591701051 -10.989926841962642
22 -56.83246599631835 2.5737022829586778
23 -26.828594236446662 25.55096476321532
24 -55.4565012697076 14.614889377111083
25 62.429704871037956 82.96146539776481
26 -36.5085529793254 42.03563274540474
27 -62.85554159961353 -41.30576843143163
28 -69.91631957844884 -36.271948920144915
29 -33.51405631251873 -64.65416268024246
30 -14.341628802221535 69.25803225776568
31 11.6972376731608 -49.57411118472563
32 -94.95916659356513 -33.973497741029334
33 -1.632906791145757 -8.984264370133161
34 49.4542180803717 -26.237746368567656
35 27.36646762475823 27.11676128257365
36 -72.7502609542637 -41.86527320889202
37 -59.651635182508265 -43.72259752579177
38 12.438207784724312 4.689058174332828
39 -55.8127266164717 22.127097281880964
40 -74.89401722718597 -85.03010318278538
41 -31.539104674110916 -9.265675958707732
EOF
