DIMENSION :41
NODE_COORD_SECTION
1 -80.54766730600637 -37.750835442198635
2 80.72587265148587 -10.274279634361179
3 -74.59689643660306 -83.86930053848853
4 77.74931467265503 -35.8142752225549
5 -73.28205521905869 36.476242328629695
6 -43.23904055928243 -94.10337243401304
7 74.21686599808771 14.373240621615665
8 -61.73589292410999 -68.00683053907541
9 -83.25282329594202 95.75390016653029
10 -24.48317679628795 56.973508970273144
11 -8.124874919681432 -37.873684680674955
12 90.50837024774441 57.28396861384729
13 -68.22376440729263 15.861308588301455
14 50.881955985156935 -41.97152809792812
15 -68.62360279868649 63.620175815335244
16 92.37545431338401 24.938653047538224
17 -63.85283351150348 78.42260406625493
18 17.328111998686666 -27.72037717188131
19 98.5605387731623 -60.981900968424284
20 7.027956074907564 -43.84438007594043
21 -74.94025589252223 -5.361693869009315
22 74.1510634864812 12.718605815700343
23 89.50442741724584 -16.12830872697313
24 51.27056608428714 -77.92791344328565
25 -75.60001217979888 48.31606797764874
26 -37.61039758350224 31.20152104753339
27 -82.17759414160113 -75.17137703963594
28 -43.32072494207178 -46.94846870066702
29 -58.198388205790486 74.60697016788001
30 97.07896752785808 73.90949277728217
31 17.027765079144658 -87.00093109669113
32 -8.856871543401851 47.54390022072059
33 -20.90338429973255 40.85365121133859
34 -72.504944206094 -67.91492957280931
35 53.111520191536556 46.387076745445455
36 38.47489165299888 -65.57517079662323
37 66.31130259494157 45.95648014858878
38 48.045545659394264 66.95079926620446
39 32.494733229199966 62.79313165980113
40 -16.25323764333153 -7.279903912127921
41 -72.63606018836397 4.664087270971336
EOF
