DIMENSION :41
NODE_COORD_SECTION
1 50.93093042109646 -44.55452558605906
2 2.7802062940036905 32.74355935755594
3 44.95204944629029 91.80609690544435
4 -97.08546004066262 67.69677619696154
5 -94.85542205857374 47.527078351860666
6 -50.21403731449785 -42.336105016212564
7 -34.378310739600565 -8.074003337607351
8 52.24980788092097 11.179355504250395
9 41.74147493656787 -13.391144455601676
10 1.8222530545002087 96.28322880029688
11 9.10556324674532 -95.6458842387581
12 86.09640110526294 81.87886042975057
13 9.176172888792891 85.99357352838979
14 63.80176438358214 58.77743112359704
15 -79.44429851345265 -11.944977441799608
16 -80.05409675318077 79.6201581203955
17 39.074651908140964 -95.40442577434575
18 -60.79655681694014 28.15776307591392
19 95.18522468034169 8.568771737401377
20 -63.30562212791402 -69.09384761016189
21 3.7593802523577295 51.23247100666936
22 -32.47996042001047 -42.0139546530494
23 89.24190747153 82.51868975041538
24 99.90168106614055 -75.00644506375329
25 -41.78958060666811 -89.04939957778022
26 81.49326173833805 -95.96235887698148
27 -98.25411585025954 -91.3940267531402
28 -45.58350905746779 -20.380445524300768
29 -98.38119575429096 -15.209653074352431
30 81.79277488258992 43.818350830805514
31 -12.852249435934866 -98.50262881689108
32 37.02333642505798 15.285601020263556
33 43.68845872073939 -15.602281066401986
34 -23.204731978786896 -12.158355086347242
35 9.06336748524393 95.01216839698398
36 69.76781598781662 -32.995426061143874
37 -89.15709248652453 72.88832286009546
38 85.11991055912512 36.57236954051203
39 -4.758459729295254 -68.98526015468933
40 -41.38370088711114 12.417594243334023
41 77.4930010730096 93.37004939684908
EOF
