DIMENSION :42
NODE_COORD_SECTION
1 82.16371575209212 -87.30492259390068
2 77.18122783716478 50.25479011780746
3 8.381092345568504 -24.102506240409213
4 97.90969325330894 89.0384444578115
5 9.546036399895414 71.61344258614437
6 81.48014173555524 54.68273612991345
7 -2.7020125592010373 99.09906652088858
8 81.4486446474061 -84.96490374731127
9 98.90576161458074 -46.74330310374475
10 1.17840336343491 -88.96412242953107
11 30.751753918520933 -52.439747643718285
12 77.54857720051359 -71.72141392259444
13 93.82333953239237 86.11336665145782
14 -96.61520500253833 -38.21456439499862
15 -11.834207763458963 68.17156873093535
16 66.5226693935345 -92.18206664898108
17 -24.52236811639817 92.24881630415325
18 81.26731256602443 -9.044001227334192
19 32.50587939851599 -58.03212621121023
20 -32.88667886119305 -59.656617808343285
21 -67.37476020467 82.10296804066562
22 -10.058721967995382 -34.08881153094978
23 68.96183466578884 -29.19769951113966
24 -77.49155537704394 53.555250373409365
25 89.64860458144713 -97.23297958921455
26 -96.09718810333561 97.65732321702902
27 54.27615813811508 38.20231114819589
28 -18.26875306435005 -79.99599119334377
29 40.32926456827798 43.645392532621116
30 -93.83595145023034 86.0714336239945
31 -70.6240717428964 -26.68587089134067
32 -88.44015116112249 22.80778884061145
33 85.00240835108715 53.40921950779301
34 69.24618885358734 66.45981973631561
35 -2.035868217568776 96.84180796998481
36 -75.86709701774166 -75.34643986458607
37 -81.25091980190206 -27.852447426406783
38 -61.81325562634052 23.85345351552293
39 23.726728685932457 77.88716679406943
40 -44.60249623506141 -68.51169395735184
41 -31.71781753263241 -67.37741186297058
42 75.71719132363043 91.44641665695193
EOF
