DIMENSION :42
NODE_COORD_SECTION
1 -65.51849787662177 9.492779968537619
2 -11.974622557007677 42.205969244201555
3 49.16299490408227 -56.525828287590855
4 70.07693830090614 -83.0893883614908
5 -87.83124494422157 -85.31137959590869
6 92.6794238104342 -31.737584537002107
7 2.0093912160975833 27.047818841086226
8 78.12669832289129 30.77696286164891
9 65.78878114338272 -96.12713122220869
10 -97.44729783845546 -65.10535946143794
11 -38.31262501173897 -6.579499834398874
12 -89.26953573333194 33.82840474568715
13 95.77935748515398 -25.908725805991196
14 -16.479015929919143 42.34030898928839
15 -51.03390326525372 -80.39568507337087
16 -84.03851034062042 -70.53051570540727
17 -15.465050899973704 30.711951006533667
18 24.33416978122942 44.14832621034441
19 2.8290296102841666 -82.43310602929286
20 42.15792848950713 20.807762304690016
21 -33.259998880133395 25.6435089673664
22 -12.102535657835944 -88.51356587577364
23 60.21279590149081 38.15388057390331
24 -8.714705126963068 21.622792047493107
25 61.67731893856114 -40.811586858230456
26 50.50418528579178 88.6231214755098
27 15.299196282159329 84.34975085700935
28 -40.92128686778942 -64.53747152440563
29 65.16781082265294 -0.5621305777086576
30 -10.823477247024414 -44.00989395424748
31 -18.98330117092361 -87.21669423971701
32 -52.87878900066394 -55.726574399905914
33 -51.20218541016788 23.11444877302857
34 -72.72958128849534 67.23162892817251
35 25.407687263233484 52.38400635828697
36 82.01428258110442 -2.029507645955036
37 64.090290311286 -68.23129121606162
38 -1.4991212934780265 -23.35319527298674
39 -94.48236250385706 -80.90454680958709
40 26.796996147630963 46.35352733749522
41 -0.7239157470661013 -52.763904298076184
42 -60.45605908479228 -76.56870386657526
EOF
