DIMENSION :42
NODE_COORD_SECTION
1 -28.537452721897253 -44.447757517602795
2 19.769877852013693 -95.22421661290596
3 -13.678425676240735 -59.739672596025926
4 71.37154292473889 89.12457909451484
5 63.33082826125553 74.62646566174737
6 -74.120137164094 -5.028641638234646
7 5.868862013129089 96.18953898896797
8 -20.524418958218746 -5.331017909219369
9 73.57593013998925 35.75005673017847
10 -64.17753116902608 52.447496032188894
11 -12.255120800158053 71.65142870632485
12 53.13732953684368 53.48681491240558
13 97.55592257280193 32.9192881686499
14 -1.9824343318790056 -58.151911004754496
15 -45.304468398572716 46.11365758590517
16 93.8985757265128 -53.018192297464026
17 -55.123696941937375 23.28766017123705
18 -81.38509078460272 -28.305380344770256
19 7.001224894694886 -77.76423120044916
20 53.39061296492292 -61.12886755534517
21 34.19229074046089 -24.746621914816956
22 -85.31429860223436 -50.08920605991556
23 95.62998915337343 -21.081175015628276
24 10.67743403643479 94.75421127088887
25 -55.873177833486864 64.94775673068168
26 55.75642379579614 71.53713508689833
27 -18.41558498649789 -69.040906366839
28 -50.730683805289885 23.32462102127026
29 -57.03945974164295 -99.9692997158638
30 78.84126459099122 -19.958271910071844
31 29.098743872284075 -0.7880405894632645
32 -56.03693565576744 5.631299920904937
33 69.74999997478207 99.69963067111604
34 -87.87074626552285 -6.3665567598526
35 -69.65775046485585 45.172323464734234
36 17.66517960538529 28.795304710307846
37 -10.469679166032847 9.817963978924382
38 92.48249018175753 -62.01615723937155
39 -90.7147448931846 73.87781611514265
40 -21.645838355393465 90.58841797317268
41 95.25861556511774 -17.930463852795327
42 -88.09837475590344 76.76399614874762
EOF
