DIMENSION :42
NODE_COORD_SECTION
1 -79.05229230544958 74.07474789289114
2 -65.61570967788111 -43.89773819576934
3 66.3094250588436 97.92944730481767
4 -14.78334572510991 -30.036967777064632
5 -17.73002578823288 -3.567627711658261
6 17.32761393139741 -91.5850099713428
7 -8.969360058425806 53.28355177875949
8 -76.29010738509055 -31.1754663281004
9 28.11866173588794 96.69502733447479
10 -37.913208323327964 -19.83001786624159
11 58.8411350648264 36.57653859460041
12 -57.700641398204986 77.32951408878094
13 43.09499458796927 -29.38895890205997
14 -94.96638272713449 -3.357684721507752
15 -6.661048934333209 -33.03462704433781
16 33.275786927496455 -8.398416285979366
17 84.00984857499344 -53.579454677606655
18 -83.01495525999889 73.20218257131731
19 -34.60746441891696 32.99507259905732
20 -48.175192426699184 -83.62045535477014
21 10.928725334044032 -80.32603537681467
22 -5.604751213871268 -57.859165079547935
23 -15.82283573481132 4.644947257516165
24 19.261203174051005 -15.596879519171296
25 -49.88632643852928 93.4825859487052
26 27.171194205622 -18.782368688819744
27 -24.81354688468558 -65.98991981906808
28 39.214908576673 91.97298309901595
29 61.51845212156658 -46.89249027097249
30 78.26802884514294 -64.66539061429339
31 42.87520681008874 98.52435351079993
32 -13.075176861206003 67.09137259104608
33 33.493153288298686 53.79328487756746
34 -39.7795097351261 -27.25529119570386
35 65.58989023092016 90.63117103417423
36 -18.203129353376355 -63.41051507667361
37 -22.645441237127443 50.7523428018776
38 -56.23340554628689 -32.800076337365326
39 20.442921676384216 7.808244185311082
40 -96.6175913096817 -91.35201257769549
41 44.47845119102044 50.20662944683943
42 83.71987868242016 -52.554312192502685
EOF
