DIMENSION :42
NODE_COORD_SECTION
1 32.32328699652308 -43.17251049362325
2 -33.47050194851545 61.400468660156065
3 -25.75666274629964 20.03198516511955
4 17.359526721677426 -29.369303257300956
5 8.424751972105554 67.09107813978625
6 91.25785613136807 94.19707437125817
7 -19.31703191931537 -87.72528678902913
8 26.978691858618305 63.89029325034346
9 75.50866525156053 32.68872845331941
10 -76.32006124173517 -25.506275928819406
11 99.35191035088124 8.086409104203966
12 26.19227040308212 -86.69357860740965
13 46.97308684508852 -66.43236480192405
14 -44.22748026158987 5.464544965324009
15 70.47115583241657 -32.59679198411267
16 49.40907447185029 -49.713046980121
17 27.82642548636069 85.01094266859053
18 93.59840834390434 23.284905285527472
19 26.271542775658602 50.149182061592256
20 -57.3864217726002 49.13983640670958
21 -4.4690124464711545 -14.317458065231563
22 -3.3630903202159175 -87.13280913492649
23 -73.05406445318891 -71.18642296785501
24 81.73083279373901 -30.45158593360273
25 -3.2721379046433867 -10.536658760668317
26 -78.5277665151165 37.42723382071921
27 -44.939105709984204 -4.477313868138339
28 -80.82260950970574 -85.16955962110055
29 -92.50057980681198 4.985303158314608
30 -20.003976014779454 -51.712530431397205
31 -58.91594340320474 -7.487390009150175
32 -6.2454396132754795 97.38702762293889
33 -45.17435793058262 -23.230516737440695
34 -27.719637022363216 -8.6767611075921
35 -57.316528211880865 44.90914104208929
36 89.04014209289625 52.747773590560485
37 46.890551663292484 -48.125685296082146
38 4.277348726968185 76.45834854353782
39 -49.54478739406094 24.72103196068835
40 75.43498511886915 93.61837537126667
41 9.895018278314808 -14.039583322520485
42 -49.49833307053153 -73.3837778449371
EOF
