DIMENSION :42
NODE_COORD_SECTION
1 88.8164619333763 -3.2856419504781087
2 88.18396419583831 -53.02069222187931
3 -98.72808213132625 86.0228664410995
4 -15.006770112672527 -60.469440218375794
5 -45.56777226704405 54.91530999269955
6 29.954581937963553 -26.126501090532244
7 83.0121427180701 20.630371836584033
8 -62.019897552665995 10.118254185498344
9 38.490818693923444 33.41684956246985
10 61.15859690155753 33.959648643708476
11 64.5497409254479 -93.93789359183356
12 69.59330041186197 -23.329083518708885
13 67.8271136210796 -38.092501250142675
14 0.03230167346019641 2.647512582213537
15 -90.34590906291704 -0.6694640109812013
16 -11.711043138267627 97.34401227168047
17 45.414593452878535 73.21253297210419
18 68.05121400701103 -18.388786856376697
19 20.397199360934536 27.69964140091183
20 -33.46973444010479 2.8545501393086
21 -5.515965752897969 79.60417475881366
22 56.50053129457771 9.099046242956916
23 -87.25178002653826 -51.917779897640855
24 -65.36544102858264 98.96006538596848
25 -34.992066871368195 53.76258812361496
26 87.6379119837963 -41.316808118766616
27 -15.38818453276572 -30.708797903119006
28 -19.459186586743684 46.830649824458334
29 25.206869061584484 -6.705912454234706
30 55.60473681222064 -32.144340690219025
31 -76.03335535959748 41.05124538671953
32 -34.34621177477406 -12.279659221583742
33 10.734132183350525 -2.2873515943855125
34 82.24222401732041 -12.123350833142311
35 54.760151185787464 63.67678163496319
36 -83.07889207348501 28.34404311959014
37 54.19480121105903 36.791092565212665
38 -27.031482876144494 96.28159321530177
39 -31.7840170257455 -77.67711986057479
40 -94.70053108280942 -46.633742735280805
41 -32.34445843675056 -60.81184932307233
42 -92.12691480710453 63.45317775847249
EOF
