DIMENSION :42
NODE_COORD_SECTION
1 87.60545076202447 94.24860458114225
2 64.02751495172237 81.6673415309707
3 2.1411146207471035 44.51960644975978
4 93.6042145599414 -32.77495687589061
5 -35.79194177959657 -69.73844041079505
6 -89.80031102027361 -90.77272520751931
7 -42.659490554658255 59.325492138216276
8 16.093702892756284 -23.115201069694706
9 -20.811479070532073 89.10664198054414
10 -10.875521189525614 -72.69245287313093
11 -37.32077761578982 8.78173996675173
12 -67.47754859637021 99.96619575312002
13 -96.40921788842545 11.383339836354793
14 -59.453020297377265 26.030473993572684
15 -65.34255813077112 71.26912683989252
16 41.62646328591927 -15.744646407293487
17 -50.199331734082996 7.583028037097009
18 -90.1961576545902 90.7503718321465
19 26.80787996450742 10.594228727459452
20 -54.35895320866637 -3.118732748439143
21 -77.2431123225072 35.339042948615486
22 -80.66241558565277 87.71735311072467
23 -76.28929099649994 -74.22019792074292
24 41.669839436419494 22.85194004985894
25 -81.31604649411585 22.73392720097705
26 82.4594551472743 -57.91268260758437
27 -62.39141935912678 -69.88458483084318
28 -8.369466528270948 70.38979646876692
29 -55.99663182837353 66.57002975161592
30 -5.482933834825047 -0.3156285187987322
31 5.278004804786576 13.374592418730842
32 -69.06648080916875 -0.5273153581358798
33 77.07926643208052 84.5097395566346
34 86.62307701302197 -86.07804284254657
35 -67.18667196271653 -8.89529132643733
36 -73.95035746024044 -60.0133179877901
37 45.45478084889169 -50.00839192269157
38 -22.898852845068916 49.28890615359259
39 85.9795454950818 94.89588903181107
40 41.12343218485654 15.896968881593196
41 -58.764626767447936 -11.171413208422294
42 -94.19456455169077 -57.193306570579374
EOF
