DIMENSION :42
NODE_COORD_SECTION
1 -31.507769978173002 -29.48326716006629
2 -73.72997647697339 60.95774677464476
3 -54.23194274188927 33.50806501394811
4 -23.185540803529463 -0.49261789649411014
5 -3.9655085548893965 -4.800861347585155
6 -9.120701071706677 92.90727597009001
7 79.687407683375 -66.6597361497631
8 -20.348619061831698 18.806497856718437
9 47.3098800664952 80.42606424842847
10 -36.825878712395976 57.250774453486656
11 95.55366279514408 35.34599479714268
12 6.4212768569875465 -85.24130831835974
13 -82.27316930629671 -33.065129436703586
14 69.03743253435638 -29.77954880978561
15 11.47159701025518 62.872013204416845
16 -91.03871241930952 -81.56906956804902
17 81.89292734724947 -45.083572788505364
18 -78.25065661113253 55.232913504094086
19 -64.27493244313519 -39.745266782361874
20 -79.73081447115791 47.66031866995485
21 -99.40021941619518 -81.22255203883732
22 63.53317428754201 -36.86452000818588
23 23.206477632766862 -22.61157353494613
24 28.794747607978593 -6.311634688165441
25 -98.88882359173661 74.99116533447412
26 87.63131829645965 -95.67005117327598
27 -14.77237087325203 -84.41505710250013
28 -5.4108731817509295 -40.87421552550665
29 -46.58934755682438 81.94263159841296
30 -73.9328868432511 -65.81996560300189
31 -99.63186713489686 38.63119373475635
32 -82.5316850760044 13.6541719915041
33 15.064836583205306 -99.32506584444187
34 -61.75101215978827 83.1087634542692
35 -75.98230887812826 2.950604434200926
36 -82.65294865376802 -16.129344568302557
37 -32.64127980544727 95.44250382094441
38 85.5731884817402 72.79204818808313
39 -55.73153941194791 10.774871512432497
40 -63.10061483157274 -56.31803511384727
41 -84.64082126474088 -97.02218259435304
42 -72.81874183009447 9.854719951692942
EOF
