DIMENSION :42
NODE_COORD_SECTION
1 31.058927902953002 -58.63537926323505
2 14.747245442252009 -62.55078002655361
3 -55.60470883029281 82.0312135165519
4 -73.59542148821161 23.80799105362985
5 45.81906223509071 -24.791590734123048
6 39.20404539102876 -53.22642529087391
7 -9.008422096478625 13.527769794835237
8 -72.8342315890418 -14.111288533225519
9 50.16023719690696 4.820023166066605
10 -77.15459305942824 54.998546722436856
11 -94.02869027778253 30.794879430155675
12 86.50441831219078 28.510551232064557
13 -76.31940961868472 45.86916657740585
14 70.64260763369984 8.135469316550001
15 3.2161537747129216 -88.02533113134258
16 70.30433117292787 -23.57120343654691
17 54.774210604615746 -51.03407952530714
18 47.421302341822326 -42.13348461264032
19 53.10545905650471 95.28746862420536
20 96.55650468635747 13.852708206297848
21 -79.62396397443652 19.849065919250705
22 -20.234748357024685 -65.02907842134115
23 -36.53642565477146 3.596325179168346
24 99.89105246190852 -38.04501039740937
25 48.77562448159122 -81.94655603084675
26 -95.53454311288654 66.26931143567194
27 -63.84590681596285 -31.8462873594561
28 -83.51738114570573 51.852490422498875
29 13.15599529674796 37.96251322508235
30 73.6709416226177 1.4923293843597492
31 71.9773864724292 80.43657867906703
32 24.485610934097508 -15.535663199460558
33 -46.48614419020283 26.152463429404733
34 76.8974913286124 66.479813010132
35 46.52756343203188 -49.023967122527104
36 25.155434747264735 -81.34624811466472
37 -25.3826223956342 -61.065934532817565
38 90.05047042764656 -90.88316681744296
39 -70.33484852848922 4.0879267544970475
40 99.81206382685099 79.05982211626781
41 17.65786698202625 -6.001492591771736
42 11.618140282040883 54.41276244447829
EOF
