DIMENSION :43
NODE_COORD_SECTION
1 36.66849536237214 -94.4578382108618
2 -12.844836492629781 89.81054556407045
3 -68.54338103339745 -50.12441336866007
4 40.496033343679755 -34.26097720583168
5 -98.79547047352662 -98.76979935722348
6 14.90464215399652 -35.73648621324581
7 -38.82146532055772 77.77684099879266
8 70.22508729049329 -32.766223363333864
9 81.58925050331274 -76.0849568488729
10 -75.25641870320652 -1.868245328326708
11 85.16745676403485 -62.620381608445655
12 -18.21986283957378 76.35761219483496
13 -93.05818316504899 64.36123661671843
14 -86.53193583953788 77.11823480182596
15 -15.440469220413135 -8.422317205795139
16 18.20692915325739 31.030696388340516
17 89.09259035812832 -67.60330261088063
18 25.501079011415143 -93.65760458224533
19 -70.87625212835229 3.525244408761182
20 -39.627474608001265 -43.29157617904964
21 -34.991926364895406 -80.55581760012768
22 -0.7366151053532803 -11.24398997242568
23 55.557251827212696 93.68136056635313
24 -49.68018346920384 6.2047594776184525
25 25.99567206975388 -70.81980132893825
26 73.1757562234302 21.100569106088486
27 -6.111408882277729 -95.56508399036807
28 16.831543297186883 -12.239793212479029
29 -81.15551128209276 17.727605465772015
30 98.94882484791424 11.312402034029034
31 -47.854887609449 38.7164197053022
32 -24.139992775705977 10.260665220787544
33 -45.94162753307669 34.78817939490847
34 -40.18326400648602 71.28180379792514
35 19.440761159979274 -10.997143908774916
36 28.478779723583557 24.51339762824712
37 6.337539352189864 7.121318172481736
38 -58.629039625193634 88.87243471616532
39 97.64054725300201 23.12187411108239
40 29.01261508573822 -10.513603176092445
41 -57.53504062667005 55.77524125067998
42 -47.34961798172244 -66.89279442253711
43 -78.24205178845172 -56.738488292085634
EOF
