DIMENSION :43
NODE_COORD_SECTION
1 73.80236112413095 63.1879556489738
2 74.02301055929678 82.63996051795323
3 28.804248226699826 18.932319359487494
4 51.33343066379962 -48.84706784407222
5 22.236136658347647 -5.483991633721601
6 28.25157801963661 -11.325473432390183
7 42.61309397385645 -76.12918295194196
8 87.88564536149968 8.702513513584265
9 -52.58117148108885 -8.005489958831816
10 13.135342540286317 -87.51634298030206
11 97.94273719225876 -36.844704064219734
12 -60.89323061344396 62.158857115760156
13 -21.439953498608105 49.93738905550026
14 -52.934276795326475 53.82223849610267
15 -13.235170975932235 38.783218671322686
16 21.883781607364412 -1.1744293138939952
17 96.86732943755135 -69.14819226414272
18 -72.841937400531 5.448269105211125
19 98.11852325246292 31.42701913846875
20 65.66214224820507 -31.90750039170578
21 -12.873640055685769 26.773342324142547
22 87.51215825152968 17.451824743906712
23 54.77985038414349 -75.74901720686304
24 84.40870782109644 62.64091559087521
25 49.498506908076706 -0.33388280332746945
26 65.54165622371244 -34.93697184215081
27 -78.52354740198541 95.24617719745439
28 49.2216494739188 23.830802641991838
29 56.69185751974399 -57.70588627265016
30 -75.97147599448707 23.845244322120763
31 -5.195973477620768 44.4897071631768
32 34.243559480737815 -99.82344034400661
33 -8.337907844187328 50.96992261927471
34 26.55887720395529 -93.8201811634235
35 35.000639753849896 72.73454283971608
36 58.53405949530023 37.81729958813273
37 50.999350509846295 51.58720033351358
38 13.996423364286215 -37.05146627585283
39 49.73521294600417 77.73614896546857
40 96.55812360583803 31.88806302927216
41 49.15738415513067 70.34304628531817
42 79.64970950904862 -95.67991012414825
43 -9.933554860293128 84.72218596944649
EOF
