DIMENSION :43
NODE_COORD_SECTION
1 21.29121077368316 -71.31846337857253
2 28.479513774157823 33.18854835163273
3 37.30804300816945 64.51192445366962
4 -25.09652946890735 35.894431703377876
5 -92.20779604699922 72.51366785324313
6 -25.734834627919142 -42.938700875855204
7 55.7051349729457 4.193766363947532
8 34.28438510761015 -94.4379578122769
9 87.43488359860899 -32.43014461391027
10 -52.45098085809434 -17.889281619823166
11 93.8368258053336 88.2074196609168
12 43.1231239716237 2.2631235838157266
13 34.216024640838384 -90.30574220556358
14 38.54351413634578 -45.15842247570006
15 25.88914959575723 -36.33908243235211
16 -68.2626454900525 49.81834953502252
17 -58.934526257557266 -54.88025553168554
18 67.11979318747203 -44.0187133033918
19 -26.862018349256573 -34.1906484504229
20 86.10719919274902 6.244046163199712
21 -23.922724998313782 -73.60464813632395
22 29.508200839044406 -42.747287243795505
23 3.472379151826985 -52.20783313961683
24 -2.26877065937461 -70.02066656069474
25 -22.135692162701545 32.53496906546911
26 94.47383701120839 29.282217158926812
27 6.369589689223318 89.04473007748547
28 80.53567711559802 42.951676739784716
29 -74.80726627379961 -55.20659176103959
30 46.62349752739283 -45.45076659611487
31 3.4779889509138684 -1.2094787294479232
32 77.49315253490923 -30.612977395549706
33 -33.94753125630898 -80.52379297523925
34 -75.4998096728415 -50.71642964201366
35 4.964155948666189 81.02010749613814
36 -70.39297509842446 -20.729157531757522
37 41.31993834386202 49.18936762691686
38 51.12149143960909 48.21674772197193
39 -28.219636547088967 -22.63682275384697
40 29.917831446503044 -84.63370436450333
41 -11.83063141716623 53.93527087104681
42 -95.3819587001778 -43.90644558250521
43 94.00875013252715 -45.740071856156426
EOF
