DIMENSION :43
NODE_COORD_SECTION
1 -6.269482343039172 70.81639336258212
2 -49.6951863302193 43.295083029849934
3 -49.66658198138065 -13.676583183132294
4 -95.6347058110064 41.7995053665976
5 -98.03459918420185 54.601110687549664
6 74.4104892380696 -30.984205681857773
7 52.52881638358588 -22.57135760517876
8 34.73145037920034 23.370100799572953
9 -31.55413181183178 15.406428224354187
10 -29.043116133378305 55.27692687014155
11 61.56211817890275 13.1840716656654
12 -99.93885012976011 -24.110428612890786
13 96.6449813891683 -29.450415916765067
14 10.588016799422633 -59.049229947145655
15 -59.255811086467645 -24.476383389368507
16 -53.685902352190354 1.3754830465768606
17 -46.09243040196558 -50.608389366244324
18 -95.57256433600283 36.61209420216062
19 -15.77790216463984 -81.35420515401162
20 -51.60184153182763 42.49214207169757
21 74.8768019236824 25.097944785287908
22 -53.93015343044662 32.19289198114495
23 -83.0794198520773 12.963068063870352
24 35.101679968305916 -72.8989094175047
25 -11.385415277217575 90.50301462278458
26 90.74311629374824 63.780224743815296
27 10.755446065559227 53.858273731710284
28 -74.9757117629863 -76.09215814152532
29 17.072042729573454 -18.01488761333971
30 81.79697563900353 5.9633589095337385
31 -10.224777239187219 64.15444849069351
32 -91.33747893676087 0.6110051700942876
33 42.566373404003855 5.257730420199948
34 84.67461371344172 6.136485386905349
35 -53.11272870052031 -30.795702264778058
36 -38.19354081313777 25.960123322131096
37 -8.079700915266685 -33.01629565401744
38 -61.476583778550605 27.163223443727077
39 -55.17539349739546 -26.494478103046944
40 25.403662653693402 7.128466401319315
41 34.92034525882201 66.11829688137487
42 -14.398841781656486 14.809260176270556
43 24.009728886045096 -82.25173565378341
EOF
