DIMENSION :43
NODE_COORD_SECTION
1 -80.94527181804793 17.19223401249404
2 -72.35120534554464 -32.66504333096604
3 -56.597429251947105 -8.432803157338384
4 2.975437833215949 -22.798222824726253
5 -89.84185896277077 -35.71610201903326
6 -60.65665281809698 62.94220539841058
7 53.89195673967188 -38.23553958283574
8 -51.24327084040956 -24.390051901948425
9 -64.17723189467237 -72.4179542962593
10 9.739731798479625 -64.73961471170236
11 9.404880780776168 -99.85270091143117
12 -10.814333741139379 46.65631329879446
13 63.54702011607395 78.5259231660772
14 33.69879265845421 -87.43173717074595
15 55.55384520113827 99.07415611473783
16 -9.335806576817319 72.53207767623994
17 -12.5172533465187 13.743017375821836
18 -23.4920424411972 -96.28476504551011
19 -97.53996486465346 -39.68386211168307
20 -51.91365159621127 60.5826895111465
21 -18.397597623806277 -54.48977500030843
22 52.8692934898327 1.3419040075143016
23 -92.45915876413598 -76.2188959664779
24 34.55996809227105 51.68588515417542
25 -72.8540151622016 47.842446120945084
26 53.01894755789283 -9.857868816167056
27 -6.094713790473833 -8.681658097197868
28 -59.162126107305845 -95.62567463415344
29 -0.4959974200530013 -0.3851213516828551
30 -36.365846836778815 64.07286204423318
31 14.513605282250182 12.010041771140507
32 -22.885196533149795 -16.390849938810703
33 49.692712054660035 16.125244947670907
34 81.18410723079376 -93.58207096471413
35 -77.7427655779789 -54.64414466407182
36 59.84628475445771 33.110629945156745
37 -34.422041955322214 -89.49776632317084
38 65.38094159059372 -63.38785899412087
39 -43.884521223330594 -31.24326257110539
40 -43.7542676383359 -39.847789501013445
41 -51.996288403031855 -23.633663759025183
42 30.387018309242364 -22.268145775400015
43 -96.45492805686268 -54.29560025837199
EOF
