DIMENSION :43
NODE_COORD_SECTION
1 9.116068017896907 -88.27578825980562
2 86.98169825278345 -66.85056315499656
3 21.434851045565992 48.55831253503774
4 -50.741114886296 21.08253623803708
5 14.671967870605584 70.97334063558458
6 73.0982895655311 25.47929234685074
7 74.51587478145873 34.119961584637764
8 70.55009357341402 -40.01384051390215
9 -23.990808200100872 52.82440923006709
10 -70.70504914792997 18.035214694577846
11 -93.20571595577074 38.62006499731453
12 -10.68206408545798 96.46521503281849
13 -95.12295165121023 27.690360236367553
14 98.178446480904 77.28122179134016
15 -64.59775607182183 74.65577825162092
16 -59.048547581508174 8.598769841398507
17 94.4103833958221 -47.82301132192759
18 70.01710607369665 -18.51714218768663
19 -27.727304478290392 -7.364993355433569
20 -29.77268140054663 86.30604473252725
21 -64.52273313479589 -64.3115103566983
22 -13.420657507233187 -49.586061613110544
23 -7.333995086571846 4.297246316248675
24 -85.62185305082892 8.3004810505535
25 -0.7013372167931777 21.840153686225648
26 -94.02924967703782 36.159521507996544
27 25.046702715497787 4.2447004427201875
28 83.48740714981719 -5.406863171554676
29 -41.00367894905767 -86.41553638664332
30 63.62595038859655 66.42131040802346
31 59.96658562945635 -56.61011403646792
32 98.36728564025995 -49.04835411436037
33 -27.274869951312894 20.956769650568162
34 -85.38850737742845 -18.26827481179059
35 -74.38958343805044 -41.774014301526186
36 -3.924333904841589 71.72100384026152
37 1.0462146354603306 60.346899545784595
38 -7.603970978033033 57.98294629852785
39 -72.33956329895153 9.826225294943654
40 -36.77141700538753 -82.58759298076733
41 -18.803009653182286 84.20285527132032
42 69.24402877408602 -44.322873578210675
43 -98.86396218067549 36.478501548262585
EOF
