DIMENSION :43
NODE_COORD_SECTION
1 95.23707978322352 46.928806518129335
2 77.94634294669248 -97.2698123972519
3 -15.681281347514783 -44.36169854682455
4 -15.949849341126182 54.89148767541366
5 -1.8689127117782078 -84.4062607447297
6 -53.89429221453472 26.665035964222383
7 55.16781323359638 47.18471951604056
8 -19.490105384516056 -13.660419313983766
9 -24.03010351829451 -79.62305283903113
10 26.716744946009925 -63.36935244236908
11 74.95784449316741 74.87350808221862
12 -35.459183144618024 -84.38223422519522
13 45.58444876362995 39.82392393316897
14 -73.73872954196321 41.7027030009979
15 -38.4561246138776 43.443500586363655
16 19.719391157194494 55.93955601605802
17 -26.000915422307273 11.69461666630194
18 1.4536506585465219 -85.49836795493442
19 23.26646053323907 95.22063520392555
20 -56.98188381841811 14.71400567041752
21 3.122778822678484 35.01209858356981
22 -81.01852792381268 -0.005170905002316317
23 -83.12350530348498 -20.17587866821016
24 11.705599158996847 -17.787558525332386
25 46.571660680522314 -97.84726150279926
26 75.85407676856016 44.379432642860934
27 20.1695115155685 -75.38279296578287
28 -65.31734765861219 42.268877073914524
29 -93.72081152099292 64.88416953491128
30 -9.484739099037682 10.45195643422339
31 91.9857528315691 -65.19115857585125
32 23.41066163584668 96.42038091063853
33 -93.44988448627984 -11.74278561551138
34 24.87642019895489 95.87093576751113
35 -57.76786404484231 2.112493912449608
36 67.58851440534843 -57.106385014029804
37 -6.785395963859855 -3.7419140139951708
38 47.42630446267785 -79.28107407670626
39 84.58253308216598 -49.13172024610846
40 50.73431158191164 -98.15617476152221
41 -4.461363256475792 63.127111820659565
42 97.57371692936272 0.7700652959722305
43 -5.48755896023691 -99.46521057698558
EOF
