DIMENSION :43
NODE_COORD_SECTION
1 39.13953978075469 -60.349505473874764
2 57.342457248769676 99.38014526022337
3 -39.994569533100275 31.368714907293963
4 79.70510107773578 -40.150182597057515
5 69.42800212489959 -34.51587628500745
6 -78.20346806100011 53.375448852010834
7 72.13664839626281 53.14829666855644
8 89.11991067637024 98.30124856788359
9 -20.737468134731543 28.337289730653794
10 35.816120997579816 88.38341619233964
11 -59.86029851867458 85.31107642249637
12 -18.27233111289604 55.54615553702607
13 -25.465612467098936 -42.774521386232166
14 0.5603275492136248 -91.84412859724867
15 -39.05172041948695 31.825346981550382
16 -70.19221582128365 67.79337325427463
17 21.99304950750971 62.06215775427012
18 -45.918748005856294 -69.95717907272521
19 -85.56499665043913 -77.35698870454262
20 -4.2877116999183045 -91.39471123286653
21 -20.6396231551375 87.93220815293702
22 -90.02605898750305 -12.916120511484479
23 37.013132683804685 62.2906238217528
24 -73.008357029375 99.07640084929983
25 -78.79102906849862 80.85213279367386
26 8.392043453697056 84.7505570789703
27 -60.16941801238376 16.90038423554867
28 -6.035654646852834 30.865912509828917
29 20.760883567801102 -18.576619641130023
30 2.085449479013562 91.24565997944026
31 56.71246369102104 -18.912716987442522
32 -82.61336114805871 5.990529287002232
33 -2.2369418350575785 12.78494247105786
34 -49.883851652875435 90.26609232402882
35 -42.99157013768911 -83.92124288331533
36 -16.121420100232257 47.28380684332714
37 -7.404389635632384 -20.72847057945164
38 -58.09144114097844 -24.864714128375283
39 -91.49900093598052 -99.49703855116809
40 96.76271512254527 -16.571783710547834
41 -23.23067068528941 42.183591340755385
42 -75.70941575658883 -86.78849871001147
43 -74.46875292045067 -14.757966340254342
EOF
