DIMENSION :43
NODE_COORD_SECTION
1 -28.45515359753898 39.14734307647561
2 -80.45610501557145 49.792035589988814
3 78.87051937218595 -78.5680296670354
4 -37.4138066031152 63.126241465758625
5 -5.306538667744661 52.00096939815617
6 -0.8665822121430438 -20.095995136491695
7 -87.63114660618126 49.61544512834803
8 -94.15670593606215 -15.959275250329256
9 -49.1864293224169 -45.39130802208409
10 8.228275952827062 -49.29241323022866
11 28.318011145629697 24.83128616415746
12 61.8523402512952 23.215843972978604
13 46.704286048536176 4.785930221660635
14 84.17261552623964 -41.508145973280584
15 -30.2030745369114 -62.48621854978587
16 19.13649841326695 -34.11958207612385
17 21.773666399394088 56.95814662241804
18 73.87138680208986 72.80297639540288
19 -46.184467704428435 97.94536020558672
20 5.280779722334003 -9.163589641416152
21 -68.42301961005191 91.58687996604988
22 54.086988445975294 27.06712862193541
23 81.34836958343047 -24.179451962968912
24 24.837349365175882 -11.885722371615586
25 99.38471976446428 -56.026835550332876
26 -7.382698258565057 58.00489873957889
27 -23.273910821405707 -21.35954163207181
28 80.69032921996791 96.12299242968967
29 20.93667904563921 73.8446847484345
30 98.0112948411711 97.7434486052451
31 -33.45885616559468 35.34413476314805
32 -48.46372582947136 87.20090949721956
33 57.538295396438826 67.13284197780621
34 55.4784968605525 72.53266736882978
35 -41.77613564826545 1.5829313903400077
36 48.13668485212307 80.47377391588253
37 2.6555475558970727 11.346019492118018
38 -3.351461912271006 -88.02839895789523
39 28.44521721928595 -46.95577906889672
40 -79.00131506956238 -89.07387421171022
41 57.16461515234508 -64.05469457703559
42 -99.16292746096698 -77.34863242685475
43 -18.49753173405277 83.23068125753105
EOF
