DIMENSION :44
NODE_COORD_SECTION
1 17.825258337815313 -69.7279038680719
2 20.63168581786266 -33.508124684153046
3 -29.556142383158672 -98.97224261636343
4 39.88875154731474 1.062357554697698
5 -71.01742603584277 74.90648173827071
6 -93.77122089526846 85.28522182744771
7 -37.3900533512914 -81.42932797622595
8 6.964234083062365 37.640501855641816
9 68.08173502574596 -63.00598674311389
10 -43.261759950832854 -75.0926481320158
11 30.780450274296612 31.29634719347439
12 14.888583302715006 24.743329347451336
13 85.99692711086786 -98.37815133709118
14 -56.59896358074632 -41.16501912189152
15 -47.201113822647756 -5.592405954642473
16 65.00406232957931 2.7050071017005877
17 57.55808635822157 89.67830960549387
18 -8.69163583288443 65.17518396864705
19 -9.815933171989059 51.54253884260666
20 82.49648719902632 48.64844209095665
21 43.339248072880935 -76.1457986792324
22 -27.080850122144454 50.78745504911652
23 73.38649778723166 43.042776340612335
24 51.05650625393065 -51.168789013733694
25 91.54703568527762 -38.595620692324516
26 17.65421704200753 -80.29492847996099
27 -55.27701801174183 -73.31508001008882
28 -37.55432310895335 -7.7560871125813975
29 -22.334551670428155 47.57584369827708
30 -2.276673231799606 2.2619979631571994
31 81.6456989125972 89.78176767962262
32 -33.87641358966616 -73.13276160274378
33 29.513299777932616 93.60855657236354
34 -99.65857649292256 -88.66832374246817
35 73.0020193823637 81.55937103098566
36 -45.9077563973233 -30.006031269902692
37 35.37045359605017 33.21528549968912
38 46.49025020956793 -57.91620004494567
39 -29.05873620827677 44.71619566776076
40 66.114022100682 14.022152071940951
41 82.82918788489289 -38.55331802926274
42 -33.618335019328626 -18.334533463042618
43 -8.875280366422317 -24.929302273998033
44 50.45936573672125 19.125758799369038
EOF
