DIMENSION :44
NODE_COORD_SECTION
1 -56.397746481646195 87.43514955264402
2 -55.86631596119038 13.350973473739629
3 -99.67796159910588 38.48590983885566
4 -22.748296796214774 -44.31838535288857
5 5.578374487300209 -44.29687025507201
6 -92.23696586558137 52.89173496314055
7 34.35158004390729 76.19485577978111
8 73.93173787904911 -96.0060728390554
9 28.405732230158293 59.12490314365709
10 -54.644770360814256 -51.49865882945521
11 60.02098835002795 19.84583675612579
12 74.87533971923136 -3.123820878632827
13 64.65688351208706 65.16662778297726
14 -25.58392242587699 25.726721984219083
15 28.56355244018033 -35.35118346792157
16 -93.27794739529827 48.135024974285244
17 -0.4158622384685202 26.61400330949553
18 32.822893742779 -6.0885952324005075
19 -47.13152040758499 -87.41540114917248
20 84.1507805679401 -9.764066600263277
21 87.94455710739976 20.168834336222673
22 -61.41045891705617 20.06119347082607
23 59.57077833161824 -8.059924357650928
24 -28.66447721059498 53.81464426377144
25 -47.98119944598041 66.64955208414892
26 24.30189803523983 -0.6470414781355487
27 94.91310456265842 -20.849363151123086
28 91.89963302216248 -4.215182416421669
29 88.48005327168562 -63.297989739267855
30 -43.620018298602226 88.69268971998588
31 57.03585382056201 51.85589725732274
32 22.524852432461316 -32.55188945233829
33 -18.230708333634382 95.92679140336634
34 99.32298111239894 19.72917967615544
35 -22.648302970365066 -47.92488597007403
36 55.371425193144944 64.01295216048345
37 -28.366801777932224 93.32923383886543
38 -64.906546308511 -42.270538289105716
39 23.66086221663268 -11.591548187483042
40 64.46543405837696 46.92826496441808
41 72.48085309979848 -53.001484675190284
42 97.79692086073419 -77.27764961734383
43 47.66337000070695 -43.8296217854099
44 61.209711450169806 -19.56162192353736
EOF
