DIMENSION :44
NODE_COORD_SECTION
1 -59.30569929414919 -20.728983080463337
2 -90.23707964642607 -40.67252546831342
3 2.091243857401622 51.37766769453333
4 69.34057716582879 -3.8175476710142533
5 -60.0638880774836 -37.8166406063402
6 -98.72190834357684 -24.634464512330112
7 81.00827346706987 25.258852962081704
8 -19.794055359939918 56.90369537862213
9 46.18153667636341 -15.771802880121172
10 -49.445074594847284 80.78926050350037
11 85.52601753464253 -53.24053699694038
12 -0.7308714730654913 34.56029280837302
13 -32.563742902224476 -1.5623416450034995
14 14.689308965498299 -35.03702461303679
15 -53.525759045161635 -8.039398361654264
16 -18.997618235854972 73.37508171662057
17 54.34266388219038 78.38740031260318
18 -56.995622040003255 96.58344372798965
19 59.38027823444102 49.7084319010911
20 -57.47426680338879 -32.32744272053145
21 -77.80230473161149 95.79458457206027
22 75.71935124430891 -23.804531096025713
23 38.548660785282976 -56.177225516036565
24 49.513415425299826 2.4620945751991314
25 5.2583051606479785 -55.436345824871225
26 -74.11742225998137 87.69431447786093
27 71.00646507213412 97.45659758273212
28 -65.80744615161686 19.961114366112497
29 40.99076784496526 65.18607860285343
30 -95.2750553541562 -34.77881016585856
31 -7.0293628780598425 -81.4874054963447
32 30.590391958953973 53.46446091704854
33 -68.07991886121987 73.4003676808208
34 -99.41000601041881 41.85803970227374
35 61.493531764519474 35.02317727740666
36 62.186313807413285 -80.03381383085784
37 82.73571565753991 -52.981412339373236
38 -28.403092526466793 -3.4720664135041943
39 43.94294446290576 -40.59990096171955
40 67.1248954793812 12.940063482408348
41 -39.690038393271834 74.82562837160705
42 62.1926663426033 -34.492770323451126
43 97.97284281100653 10.459921652703883
44 -3.8537609533331647 -13.31499112556915
EOF
