DIMENSION :44
NODE_COORD_SECTION
1 50.379336854863254 -79.41700305440227
2 -9.658177751711136 74.2596223943716
3 -19.440392063591162 38.20188445007881
4 60.8825242988741 -28.494879420294524
5 90.4244293807746 -91.83894780469957
6 -23.442371103308318 -85.63707491289954
7 39.623783081052665 23.908447164015286
8 51.93496199748918 -49.40442424775109
9 -93.43872822558149 75.66174418035496
10 -79.38806275186276 -46.079744621487094
11 10.191092911228552 -73.16245997688426
12 -93.45009703255312 -82.464086046675
13 -52.610909973409804 95.38720917816678
14 -28.357664783866014 -89.10245347057024
15 -16.13217285646529 30.01135033035635
16 14.69392832381277 -53.55223291031728
17 81.33228774461983 -32.486205733273835
18 -92.66090416498992 -10.070026281696727
19 -30.45082195703803 85.09520042857301
20 -55.969987759432136 66.07140895753011
21 -20.770379020612182 20.175424356422567
22 -43.924049936167364 60.838533676053686
23 40.10138340108966 20.37273409143185
24 -6.182928624933922 2.1311862213985364
25 -81.72657964376519 7.557204156959045
26 16.3675451136575 -87.3040506506525
27 17.972134444027077 92.43450280905913
28 44.964360165334625 -27.79654860493048
29 -95.04480836039566 -40.094478890243494
30 -66.19023386774829 99.84811812525604
31 -77.61457181937656 60.48616770730126
32 91.39683656270813 -25.50686671647169
33 64.67382229818551 89.36091904152804
34 -54.34075116289985 -53.702602598903496
35 50.77716663604818 12.18258424859144
36 87.88785596546003 61.92525394343713
37 95.6625985405235 -94.48004656488371
38 53.2083011639744 -75.14605247748942
39 17.127686951613526 -80.10599815532844
40 -0.4846180090854091 -57.042321877178814
41 34.89136618610965 -55.36767659475137
42 -67.88851447404727 77.46139160091201
43 -80.15242304999501 56.310685762281196
44 -12.102010104682677 -99.4787492445003
EOF
