DIMENSION :44
NODE_COORD_SECTION
1 -27.43189200575644 -50.73812349772422
2 -46.509460558672224 54.76748407631081
3 63.37589243725063 32.363485462059344
4 -84.32505611731918 97.71159704508366
5 -74.91706344769378 -94.81792924482568
6 37.34515195001018 -58.100806594627706
7 -17.965710749931205 -64.77512183120703
8 -18.45820574720011 64.3387467232593
9 -79.01069209041074 17.53522090843495
10 -2.3261963020109704 0.6741275582790252
11 -61.51180333172845 93.93060957759107
12 78.60907148075256 79.25623131042292
13 29.34187199188318 66.07573943581647
14 87.7123155314751 64.61658995860998
15 31.16837041456614 -27.559571796397762
16 -60.789641438884836 -81.61889336765857
17 47.12535511825811 57.98156493423045
18 88.11642545369725 -64.92351768969567
19 -42.5349755399469 -44.57272634845631
20 40.04679612378766 90.94568916458462
21 0.2641375572132887 18.33055527792071
22 -73.3854625823576 -44.19698665297751
23 52.65854564923649 98.59863592780599
24 8.68676866244526 -38.8767056897461
25 76.13813594207593 -55.006562196248424
26 67.64336719014489 -8.026037494977572
27 2.9346417756963064 -85.86240162726446
28 23.876600872665648 -23.937403321217104
29 -64.7386626782939 31.849467073995385
30 -17.877216924184623 -19.913228558271314
31 -94.85972974299123 20.169715132014858
32 44.81856524098208 91.73700188957397
33 -0.22087326840120625 -85.76890650008772
34 57.526023805299275 65.11771322537086
35 -4.06351033346597 -66.83794933518016
36 -45.42761345788513 -61.984836130681664
37 -33.55924344844428 -59.49607102692036
38 -41.59842203469031 -8.644645996660486
39 23.004558918916103 -67.83942755919051
40 -47.26342134169794 -85.64102392799681
41 41.70312784722418 -76.31184665466084
42 97.50298923131106 63.314594227540255
43 80.96149640237164 -26.22780696881128
44 -17.434222973760384 57.55521380382109
EOF
