DIMENSION :44
NODE_COORD_SECTION
1 49.766378509602845 -27.33149882455328
2 -9.189757815066898 21.319740967821744
3 7.135750153446523 43.30459965685128
4 -98.86868427620466 79.80130314623287
5 -53.511094827625705 -98.95222508154976
6 -70.85418762798801 -96.80390540718219
7 -89.11183925274284 -7.396138537164802
8 -43.94235313833508 -66.1864747978124
9 -69.51668261619086 71.19654178767408
10 -39.146357249228416 -82.46239032637772
11 33.22618705373708 38.244653187024056
12 77.84547932667061 -59.44367562656103
13 -83.87013116479956 -63.13001583675513
14 82.44739515410899 -85.4568239452849
15 -58.394707982332086 76.26997327502488
16 31.929284875212034 71.06363418272377
17 -81.86596648422477 12.278822187939497
18 48.236118334446275 62.89322640321316
19 -99.4869870670273 86.97951153847706
20 -28.4335919349451 38.098150695254844
21 2.133228697223146 39.01839973683789
22 36.25385856458004 -47.85675818734971
23 -49.76877466199872 36.31304398319975
24 24.597977434992018 13.956270235479167
25 34.77864505959528 -45.86703579581535
26 -60.35906412187515 -76.20836853066763
27 2.6516050181665634 24.072208765848472
28 -95.51040351998923 53.900412737142545
29 -69.05157729878843 -86.7785104156487
30 -56.36689747328894 -52.57188449276082
31 -23.19943998634615 57.88692074130327
32 -69.19193882602065 66.62506884141763
33 -54.25159642042343 72.49124405723796
34 98.31487846219491 8.368979341081399
35 46.72990229475076 81.83266790690729
36 94.290369418316 23.162793373853475
37 8.956772141631888 83.66536363815626
38 47.293311713480136 23.18537181685123
39 -75.57051817131168 -61.395110908750695
40 51.66126171807275 -54.36363142403786
41 -50.431240443951594 -94.34934454572685
42 -77.55164435180366 -50.469111190394585
43 -49.58195773027221 -5.843179265127162
44 -14.644443026217786 67.26342677742582
EOF
