DIMENSION :44
NODE_COORD_SECTION
1 82.36265186123498 -56.05657283908707
2 5.645094730595929 10.498716864036808
3 69.51652238192804 79.14163929893587
4 45.71406720440308 -20.775960989515283
5 42.56481912822932 -61.349995128726164
6 9.541420024437357 -88.37562774953231
7 -66.51497217793927 93.72140808826296
8 86.8467007625091 59.7898463597171
9 78.65851164518062 70.30349665421468
10 56.59350369721088 23.307180309140634
11 -35.6142588869601 34.635342647913234
12 -10.34073775928097 51.75901705561586
13 -24.915014683862594 30.235173820142307
14 8.598286500326807 -99.29526313663304
15 -30.355587893085342 43.75104834299552
16 -32.82496915384026 75.35294269738134
17 56.12412631212018 73.43543828111109
18 -77.30382495868449 83.04990761009302
19 60.98129166332674 -98.4561341897795
20 -34.22837249215196 33.872330282325635
21 96.21794014680117 30.74656040914786
22 -55.01382245541839 -21.97325094167833
23 -83.67230923693971 34.68144810568526
24 78.06497252026003 -50.577925115104414
25 26.64421136318738 -5.934364934129221
26 -23.532264806227403 -3.304193722488918
27 -44.329283738042655 -57.678311799044145
28 26.948012691292547 -73.86152547719564
29 -63.803558556272556 -71.53590068017009
30 -28.534567149631826 55.37492850285014
31 53.48253564919122 20.030325815244225
32 -94.05951141151314 -17.674764406379012
33 -86.47355549754634 -84.87005548343356
34 -21.30712796418112 10.88192320330397
35 60.39032424338859 10.224381522366471
36 11.006004281746357 42.9043663428223
37 -71.19426331621463 -20.961038252529434
38 85.11197490845922 45.5452924773418
39 56.74320397722525 -41.95223350821191
40 48.99259716072905 33.58827114608965
41 2.362067534166897 -94.73874976001736
42 72.74392612660162 68.38925764329855
43 -89.26761766171785 1.5852292134884323
44 57.853125359442856 68.17927866742147
EOF
