DIMENSION :44
NODE_COORD_SECTION
1 -96.90131825562305 -26.547325576845495
2 -23.11394529781016 66.39626186136292
3 24.208841259410036 85.89999724829104
4 59.66072563743069 -12.404605433994575
5 2.20229899545663 -6.577300333495799
6 -87.36756057099436 14.972656185789518
7 20.885543687464292 56.43073007473626
8 37.66393653706541 -35.42328681263773
9 -87.72294908446372 13.590455562467056
10 -7.25995009872247 -95.05827934271107
11 -71.33905570975546 -7.5629885559400805
12 61.318787973240205 65.22360275331957
13 -86.66751961705205 33.49923156483737
14 32.79177551677171 49.75973139175582
15 89.6458310552363 -9.82527494123515
16 -42.87834923893925 34.277831706631076
17 -54.7986227728575 -24.61821626569855
18 59.57567075195743 18.393946250192812
19 -73.51376162052145 66.05367847774536
20 5.576189446359294 -60.29649348231037
21 79.00830149176264 -52.16985606213207
22 -8.959573621013433 -83.31657309117686
23 -31.05939448443084 -15.160113912795083
24 -99.81671043844571 80.78739774148602
25 4.519493466785178 33.25686645102243
26 20.60878613623025 -17.469567430040755
27 38.91647272989465 -17.647579466284498
28 -65.38301474113533 12.022945026015506
29 81.03037421464285 -96.94593185497872
30 16.005075510644446 61.32859565092693
31 66.6228358240196 11.561174273201445
32 53.24269740282611 -25.815788613394503
33 -50.55314999901046 14.356482096114405
34 92.7531799085308 -21.96577833637845
35 60.49450393264823 -9.008242594368582
36 50.133985660754405 73.99602800337405
37 -46.783219182788784 -7.685254801454036
38 -27.498841755526726 72.28683868537746
39 3.544693007802863 -15.656256190901118
40 51.744108281826584 3.8065685638540856
41 65.76773550826377 51.785182831489635
42 -13.671222929046237 12.985375886629868
43 98.80205238113493 90.22856475876489
44 68.38857671214672 -57.33135045771094
EOF
