DIMENSION :44
NODE_COORD_SECTION
1 -16.296582930487432 24.50979523259562
2 -1.4954396701700574 -17.05419239975143
3 -15.145619263528005 79.18363657263993
4 -52.527109273628604 -10.972996929527156
5 -68.65307543655376 -11.211120940614379
6 66.11714863161481 -16.215706028308844
7 95.91106518168857 -55.86041646358415
8 51.23158692248225 -87.54347969338616
9 57.82024364049289 -57.36938549393158
10 -84.80131958153882 25.019109192815932
11 40.82827717137084 77.72456028589929
12 56.11727671878015 55.16883190421785
13 95.07394772278047 2.1685393224693144
14 -81.8949930981064 13.80081683718879
15 -99.2330720948306 38.50659875954295
16 94.29579069173141 -35.21830717304644
17 -8.804641101988224 -18.257618968881005
18 10.404630588854786 12.736991199532739
19 -6.428120019477262 41.54592157313337
20 93.33373299415581 -74.26521482434202
21 68.46157559997945 5.18743444912721
22 -22.854787128343162 -59.83826021572636
23 92.01173903378219 -32.58007544116586
24 27.827552248183764 -49.248153799780006
25 69.93007923466024 69.82175104911806
26 78.63425966739953 75.64199026327725
27 -1.865645219026419 19.649057871753286
28 -40.62509759158066 -95.50723318845975
29 92.22320468812637 -82.9627204702533
30 -24.10978490493821 -12.873077141627178
31 -3.6056921737333028 -90.57015922548428
32 -49.955493925349636 -99.1981547736364
33 52.16270377315834 13.401297386934743
34 -34.07980607647001 -53.85334135181636
35 -41.79139727313193 96.58125191584358
36 -15.499156252901656 -35.04151158880025
37 -15.089377524196678 96.17433097087337
38 -13.0193501660044 -52.533473359669316
39 -79.40314886701177 65.61074362466951
40 85.93986511227303 2.336627914515873
41 -78.72714930113456 -12.849181116687618
42 -96.02279424036271 99.60317359049046
43 11.562164001483154 65.80613544683135
44 60.99195793557257 -35.12093920297062
EOF
