DIMENSION :44
NODE_COORD_SECTION
1 -15.320695173961312 -27.99692406703045
2 37.46797822541217 36.05989307325251
3 -26.883247575613595 -24.13992417688719
4 -25.155792888386742 93.1636306686539
5 -28.030767434397703 -2.628909466758131
6 81.76920822105859 69.76811374713247
7 -7.1830266322324405 62.37324370962227
8 -90.51709903389037 -4.4481266234065515
9 52.17016122886113 -21.59168704989382
10 4.864447616042995 -84.14195304926496
11 9.200284448664902 -23.746810813538175
12 -23.42331542020301 54.14967413587462
13 96.62123663558131 -4.446265500972913
14 96.85606158332627 69.68233586033219
15 5.737027430028547 24.4559031339068
16 5.921942181068786 -4.223814815463925
17 -31.100528722825516 -63.083042627701104
18 -66.16929885172094 -31.51650279787475
19 46.095932305342245 -63.58133967946598
20 -16.298386595434792 -88.88798047650982
21 -32.88651613514534 11.093518272461083
22 30.59311886306267 -73.02168052120524
23 6.702776779686445 -67.18596503146571
24 81.90962030057008 70.92945194286304
25 77.39109121121248 91.58415766735999
26 -81.92962499018145 19.585418914294948
27 -86.92903963453577 46.611026527700716
28 86.27392531647038 -59.081200604405225
29 86.21699044278739 96.7243506161359
30 55.542703808949994 -24.29793340335486
31 52.56035365242104 25.349579197347722
32 -42.16569467530822 -13.482732575949825
33 49.27678518743696 59.03038307791911
34 37.85731283406926 4.436567936533464
35 86.22058140085548 -6.465274163708415
36 -86.66881320321336 -90.8535154746601
37 64.4636280067547 -12.13187575037449
38 7.781312094203784 -84.79750283376764
39 32.37505978451685 -95.94340937368382
40 59.561765778887406 5.264935165181356
41 -53.29630751579917 79.35084888009243
42 33.65008025750609 -49.419031841139
43 44.60197772452511 57.54256904610571
44 66.85966091065345 -10.358330211809204
EOF
