DIMENSION :44
NODE_COORD_SECTION
1 -42.19391359276607 1.7640064842726417
2 -47.59522260617332 71.36940674031487
3 11.51314346772405 -28.597649716023426
4 41.05026800112296 -4.72794679234741
5 -77.97998716408611 29.8598629996481
6 94.30524979424533 -45.721502693235315
7 96.49334325308885 -44.3587832648963
8 -18.992738934138174 -71.9420994751125
9 72.57535475072169 -36.99628943917186
10 78.49424206425306 -38.04221786033182
11 -7.800453661248071 -91.67729166611092
12 23.96055389727519 18.274993057417404
13 26.283215168977165 -16.84919061805381
14 -95.30668322374147 43.65470103737783
15 -19.545754654609198 63.63023905671065
16 29.553640178595288 54.0149917857448
17 6.696232132222974 -67.79310539861129
18 -15.581254425732993 -24.69102620748231
19 21.772477146756117 65.13361210312056
20 -84.09738309772663 46.60009782085328
21 90.5160947467221 -11.96072080453952
22 -89.47558640095997 -8.659323406496554
23 70.54985192781473 -58.120546678745576
24 -59.404646714799306 93.40749987051086
25 34.7261388913096 -27.12680449412585
26 -66.55362749035443 -23.637392354848828
27 -11.446199440056489 -37.429992026511094
28 87.22048800134252 77.571253625612
29 -17.894682040350702 -52.02038839086887
30 4.305267619256384 -66.77675303195198
31 79.37429728973501 -53.26340295241161
32 -57.41759388363494 45.96784475457977
33 -7.220256578891025 -1.4391391711840384
34 95.02298461740213 93.78649985235936
35 -83.5096934576633 61.81392575551243
36 99.75854156899041 -43.10827629830396
37 -0.5319228437409009 -37.259773258444405
38 -44.3903584412471 88.85455127748747
39 -12.391802575160199 -14.978467025456197
40 -27.844806163436857 -61.173014998773326
41 34.07705230759507 -91.43820931477293
42 -81.22268519599265 43.639986500585024
43 -72.07161483854709 -41.0413884741883
44 -46.28184454426898 51.72153741773835
EOF
