DIMENSION :44
NODE_COORD_SECTION
1 3.0958476029112774 -86.46032837719488
2 -17.227480707459804 -21.230967195867507
3 72.81637120743636 -30.738701291544416
4 65.67475324886976 27.904771788181534
5 -21.563664872672874 -39.17281947734932
6 80.95016886191797 -13.212408680000038
7 96.80546923543716 54.1709519831806
8 -91.06874750947398 -36.36263256856398
9 78.99576666812976 -39.07119220583499
10 -20.037257177589638 -13.547414506571869
11 -17.428290864153738 -73.91649504340016
12 -66.7460886702658 -68.18149891713736
13 -67.19873420086805 -57.231504346865904
14 57.3235891726321 -1.6045166468172738
15 -43.36298487228758 -0.5616102885739309
16 -13.175691830422664 30.7821868140081
17 65.52326608659993 48.40116977482316
18 28.383527167416304 -26.137878489882297
19 76.56171537812403 99.74656492782731
20 67.20142134835498 43.406415281713265
21 56.29461368434812 -9.005951278306412
22 66.49629355963941 35.619423474360815
23 47.34105207377078 -39.676946598360495
24 -86.50973596051925 -33.52186610982085
25 95.34856365953974 -39.96304582637145
26 -11.520605308889301 -68.86982931587613
27 -67.80132120310535 86.95156597596366
28 -62.365970156868336 -95.72060482901222
29 -8.868160498567818 -22.31216043771738
30 -84.47337503188628 -35.59789040087307
31 -69.56661940449173 -80.61244496995397
32 29.986012957997644 -82.19904289340292
33 -75.4509160373275 -39.84010447285484
34 69.7284712789926 -77.0823806479601
35 44.975258843279306 68.60584471907092
36 24.317618230484882 70.98958410509903
37 97.99483939294367 -11.943673884704921
38 16.35672796436296 -33.94981990243657
39 -87.6923494483703 58.6992004802745
40 57.41857744822511 -34.56473470346499
41 76.82945276979225 -60.440802644195955
42 -87.9305281381165 91.37392764731302
43 -82.58898024089972 52.333968607731805
44 -91.55422490790393 -95.09534302691314
EOF
