DIMENSION :45
NODE_COORD_SECTION
1 -93.79519430421608 92.08055998945119
2 -80.03967266163738 52.4407560447207
3 2.8266131472529707 11.339194972519849
4 85.06767045654291 -58.29420476715548
5 16.173639959794286 70.52143758681197
6 49.05764787627919 -68.26876419270266
7 31.6357419079622 -11.069306193479918
8 -13.058980462350036 -4.610198906283031
9 -57.47111350663538 -91.38848093032637
10 -62.12155566568982 58.44268292427756
11 -7.362852807233395 -43.81934869461308
12 72.3681798944242 -57.81232200102249
13 -78.9555865662011 -93.09950516011921
14 35.61572829725162 -68.90543828224219
15 97.90947440688598 -87.25562914642634
16 28.883577189925433 57.35275377591097
17 31.439562981637522 74.36680646352366
18 97.84566910945315 53.045316438643795
19 99.16900910421711 -13.693698893004552
20 85.44783967329136 10.70255452600577
21 -89.24862604902917 65.41201019365798
22 76.50198906173515 -85.72261943813824
23 -55.175261362187335 84.39984251308431
24 -87.78166011156038 -44.8762257426756
25 19.11161042512164 75.60758857151043
26 85.10670469514463 -68.65129982129193
27 -49.23361656826153 44.43270307329212
28 38.15420513055702 43.9468911635457
29 43.08479856622583 -62.399562047667054
30 -13.086507547733547 49.41699951876552
31 -4.95845334881335 48.32410309230852
32 59.11206929315654 6.096655974404314
33 71.72356675949723 -91.41669772961976
34 3.619868244895514 -39.75694685833959
35 96.5782867648569 -81.8399987466676
36 -40.911214150640276 57.924717290330506
37 30.497519452912314 90.73641218161296
38 -7.695503578311232 -59.9207877974016
39 -11.890647326433196 -40.727315022968384
40 -82.73264178109285 80.6305988952023
41 -91.74810930073127 76.04653582360697
42 88.24581919471962 -38.650558118627565
43 -56.54567519565734 67.15088399248486
44 23.522344517458052 42.17735803500659
45 -37.647752005511514 56.909755465568196
EOF
