DIMENSION :45
NODE_COORD_SECTION
1 16.82604282472741 19.205260837478733
2 82.47208965905492 -86.28752939847732
3 -23.694709352460876 36.86986586717629
4 73.3407802262102 -46.34348108885846
5 12.773037886425257 -82.26380895271322
6 45.4938415495198 25.201867641540773
7 90.94381838376947 -63.94505091941147
8 -49.28550885690899 29.52548164930994
9 -47.884969107971465 9.068738888994005
10 -76.88003384915199 -68.6447254370961
11 -46.42751249403305 0.2195450653354385
12 -85.29064495051529 -18.61414306239901
13 -5.9008445247016255 87.51379574082517
14 -24.327521472229336 26.987187997430766
15 -59.97797550045296 65.82540247886894
16 79.53922753999154 22.66241333552621
17 -17.166672481235395 95.08142335074695
18 25.475224912353696 -64.49976308355792
19 57.27423282996807 -19.311008080192124
20 -36.493704457157385 -44.09373436894104
21 27.870360362490842 -21.773830063870037
22 83.18080056104617 70.18680995141764
23 12.260250208991707 -48.66646172692541
24 -17.844614017259048 29.097696444777284
25 -48.740574649827636 79.90735589873051
26 -11.583651137288172 -44.74032747244501
27 -41.54580076971397 15.109118618907871
28 48.325302912549745 72.381127763591
29 86.22099568610196 8.370555511039896
30 -87.59554712686561 -89.48217580559907
31 -69.58148126795223 -96.51295352613568
32 51.75333313627411 44.138457397965055
33 -37.3983969435385 -25.94350130512457
34 20.21536099886667 -46.44610801373232
35 26.457216305662868 12.934892026965628
36 40.88926672686327 -34.69297025420917
37 64.26461800416456 36.043674382557754
38 40.30683102160447 23.409240161146755
39 49.53323543076658 49.778238439698384
40 -20.424878364888016 70.84848118879148
41 93.57333731710762 -50.56911806670998
42 -60.99219114601937 79.58312046303908
43 -33.39371058556901 -34.54443589384108
44 1.2468338565686707 57.27473397496138
45 28.122564087081457 -44.93403111828389
EOF
