DIMENSION :45
NODE_COORD_SECTION
1 -39.07208662842221 76.15243004603948
2 -15.560458674776683 69.70091768411658
3 76.91940642271058 -64.75388929712065
4 9.79912325848025 -62.250062927669326
5 56.72403724865427 -19.243369089443433
6 -50.31118079782 -61.30572805940913
7 -97.11975848255258 22.41274687027098
8 -44.72598442882234 -81.81000568983345
9 50.11423239813851 -87.49336658928233
10 -69.31308525975712 -65.61884676152746
11 -21.114480569186995 -67.86123208291906
12 63.18250805251262 10.945100549725197
13 68.61838286410804 -59.31446610758761
14 -58.22496027562607 -9.148672012730287
15 52.51518458423371 -59.331551667170146
16 -78.72963928402075 -29.936428767354954
17 21.19868661774686 72.11808910113723
18 89.58597777044795 92.95402074185986
19 -10.967624671457202 -56.31025740800795
20 78.47718414043288 24.987426857208476
21 -15.180847510288004 32.2019492700137
22 21.264313690238737 -16.72788262399453
23 57.680443154593576 37.93315836398534
24 5.882537417659989 1.8637921238420887
25 99.2692482367446 -30.07429151701271
26 -2.4475667423287604 -63.752720603750326
27 -24.92770543649938 -46.28945425913413
28 12.59585859619466 -29.78974113694683
29 -69.59204344717811 -96.72000170327277
30 -86.60154648464766 78.36216874388424
31 -9.171776627633221 79.80008844342157
32 -35.75351649964442 18.840537635778446
33 -88.01551236049252 -28.53207116415824
34 38.74240245776036 -16.71396019784548
35 -49.38143113058197 72.08372410676998
36 -98.26996064914258 14.956592510961912
37 -73.80809634431971 10.321075032721879
38 -97.86313961582943 -79.11000816628967
39 -78.23261899455103 87.34326917534062
40 -92.13260692995146 50.31352877604098
41 -66.89007994742263 17.327295835351933
42 -10.141673376600167 -10.961910608365216
43 16.57338780236597 -66.37851704107116
44 19.63250775335443 -71.63649889915224
45 9.193086960265973 -77.32341445548442
EOF
