DIMENSION :45
NODE_COORD_SECTION
1 48.15944826738226 -55.78673282994737
2 -15.207017936104378 2.7891279463782013
3 45.38851846376835 70.22841801716555
4 -65.39987417415568 40.088734290231486
5 -60.4292691283395 -7.4071915103260295
6 5.053861872481022 62.48169354186328
7 -59.97103951761784 -69.10946677013719
8 -12.03775702838648 -73.58575384130611
9 -67.7633436269432 -54.446981138651026
10 -7.761788960222745 -33.81085569592793
11 -8.006322757439861 -95.93678940349815
12 -34.41752015034719 -33.57357755040256
13 -19.10411753927272 94.81239875082665
14 10.414868557473199 6.484044860251743
15 -85.12309213309315 78.48392432845642
16 -91.02293598809246 -53.11149614086019
17 89.2023338908711 85.00213954893627
18 -20.243421379795095 86.61442492169564
19 -83.85209210111522 -86.5010532600967
20 75.85802359584414 -89.90861621159787
21 85.6950749264015 73.41442359628422
22 5.674569159593901 64.10520657089504
23 -5.071344884982835 16.7620501519624
24 -92.81112836508898 -42.70004142494122
25 8.422986857531669 -45.24690547899939
26 -60.540564762465365 58.77610811352915
27 9.754544795640157 -73.61120945755768
28 68.32479832546673 87.31916134526475
29 83.38047649366115 92.29308070777685
30 -81.91533486590849 29.08234789515427
31 26.474178527598085 63.97259221918847
32 36.89353660459608 99.08586318719526
33 -68.08953091590124 46.85474684523592
34 80.82897485695398 -29.31570658642461
35 -93.55538936246113 74.86890420403611
36 -39.926727225684935 37.19288867764703
37 92.23091900858898 44.99940586814799
38 -89.6262274834674 -58.847583620335485
39 -54.82177065510643 22.15367591757112
40 -46.076290587943426 -90.7485796397417
41 -9.758841249597651 -22.147692197435347
42 96.03194958608344 -35.286287531345664
43 21.5975637175071 -49.33759651980816
44 67.4266478325896 53.99804069687346
45 -55.235789285519466 -28.04070538298278
EOF
