DIMENSION :45
NODE_COORD_SECTION
1 58.95052385270182 22.972378351387633
2 67.15088247977573 64.42819810592042
3 -15.312128256594292 59.26350632938059
4 82.6728149294799 -24.53916057271364
5 66.8641338737074 -33.34093577779127
6 -74.86858599699704 -11.488951252163233
7 4.634754519284613 99.97742462935122
8 87.42152122832681 -59.15191092576029
9 56.73055598740794 -61.73232261922361
10 2.5597706001844216 -56.01096857115686
11 -38.776052662258074 -50.72078928084076
12 42.556701257507314 65.26927736196188
13 -91.42935894207423 33.11158405789175
14 32.88423784851338 71.25034433864116
15 -89.22037869788385 47.71199774869183
16 90.72346649429684 45.49532075363663
17 -39.45924293149046 -28.57335525516251
18 11.778998718945672 -63.59336426518729
19 6.365923993838038 -58.398734784184136
20 -71.70204944163463 65.23475172327201
21 -16.72388587573927 -76.7346223388671
22 -59.96706086576988 -69.96948087710393
23 -66.70638684958382 -91.77634529619476
24 80.24025636164143 78.22792512867383
25 25.97475419757997 -77.58303392538788
26 -79.59421994844509 -11.291935428960116
27 46.445517018903104 -71.79523891069704
28 -59.757180461945715 3.609302628018085
29 56.87856841113833 -51.74059283081682
30 93.6077187468305 -19.187567089362176
31 57.07713090799612 9.052215170097
32 -13.669593034510825 99.94404484883083
33 -29.192503218019766 4.450044276270361
34 -51.44111508779292 -52.095015767821096
35 -33.25147092323381 -86.26978652549249
36 32.06804146292248 34.34519242719173
37 -13.596758070875197 -26.63926006783754
38 -7.91521022650133 43.17007660154857
39 -3.9561178883406427 -1.8181426047352716
40 23.533111708207954 13.077637313764257
41 -94.26133194045025 75.16387942320523
42 13.204108111783057 58.28978656823517
43 -94.26516805454533 -88.29453513974508
44 -57.79218310155094 -9.944850926809721
45 -41.050817537746354 10.475565099072696
EOF
