DIMENSION :45
NODE_COORD_SECTION
1 98.47927729329012 -85.09181007336264
2 13.955409397579757 -28.71322089314785
3 4.3314120337935975 -87.86815939767317
4 73.83269831824998 93.04266500357176
5 -72.83696334592504 37.77724593559125
6 49.661649255124075 56.49901602143066
7 93.80080283380215 -44.744389120536844
8 42.8531850917777 96.63676746682759
9 10.648053638488179 -69.25202157151793
10 76.63436152880342 13.070856304265547
11 17.704368261176853 -17.25100668886175
12 17.75408536665128 3.253842140969823
13 -36.25612073902202 -80.21236833271843
14 89.67537844153304 7.333656541960437
15 39.64578248444286 53.7576936217485
16 85.82959323821814 -81.78847608631003
17 -29.652972891574223 41.32997462980137
18 -79.39032654287973 66.01039166643946
19 -89.38628995851492 2.207174369306017
20 -33.86907201955415 -26.92200619871967
21 -84.1957321500866 -9.478514333167425
22 -85.61049160531735 93.81301738970365
23 -33.97589619026118 54.4641010223049
24 77.3002494576588 -96.98333322108105
25 10.547935777494217 -90.72532823138712
26 91.19713309776796 77.13609003067847
27 -30.887446366963147 70.00809188955765
28 -72.26878825158136 24.680249715408692
29 77.65942912366543 -56.96521786198239
30 -70.29770739417305 65.25274268527329
31 -1.6669832650499075 59.019945546193014
32 88.21244010405107 -68.93971934305121
33 -72.98277030255649 -54.833874151019366
34 -43.3692918862187 -29.580560699088323
35 -73.58085145530688 80.79262147195902
36 57.210160484967076 69.69857139372698
37 88.68556547021092 -42.13571840025179
38 -22.20008667279221 78.29559815607243
39 88.76444436602623 76.87125334326666
40 -21.053764495157324 20.66665114286596
41 28.200135530552444 -51.49955340762551
42 35.77858716690682 10.084460112501148
43 -11.222480706298029 42.82836489687389
44 24.427858377547082 -59.28043675394543
45 16.406998687506984 -69.6958574873957
EOF
