DIMENSION :45
NODE_COORD_SECTION
1 29.325667572828934 -72.19863384367838
2 -62.13129448455057 -7.419356197432563
3 95.58519594978651 90.03022149387354
4 76.51093636297597 46.290553953758064
5 -20.234468097609152 24.075737639320536
6 -22.275724967465834 19.153430051696944
7 -37.32687636412344 7.910566216438426
8 80.98958923815923 45.33877239306091
9 -20.544583085554265 -12.106997287211058
10 82.5244833281649 5.79923406578358
11 -4.906574706002999 -46.074194271477275
12 -78.97051094998864 29.327136127412103
13 -92.49858103176449 -12.317313630727895
14 88.76172264527551 -8.623503833645671
15 95.79362917254838 80.80796687750723
16 -78.85961515963011 0.23195268808193248
17 47.879254879170816 -36.84099853807356
18 50.315032557016735 43.89483853523075
19 99.39877697004198 55.5750209108088
20 -78.39598663404557 -13.90410602088798
21 -4.883940014226823 67.32006125928743
22 -33.56280162304179 -53.86689375695761
23 -55.76769541227677 95.26180096055396
24 -98.58644945076908 -25.227808783518498
25 82.68947390508222 -49.9879237628783
26 80.31068062198676 47.236369499039085
27 -21.617607286879092 33.66902057551812
28 64.36012762657137 -65.6489534273145
29 19.300262218656954 24.464734641320845
30 -4.1713179291765385 84.19821797264345
31 9.969931541051594 85.53656936496023
32 -39.077510568722 49.17433942995578
33 68.1747290368217 -91.79598521543085
34 -89.74248334500874 27.134526790397828
35 -38.225573522166734 24.547423496580947
36 68.61615015569595 -49.65496330381028
37 -45.44684770799139 79.74870460666546
38 -89.56337304170934 52.25500270700579
39 40.3740353288369 -58.43168119897359
40 -96.54171354735928 -30.362559778885625
41 -63.47949584057202 42.49684218855967
42 -69.82761375059067 -3.5612875941360045
43 -20.043940655218066 -0.46646236378845174
44 -14.795409399970211 95.7145541068808
45 -75.66427131094657 -62.79162787850567
EOF
