DIMENSION :45
NODE_COORD_SECTION
1 49.465035866239305 -51.13416984924133
2 21.490081043591715 -41.87236779519545
3 -29.648709003889607 44.41837728213039
4 45.759361334819914 -53.40887667204572
5 -77.3058900473313 41.419826274672204
6 19.089154332171717 -89.68749127260571
7 82.91868815176517 56.470599489127636
8 -37.92910354915491 -57.85237495701647
9 -17.27459612620754 -17.117764183109557
10 -91.864862544661 -86.68730061047091
11 -94.277245826236 4.961347389799968
12 57.83953798178547 -61.62777726794238
13 67.62752861252164 -81.0175111932819
14 -40.97549707902894 -22.478219065411892
15 87.53345923724797 -48.396943338686846
16 -29.95527566527558 36.157334858918546
17 27.476073236564318 87.76248787791653
18 98.63646640253316 33.63637819981386
19 28.498179597627 72.6470569686023
20 25.581904091359448 -43.699343459279795
21 -96.35317566061555 36.09061594498485
22 -79.81647516712644 -15.755979073446952
23 -38.190786248579876 -97.17929990550587
24 -66.33692259565356 86.97313992598231
25 31.021647081618312 -1.751482698553744
26 16.95108458406827 -79.97714597243933
27 -74.13796746291743 -62.95967413144466
28 -49.065360761787915 -77.24804789589447
29 60.76316673780727 -9.503148884695477
30 0.08255575290134232 -83.0406352899905
31 -50.43952006075463 68.80639339234764
32 4.46874885510546 36.624586238548034
33 -48.68544568886375 25.526348172110986
34 10.566068779439107 80.99047239207161
35 23.42522257112185 -5.813013405462897
36 -92.21551056626345 -23.62957246942385
37 25.280693701835503 -99.29968827372151
38 -14.42087167647692 -43.52386561909876
39 79.16165416769348 -39.70407524400983
40 55.05504371188832 -73.27396833792514
41 39.8468894506714 63.99491566282458
42 -10.652584239063373 64.90881772023417
43 50.34351879175861 87.17177793538781
44 28.657198714682522 28.74030854585456
45 68.39148046003521 -88.45650105529128
EOF
