DIMENSION :45
NODE_COORD_SECTION
1 -64.96082308834157 -61.76550662681821
2 29.398013408407337 -76.30585681916293
3 -14.831104686095472 67.51966349468418
4 83.73518663924705 -98.55380623814112
5 -97.61889108230494 79.45212414227353
6 -87.60276354130707 -21.473856455452164
7 -67.64725075379724 12.536457795570684
8 42.19639126714151 48.46427867294037
9 42.074706504231926 -12.190970545580939
10 -62.62058938241528 42.44970774531777
11 93.28281396393803 89.94535425881475
12 -61.757668707552284 25.091214998100526
13 32.628695757160784 60.055095425281166
14 -52.640322746282784 82.76481332305056
15 -74.57239505778044 -78.80861512811437
16 -0.6526750380626964 29.187917749179235
17 98.29700221755945 -2.3599639029032886
18 54.179827934884855 83.52405609708714
19 75.72612333749578 -39.65651938622743
20 39.434423915064315 -61.763855578137104
21 -3.406573652382704 -66.6468395393049
22 -66.56429786230692 27.070458411620322
23 -21.12473558683476 -70.00673903217285
24 -70.87370639722906 -72.03264773144275
25 64.26581945588194 -47.54226076790271
26 47.59062556769905 91.35899954592432
27 -80.84520589257488 -15.148438114551823
28 -19.489709245259405 71.22841652547004
29 -5.614047741663384 37.22627429445828
30 32.43115148827383 -45.53195080309378
31 -46.55379747854689 -43.05103325911694
32 6.573902318195152 -66.50961210629274
33 67.21138522593341 -86.217144748114
34 -67.97870630432996 -52.29298914370255
35 -56.8983753582127 86.34662046363852
36 65.46688090962928 31.406581568068646
37 7.47551948404697 -69.84104780050022
38 17.311613376306695 48.72642006498495
39 -7.680873355813091 91.2635064521557
40 -50.253718564286245 70.82622230694619
41 90.76217466737626 -55.53119915594556
42 -26.440736452864 -43.96328951051443
43 40.68058534574189 81.526500727913
44 -69.23935399209068 -69.3300904751945
45 -28.379155816446485 52.11065010333931
EOF
