DIMENSION :45
NODE_COORD_SECTION
1 38.90240174446913 -74.77100784691335
2 1.663105531921346 -33.892477974890056
3 92.4271455607165 94.23404057439495
4 -70.99111169673351 -36.39801287109614
5 64.4931261822706 -3.852534072125067
6 -57.98333437377066 -63.25208500270276
7 87.66444453203891 77.28015807195291
8 -9.554830491915368 -58.72477450720916
9 16.337635670376002 60.73178354648627
10 -31.13092210498867 -45.471274991114626
11 55.077406539783425 -51.35108476572079
12 -77.87829287405195 67.75510604832638
13 -9.033597193690284 -78.16631273585773
14 89.82560347873437 47.55747097156359
15 57.39207458754356 19.252975477812257
16 -14.108929050484534 87.05570009251718
17 -36.07968212277741 38.78726773027134
18 81.71442177917385 16.70503914152637
19 -84.61790264135476 90.5973377566369
20 -84.09082647285955 25.389415027423794
21 -86.97414394511252 55.77601835367389
22 -11.245041074152226 54.319960413223924
23 81.56503888167407 55.49134013550372
24 16.150592130636696 69.43330807406599
25 -1.823377161837044 -80.38362296413206
26 15.709198622948435 -7.601648312365782
27 12.983186094186806 -41.119701818276134
28 76.73489375466681 -23.995874822058468
29 -54.7225334333266 90.864016087598
30 -73.82787882658269 -53.384387556933575
31 -84.2749266967935 -52.29695467608428
32 -55.779762533084124 -95.45173312470929
33 32.00747274426598 2.149159769942983
34 -93.84245164791527 -27.37379618008866
35 -16.156020951053634 -11.318449316561114
36 31.020550034894 13.852940258709154
37 -76.94196951389063 -32.352852938361764
38 -96.8643274551453 1.0377637700060376
39 -94.67037221859292 82.94898434450522
40 99.10244931074851 14.384768846699018
41 52.502263476252125 -2.409536040249492
42 -99.32153413052977 -32.534255979003504
43 57.78940699058856 -43.57765254572696
44 -96.88178720995329 -82.33792669783887
45 -99.04796487898437 21.7286014961211
EOF
