DIMENSION :46
NODE_COORD_SECTION
1 -71.32544568447628 -30.281262562072513
2 -53.44163525597152 -65.93889058024112
3 7.647761245002556 -90.80731070899975
4 -24.545954837388706 91.88321928414044
5 99.0894959153618 69.94896339577596
6 -30.84487467869495 0.2177529415707795
7 -8.915689441914438 -99.83881863623385
8 25.17884329665864 -31.437538534484588
9 -49.58537420594731 46.13058269024063
10 28.91020847245781 36.14882956478678
11 -94.28140105602725 -44.402574447803374
12 65.92375378368055 96.88019347005786
13 -4.876516140595342 8.102556638862694
14 23.112374493416382 -4.792579422689158
15 62.418145381820494 -97.78511809053956
16 -62.6059717768358 -83.00390571509539
17 -94.44500349160244 0.7294726288349551
18 -63.88138139476063 61.353160021681845
19 82.24823662298004 -62.51995045895144
20 -20.101072547939182 -27.454776855291186
21 59.661810233142546 23.198781418047986
22 66.44101562225063 35.55453821946816
23 58.65699840113794 52.895280331386516
24 83.05113147170528 94.48295810229808
25 87.79623490606582 13.515759289669546
26 -94.15231600367986 -60.07193840674074
27 -11.723778323099992 -81.81752720221527
28 35.3083747111547 -70.38012526170726
29 18.18998929335558 -47.89752549830788
30 30.634215454553015 56.020444105825646
31 -7.005848260452652 -94.72609497593574
32 59.51366513766686 -44.74714604939065
33 68.78410004307705 88.40704119817349
34 15.221714536916082 63.64012261013343
35 -94.04347974067488 -18.983587272925334
36 69.5902616957002 -28.70142560061801
37 -16.9348875756761 -55.57066855487118
38 28.237780840020093 -3.355646613829208
39 44.15200576125159 47.495244424131755
40 33.54769556946587 -88.66426035701285
41 57.56389104812146 -0.9305341892976315
42 21.236630427651733 -17.911890857416495
43 40.238457748104054 -41.11625835993742
44 77.95506488470977 63.96224471453692
45 58.67331040748098 7.205326168266652
46 70.21465196136998 -20.858946869413714
EOF
