DIMENSION :46
NODE_COORD_SECTION
1 68.2966570943442 34.19614620043569
2 -95.56666506408806 30.064746432428734
3 30.30147202794103 -85.4971590916074
4 44.33765436622909 38.523433987356185
5 77.57332112796226 85.90587035107637
6 13.98081305541676 82.65395054782962
7 -57.1574340665723 41.667756459297266
8 99.38058450728235 14.94958234464454
9 27.54849394022895 -97.25050037818576
10 30.71588553444323 89.46396796042876
11 62.941433582640116 -57.629436495948205
12 -77.76130372054922 -85.42255592610178
13 19.913194996908118 -28.323271587506753
14 64.54290631658233 -63.069567107438985
15 -21.036615016086472 87.42516172243867
16 92.80452465067862 89.17155333677633
17 -33.56443856804614 -71.11477117635441
18 14.959435400517634 -28.91773950512348
19 39.133891774896824 68.69260895787906
20 25.386187669381684 1.8037779963362937
21 -43.342589497679064 71.18328259202067
22 -47.48685087960007 -19.693708940690286
23 19.265653847444455 91.7731113249865
24 -7.129356715597552 21.904304440538198
25 68.81590275801952 62.23770100003483
26 69.46047669491475 -99.46379573410798
27 51.288926199074325 -90.71360676508955
28 -81.08328195577074 19.69009772541945
29 -78.35342552762476 87.61321534302886
30 59.78310511639836 -40.72793793273792
31 35.241288501747704 -26.35329519930798
32 -76.6658127899528 1.3770291213172783
33 -85.27606290306049 -37.49035354696755
34 38.718656128955985 24.836589220276736
35 7.373177714466237 38.23869800782188
36 55.805100135511026 76.58195925800587
37 -45.00405344131815 -53.89693284463873
38 -38.03822279528213 -22.725382876197386
39 -12.97466506199703 85.90042464187405
40 -96.89630249696772 99.3209883236353
41 -82.83143450411697 66.39721400268175
42 -45.308113807806684 -32.69826410290173
43 74.93453005163033 -86.38024260613655
44 4.971062115406923 -25.989807194221882
45 -64.40333984440008 9.491420277397737
46 10.583839858065062 79.70862357123383
EOF
