DIMENSION :46
NODE_COORD_SECTION
1 -22.485186467591674 -93.36914340793014
2 18.830912547170882 -93.65087278147672
3 47.19564368088467 75.80257717122365
4 91.84959684544424 -4.934812484480801
5 -93.98318918661805 85.47315796604173
6 7.722528486069976 -98.95286034223159
7 91.48727863544792 99.07633212286558
8 50.16372402982182 34.93570058238555
9 -78.15427658272694 -31.91234037848585
10 87.07337680851111 -99.35894662708588
11 -25.039902464749673 -13.157673123119523
12 -52.5205656617499 -67.8793230294767
13 88.69723828136188 -34.91081998832499
14 -34.4300615768409 27.132273188087282
15 0.02942209178287669 -65.57517351118341
16 15.040086162810496 -30.406048655376708
17 -77.62876609699106 38.54062157249783
18 4.829379330484244 56.59773927643852
19 -75.88328458143991 22.254498893150682
20 -63.57411593967686 -98.21334717680202
21 -83.92664752763429 30.58859231879447
22 33.266191663946756 -26.280347733105415
23 -18.533990257653528 -43.30725173159211
24 -55.63882742759816 -53.987314332930225
25 89.41038801692153 -63.7970081253709
26 -2.8707812592683695 -14.541663861147612
27 -78.76765348208372 -24.336846418183896
28 -71.4797378888859 84.99046475224765
29 8.735776239184318 -76.07312807309022
30 58.86532167738878 60.274367285728005
31 34.49840473157866 47.996289892283585
32 89.48802993696853 71.8670554422603
33 -23.498542427312927 -41.45720757093687
34 2.9659995149706333 -90.69371635226919
35 -7.124389847183949 -54.605801185380145
36 -75.9684093350421 -20.848988728781336
37 -62.72769771993072 -70.43806264999175
38 59.45312653170666 -24.089879986050605
39 -28.654022684809874 15.920706747634398
40 -23.160820512399965 -17.039853030472287
41 98.05941829225748 39.44223662730988
42 -94.83988280230922 49.966995477268426
43 -21.999087089129944 -62.07611441876138
44 43.88266623034295 -76.00948210822153
45 -89.371482798551 55.44171788659136
46 52.964785267633516 -26.63496658512601
EOF
