DIMENSION :46
NODE_COORD_SECTION
1 -69.19684852322175 -83.26957117872297
2 86.1903988202624 6.230202384818284
3 -95.61068725548208 -74.80483469472519
4 -44.97009667730103 -4.4047900328697835
5 74.65869525164425 -87.0831849496443
6 -36.9440773812874 93.57810503739549
7 65.9163243674401 75.13213934069918
8 -18.164433772509028 -15.363935667326828
9 75.07828130129826 -91.09132433042475
10 64.70682855103388 59.722798358134156
11 58.79803664737213 -7.679087649682728
12 -61.22934627871266 62.66641692006027
13 -81.98499641828985 93.83829647986167
14 -88.5896682283487 51.85742384381385
15 -16.089090510818664 -66.46239971949697
16 88.78084478784666 -38.152386885958144
17 66.48611805688242 -73.45869724476228
18 26.56234107610858 -51.12522229127976
19 65.44466482583482 79.12261168215383
20 37.37350839039587 -65.0077646674797
21 62.803274326221185 79.20689499024434
22 -35.40785446288612 -72.60391500229575
23 -82.3838268738245 -74.46166665882525
24 98.93181741525513 -17.292607744240257
25 65.43415404441205 -26.43040800758895
26 61.97503234490793 -89.61964581243909
27 88.59284101394502 41.17151391807474
28 -90.03507079014783 -34.92830712562436
29 68.15166621453034 13.548754055688377
30 21.509068075334653 64.72054943611883
31 -45.71828994404319 14.28646671327165
32 -75.54957939244771 89.25216971011344
33 -0.872997827982914 68.24207624930983
34 90.01226443312345 -35.76716969558318
35 84.64053414679267 72.03541607555371
36 76.42525846398658 -85.53260753337443
37 -52.3772117428988 9.1793498899698
38 39.596433709453805 84.44509164100947
39 55.167067899667956 99.43225609179046
40 -55.0184155056118 65.70302007297866
41 15.942598760163946 -44.25727157461532
42 12.673923708872906 -54.408909293318345
43 -73.77716205881251 37.19587471198699
44 6.823507519768384 97.58603982768108
45 -55.70696415481231 -67.34024741624359
46 -59.146446224086205 70.21637485710411
EOF
