DIMENSION :46
NODE_COORD_SECTION
1 -26.345283764806737 12.961376721236363
2 -88.44518583430332 -70.10004775302441
3 29.29072592959929 42.21158308729224
4 90.65431783048945 -89.2486307101007
5 -75.2259770211576 56.941748212339604
6 68.21590119788766 86.76843868240624
7 98.13576729742582 -40.502093351501856
8 92.10341300462139 31.397327258133032
9 13.261051040967857 8.800580765729677
10 -53.552904622778044 -82.36008497881808
11 -40.95952468429908 46.84133067216544
12 -47.58920074362803 50.17676082963507
13 -55.52696302088618 35.3166541446588
14 85.04291735225911 -39.40327804053734
15 73.1980278357644 70.69147872000073
16 -94.9791584835741 -6.111130212522724
17 -68.08963166441939 -1.4764057906749173
18 -79.29965911969316 57.51622610069688
19 59.340224970577964 -68.33070169071308
20 -6.267227092272492 78.80493402746046
21 75.95441946071765 -7.970213726205344
22 80.61466343227443 -77.95334491639434
23 -50.7363469886476 41.78665974112789
24 -37.1143235586461 53.625838062917126
25 -54.40388971340331 47.614191267966675
26 60.29264977109463 -88.35216482287093
27 76.4246766029043 30.144926767069762
28 -55.91114671692434 -64.0423911538063
29 85.81140779472389 91.00426107204149
30 -28.260779412299783 -54.89687673650803
31 45.259568700895244 -18.981196877550957
32 -50.346117170324554 8.711309864447188
33 23.240112856027608 75.74225444414014
34 97.17389941895581 -43.09119796625358
35 78.88595148848341 58.23168817430323
36 32.8845673303278 -7.1665137991639085
37 -7.175950631231814 74.0461871614391
38 33.43335698675628 -70.05284865920582
39 92.84183542379921 19.728754815111515
40 25.381052881064974 -37.226572477181485
41 58.061026684813584 -46.428370121382834
42 62.21616634491173 -2.1505548372629164
43 92.51854731494802 -23.74595009457434
44 11.514356780535493 21.093483921773142
45 -52.469249635545204 -81.01932475917046
46 31.326130324772862 -41.54481900112603
EOF
