DIMENSION :46
NODE_COORD_SECTION
1 86.636921101106 -74.21434444037635
2 28.78954172863743 -31.89261328478443
3 61.95007620861813 -61.15314777451937
4 -97.7325149075972 -25.343237302276677
5 14.232182505830608 -12.963955512832143
6 79.28444020244532 -71.6399019667198
7 -49.64475055808746 -38.33194907702355
8 -37.33461320653333 52.2199234369684
9 5.047674547465306 47.23512925476635
10 38.30017169543103 86.71074455946939
11 84.85025262121141 -48.417630139886555
12 80.16335261513689 -44.85370213531965
13 59.34175035336784 9.648257691712729
14 6.329835004413624 -67.0749782118055
15 -12.20054849149625 -78.74996926269077
16 64.48371299901643 -84.00326175695196
17 -29.5635786603452 -14.06731823071567
18 92.0190608121932 77.0576624615993
19 95.58396029200938 31.689463205990307
20 -56.3167570171571 22.394855518130157
21 17.664175528659158 -0.5991842432612913
22 8.814634053305042 -82.03466089590677
23 -54.47574071104712 -58.87228561377815
24 50.57839041857278 -59.790872587063504
25 46.680496418460905 17.93443252604436
26 -8.79463687025617 25.259536405034936
27 80.24672132677105 -58.29507929929845
28 -59.909133872328546 39.62808274802896
29 59.79840347604403 -4.544086093464131
30 -84.28849319633618 -23.894415957172782
31 -82.84981950779468 87.93899406162492
32 -52.33005108360551 -9.465229163174385
33 89.00115725675795 50.862963798502506
34 -38.22103992947421 38.27417241896134
35 80.62888033858178 -29.14317281616954
36 48.947665403809424 -56.41317610448624
37 -25.710518485924183 -36.667131345538316
38 -2.2654737690261726 -59.14848939716655
39 -55.291997704044114 41.698249036885784
40 -69.2168605291849 63.408337706032796
41 -79.98050552384078 12.902706586545804
42 -73.04159357054499 24.01445342621919
43 -16.251937799407727 39.09898603569195
44 33.85235621952566 30.299796515646364
45 -48.112410105487015 45.23162398142463
46 79.43027411100044 -90.72316697584844
EOF
