DIMENSION :46
NODE_COORD_SECTION
1 -21.125619841194634 -76.34112660668805
2 -23.06043478418036 -23.127671493674896
3 47.21859564180639 89.45153766782428
4 -16.194885161987543 81.61319212098564
5 -22.21208684825278 -26.19841435335499
6 23.086646880575017 -23.987453870333695
7 -38.78667023526114 -91.98754248601301
8 -94.82489197860642 24.86625419617505
9 -44.386316091625446 -53.16790945448169
10 97.75656398437863 46.58415482255913
11 21.81195478471642 -92.5713510806662
12 -16.32620491714529 1.844299516338026
13 -25.55695074041833 59.098135548952854
14 -80.83272275447273 93.27267529640483
15 15.8292456818683 88.83198952009903
16 59.078764409138444 20.514747895466584
17 89.22609067456321 -10.838018450012797
18 50.952314041333835 46.979458444752964
19 -60.98187979889404 -32.76135430411719
20 -83.43085321117243 -22.299821735382224
21 97.67029717670371 -42.11136802194409
22 -62.69576934824248 -77.82872601283066
23 32.717616951211824 38.43541276607837
24 -61.20586171857134 21.683048660037855
25 81.80193211853432 -10.643184886326807
26 30.757239001757142 -42.40828999127477
27 -20.25838817886911 22.39192343927428
28 -0.5912019841981788 25.12534820117409
29 -61.15385178519064 -93.50101584430406
30 -27.234742307103105 56.740642161182365
31 -17.835510523108894 -37.89502249249508
32 83.23338108099358 -90.29056278305538
33 -50.91770851292472 65.37656754394322
34 37.23161209700319 -5.47197690369201
35 93.66006791390654 -93.21872963586057
36 -31.807511720785016 13.906353285320478
37 78.33049279145476 81.99669384431047
38 97.14663585182186 -93.49176847411536
39 29.049958555418414 -41.735275836549214
40 -45.80980097329388 -54.72223963156351
41 -37.27413907685089 55.57672949740012
42 24.489444725074037 27.101238929430266
43 -76.28232373689528 -90.38526950690688
44 74.0775272867578 8.7179007646712
45 -26.563425845174876 42.162759860491775
46 83.55014263743999 93.20685267570221
EOF
