DIMENSION :46
NODE_COORD_SECTION
1 60.87419923401782 -95.22596230601819
2 -2.4442104768992863 24.998183495767037
3 -74.45072436631104 -26.369467650764847
4 -33.52766958614231 -9.853506756337566
5 21.997656909508095 -85.05971248378414
6 -21.496175459939494 -41.574187203311965
7 94.93678918489167 20.333575495020156
8 -93.18845457406346 -83.76375900352768
9 38.32041478328543 1.9879875420249107
10 98.41717311341057 -12.433877946784804
11 77.74132428847656 -16.453176492990295
12 -40.814455326814866 -99.45587308449267
13 -80.73116282155175 39.431675352799516
14 9.358921008658712 73.71429979750067
15 59.917443627690034 81.31018659137482
16 -92.32873701562991 -31.841700937576007
17 -19.0802449667093 18.019094781464332
18 33.672758445252214 69.75316856515349
19 52.203434393769186 74.03155101826113
20 -9.253861929537038 -84.73295767974291
21 64.94825290758288 -58.4029557405072
22 46.39819636652251 -43.340749271338886
23 -21.173820153392725 62.9710052330509
24 61.761181494403644 -30.13470797951257
25 -78.49631298154497 -8.30945056481221
26 78.84054401838338 -42.4886856463397
27 -89.78762757122259 65.64157475622412
28 31.896932742374844 69.41671087552825
29 -21.3298325394115 -60.298275186188796
30 28.45193035158144 -29.59243864088768
31 -12.637659296833377 72.03270880540936
32 -94.2413849532969 -78.1223799797992
33 -28.83222870697071 35.63445447685652
34 -89.82040411705546 11.697802801662078
35 35.54270650511549 -64.43721682010262
36 -30.233351557213894 66.48893265967973
37 -49.04927588232477 52.25124023976929
38 -65.5622430980638 10.936793996049204
39 -85.04584797010372 -97.33317789192685
40 -56.50113297763153 0.742463083865502
41 52.35881236140426 13.568420321100021
42 -53.14078945656691 -51.034974881981476
43 -93.96947632276171 34.92578257419302
44 -45.85936390129915 89.9277789171739
45 34.47825047584999 -13.403984014689144
46 14.982996024079085 -19.476798903641296
EOF
