DIMENSION :46
NODE_COORD_SECTION
1 16.570590242899613 -0.10763726321543743
2 -2.222364242283149 -81.04352519165734
3 -38.745514481316555 -21.37604418864649
4 -18.523314346210682 -36.74095349320241
5 23.376890584264842 0.767960072116324
6 42.181685833934836 -60.107397655490715
7 42.668483252849484 75.62978967557785
8 -63.379436178786165 66.57769539001967
9 30.10899639819806 34.57881616136166
10 -25.288128288427885 51.13775432564748
11 17.371185967006127 -13.218288121125951
12 -63.61328613293189 -90.53410775433204
13 -74.21821387774885 -12.406128514652679
14 -77.70163732172597 -5.861330269537788
15 9.566218862297433 -26.747191397624007
16 99.14341462463597 -37.191012770990504
17 10.370536416277986 49.30627834859837
18 -51.83005816954702 -60.07580977903082
19 -76.46950704268406 85.24713848166607
20 -45.45036148344182 -19.020371989003436
21 21.284360767722617 64.11589020525378
22 85.64251274886027 -64.56808899949327
23 -95.89748899342862 -36.62906797462255
24 97.78424956602953 -77.43981757697256
25 58.53347565714404 -97.88427899272085
26 84.07798981117921 83.9778737197287
27 88.44266756856987 79.81089584080178
28 -70.22632948380543 57.16128438334786
29 56.24657102457749 52.88869648472121
30 77.16986545978165 -73.72440031527059
31 21.721745830826578 -51.774067972153894
32 18.574387254218976 49.742876237579196
33 98.19452973983493 96.2208650407297
34 33.7116829227366 -61.58934492185146
35 -40.6060662465185 81.25844973729122
36 67.06645980601044 63.84391277466054
37 -75.02324059370062 -46.36260237832839
38 -98.99535040831483 -86.82291927992173
39 -71.28948405475879 -75.42839839356304
40 -77.88568279901776 -24.872972964999434
41 30.526335007715545 74.66758745843148
42 1.0606985308246948 41.18183486625293
43 72.13055340250412 46.31858779541599
44 -89.64887382776088 36.6443604250299
45 -4.409717217242701 -38.254929739254706
46 89.7571811665517 -41.87640501861149
EOF
