DIMENSION :47
NODE_COORD_SECTION
1 -93.41952593346241 87.90702282357302
2 27.560934471318063 -18.037668340223107
3 32.27687629358164 25.390676408823907
4 13.025706193579609 -1.4026563163291712
5 -98.93322275737175 9.261803156977578
6 -7.930124675346377 -81.56084346437672
7 21.66236297531998 -26.626202766840763
8 72.8379918937089 45.24369332283254
9 67.24547356824618 -99.62627593419026
10 -4.8866964335222605 30.731846633354365
11 77.88985738839096 -35.58265319288512
12 53.311566219103696 -59.346033489240924
13 -90.0918405761148 -71.57239350964247
14 -22.110443790978778 95.89649355477701
15 -27.464928314778675 92.21621636464977
16 66.84908175725974 18.25111599228815
17 90.20961035079884 -37.798055458216375
18 -27.505931039350045 25.505849434632523
19 7.8209562624581395 19.123348508832237
20 43.324696915078164 66.80654144847102
21 16.633991664058897 97.05766274253571
22 -3.0708277013734175 66.77637378925937
23 20.21210690177537 -44.77825185194144
24 -43.03964506032874 -44.330092386301814
25 82.5065010848428 23.44491415058505
26 -74.239118355083 -97.12257203346644
27 -95.61730314833179 32.867649822429456
28 -16.072861118767847 42.38424198484233
29 -39.79335269687532 -94.66578535858893
30 -90.92111574763632 -18.671182710162327
31 -7.2857992811852625 68.1111877306808
32 88.32796210223279 16.59252152839612
33 12.239482375827038 84.9781557225291
34 -37.583975498729494 49.39299498269378
35 75.47913009892744 -49.59931992522475
36 -15.782121475870298 84.14203006221368
37 -70.67905730222472 -19.5901176239972
38 0.2834768026766028 -74.63187650353703
39 96.86709698950705 -48.0230916947785
40 71.31824092340352 45.292694227717305
41 -44.36637013844289 -7.915289075927518
42 35.97793910080179 -15.311732905388936
43 12.009378720820578 98.363581860382
44 -7.919075587113198 70.93570804138423
45 -88.59073786044836 85.0709884767223
46 -79.68299214126478 89.7369783711691
47 -59.841739785618685 -8.639778538659755
EOF
