DIMENSION :47
NODE_COORD_SECTION
1 -74.52576775779345 -36.117651421170585
2 -40.76667566251475 30.500692259960715
3 -86.7462141608549 -46.07998476085298
4 -57.32367480007898 68.68780535048029
5 -72.6654005950024 87.89277931768126
6 41.20707108909713 48.24047088925431
7 -55.83283001842365 73.85702962659303
8 28.008341573377294 76.34490649785633
9 17.706194985962014 -44.366391840384864
10 -64.96362553068357 -27.669372910580265
11 -45.90543098286866 33.24729614073226
12 11.692055345218932 13.839801012302615
13 40.376721448970414 -28.618582026317824
14 -56.06692194112273 -41.69277234645548
15 76.24629306793415 94.51102059288391
16 -28.39816876908965 9.215212018135574
17 30.684954520693566 16.791897670254883
18 -69.77985308420816 86.62636605853959
19 -0.5494693722187378 35.446976783387356
20 13.228732425090499 82.78667520366253
21 -25.275712446118277 -71.69440351399686
22 1.6256621479644622 -63.86991906654824
23 54.82878458662864 -60.68477743877134
24 40.18473032232785 -59.19504268783915
25 -80.22084259109283 10.259242226214951
26 -47.0887144625554 -76.11809689321014
27 77.53238923840172 -77.42142791167765
28 -14.880540576988153 -31.308699977338165
29 -53.84935333817362 -49.89116321800633
30 -64.50857486415222 40.278280499448385
31 78.69624848083919 91.70893071014882
32 98.70587984665627 -22.248404191495183
33 -39.47249297166999 -47.82913482555608
34 77.69939608040818 58.34215173649551
35 12.766174579716804 70.4648827015688
36 -55.64899799630716 -90.72411377125293
37 -78.9411891050135 -43.71220282929262
38 28.35678221821746 -53.89514931081638
39 -24.644039744418606 89.04669640404387
40 -3.7120490885882873 -50.070706289256805
41 -45.71545709762779 57.82414172803851
42 46.30230321892682 60.982697757068536
43 16.790520251974186 76.5350163236792
44 -11.29433671407341 -37.65923017160109
45 74.08033400114621 95.39936295088367
46 -91.46364150920402 -44.94557417107528
47 6.491302198498488 48.0194976034
EOF
