DIMENSION :47
NODE_COORD_SECTION
1 -44.05053081717196 25.588422637685085
2 -71.06122928801537 46.24619968094592
3 47.64240210798039 -5.253656328061254
4 21.298262249199666 14.91553979194886
5 -86.47567303718684 77.39034015040852
6 -18.682838482625286 -21.05948829869631
7 49.505089020281844 -77.63608140476506
8 52.12457272242568 40.34318220590717
9 75.6221560831246 78.23890573693873
10 -88.1893104383633 65.81890464612022
11 -31.021299254767115 60.801383959960106
12 -89.05777803279248 -47.13833321362313
13 75.24098570934316 81.08088279013404
14 57.84186191165199 86.98989865162426
15 2.9736209092623938 -63.70292751996516
16 -20.945171737380505 72.62286581166458
17 -3.307204857284745 84.26232457276649
18 -10.347805680749175 -21.053291925190408
19 -42.63077597490772 -28.807500437087924
20 96.49720670248905 -67.85168518994271
21 -66.78598875763825 63.54244078426484
22 27.32737422525635 -93.3157150378737
23 38.932251921284376 -53.603315158850194
24 29.481680630437154 20.791235038690473
25 -21.769196149650156 94.10995253221003
26 14.328813931925708 -74.76713223225462
27 42.218074204620734 93.30608115409288
28 36.92890289403138 -10.681824119870413
29 35.4354289518721 4.00810693033462
30 95.18777680707183 -65.48571280431597
31 41.61116928682668 -18.413744248146102
32 8.739352272471734 -56.48347059651844
33 82.82984024551354 50.3746484595905
34 95.0183346340144 81.42726092351018
35 -51.33906026521522 19.221686795796018
36 98.46185297145303 -94.26580309600044
37 -24.107155812174824 -40.097026551667135
38 -51.49452840902189 13.067954413887193
39 -55.130749370186585 31.239872081771523
40 23.015272108810606 -26.74240440699613
41 -74.97297336223465 -75.0692664842547
42 76.02449909677077 34.992050002490686
43 50.085850888757534 33.51597447952008
44 52.119720732851505 -47.565668554317654
45 32.441739576272596 -3.437863313703261
46 54.548053792992164 78.42454931449373
47 -63.33205744717252 -31.93568126634574
EOF
