DIMENSION :47
NODE_COORD_SECTION
1 43.09604760080603 -8.435927374471959
2 98.0277967750093 66.33603863917153
3 -52.666130137228095 19.284518756430174
4 80.04765199355373 -83.94252634284115
5 -77.6787836368416 -1.2924965705523732
6 36.83534805511624 -99.57686115636095
7 28.117149110769304 -2.1138083766455367
8 65.20280889134972 -17.903782076216473
9 -37.29902215877421 60.6660983317617
10 -23.656985481284792 61.32901920824395
11 70.52611599623535 90.24474635197402
12 -30.234064697525653 -97.18315351870528
13 -4.396898265491615 2.9211603897026066
14 -36.795264700508376 23.113421280402477
15 31.144244893558323 18.569630235450447
16 92.73158382259709 -13.119388307614102
17 12.528925187176526 -99.338734231405
18 -42.325703078826905 -2.8408439966175933
19 -23.674863402532665 -63.8041446893606
20 -73.47368814418027 33.01126957580996
21 -34.67054315634152 54.69566479836368
22 42.89428948604814 87.30002228894031
23 98.06413255573187 -74.54818984021773
24 -25.371023806296876 88.03438336707242
25 -59.10341977751155 -56.496999845641604
26 34.63677730438138 48.62304712594073
27 -78.0768448511106 -82.634608626583
28 -31.529215334470862 85.54403469164379
29 7.985586210357326 5.321462161506261
30 -48.348182904616486 -33.648746163032996
31 -70.33496302597362 12.11478962276908
32 68.77138141413315 6.603241722429004
33 83.82534270940317 -45.8132536550969
34 56.7801811528706 21.21327908881638
35 69.2535313091226 29.130149805883065
36 86.46726097809344 53.88432185341304
37 18.17225822399415 -16.176011639849605
38 28.986491621960994 -42.29396218169184
39 74.87536953299588 -34.24762981970227
40 8.388661074741904 -19.344550912611098
41 -57.535591485198 63.29998033178893
42 76.46896681775146 -78.3432835538372
43 -30.359568982512755 93.35527037733888
44 -37.158727521849364 -33.980381662287385
45 -18.268060106949164 -21.658151796516464
46 51.002130273584754 -16.509666226484313
47 -26.38348207320614 69.8373738393226
EOF
