DIMENSION :47
NODE_COORD_SECTION
1 -66.8441975157503 -83.49232661434876
2 95.41837640694973 2.935516151136653
3 15.931622947103861 27.0359770665483
4 49.63697056907367 44.02018978803778
5 -20.478394710918792 -98.98673386319517
6 24.278406573694397 56.661363281881904
7 -93.66702410261911 72.74254643928583
8 -46.16584548587823 -87.73298105616274
9 -59.579318344015064 4.770494230916242
10 38.65081896478773 -82.94625284103043
11 -68.98476976722618 -22.835349990884396
12 56.173192344314515 -37.753336595123876
13 -97.19064947425251 88.90247756349191
14 50.27966045518525 90.48360229694484
15 -89.39773620298459 -27.62064349096562
16 82.57843566000295 -12.268601250293813
17 -16.24795011082098 46.45665337904035
18 -6.990466252892219 75.06126726447303
19 94.98809688801674 89.13507091939667
20 -38.1759677266494 70.91916652200965
21 -1.5128070320327112 -2.147462667065625
22 90.9887603142221 -77.93372369101618
23 -26.28160069161933 23.570008596637578
24 30.291008188546584 60.153655726874376
25 -15.586602863920575 -85.77749994143862
26 61.894519148377924 30.934269478762502
27 -83.87947284678606 83.77688237000055
28 26.824533883464483 64.4046273646758
29 -8.84760023852202 -64.94810376306896
30 27.83621756040371 -93.29270415895445
31 -23.66164081594944 7.620005865517967
32 -24.65255921806495 18.4147301515615
33 -3.155137355848737 96.52472595865996
34 -43.40670857312317 58.853728515323866
35 48.428152718808235 93.21110348828597
36 -97.11357888057468 22.41910698454103
37 60.83536283894762 36.981151964458434
38 -94.1562060476159 70.36407357099134
39 6.671693356939315 -66.54993838527948
40 -9.332991616269524 10.343949403094356
41 72.90276110840071 95.89305106392254
42 -6.960105656734157 -83.97110998157393
43 -83.73701321809591 96.03686821246805
44 5.933698517781011 -49.60964228017046
45 -90.80775271584864 72.76389500654975
46 63.586646952474894 58.80511933391941
47 49.52471778629629 -59.63900816906478
EOF
