DIMENSION :47
NODE_COORD_SECTION
1 36.05872533988381 43.15696241832086
2 -46.849712463771674 -7.255863102138775
3 -25.8851212519763 23.245115960988798
4 73.35951975615237 56.77436949604879
5 -16.88456344591029 5.588037884263002
6 -91.3785078729165 60.54708660173662
7 -33.530768779816896 99.03959958454877
8 25.187712156867462 55.63132398323057
9 -39.500347904827635 85.58891299276775
10 -40.03784919242322 -67.99128713230955
11 -19.858363737972113 90.37493031920971
12 -3.084577779416847 49.37857832476041
13 34.418080279452 -86.20845790250516
14 14.66081347560089 -85.22717945889873
15 -42.326591909350554 -43.524600526928815
16 -33.49803450500622 -2.8637890200717777
17 53.51868461026703 20.507762991439108
18 70.86359864956938 -87.30839721279247
19 80.66914225308832 53.95074760349797
20 -12.131792679671705 89.32377840459696
21 23.331631661703895 -79.12264354273799
22 -63.07679695107049 23.879551725117835
23 -16.474006720220785 -74.65613795867698
24 70.53466729586981 -16.804046008684836
25 8.70097122593323 95.29196727194372
26 61.16516663937867 67.8323285257249
27 -74.76818624819131 -58.84250271009655
28 -19.194962488217755 -43.1038044002011
29 86.86328932943584 -55.99883352028145
30 -42.97231987206666 -16.983144907642227
31 -33.11161020066645 -0.7337581388891579
32 -25.34865174025998 48.434775694721566
33 -76.17041559084313 44.80687588767188
34 -41.26881610496422 86.33879184040194
35 52.6160147540304 -64.3800381841422
36 -77.54296047722622 95.99732705864034
37 -3.2733942362445987 92.7524390683102
38 92.63399617501574 35.89375161157301
39 -58.50434167533369 -49.85494367004901
40 -64.2257848288042 45.99024852781008
41 -65.24605817610876 -49.28742080500859
42 99.43022096220881 -11.591572349881403
43 -11.794980787738922 1.7496557150931835
44 56.25128303072108 -54.77085392954428
45 -98.58697267874199 89.79042517651524
46 92.34620176625421 92.7779424632665
47 20.004609755453856 -23.66087149173795
EOF
