DIMENSION :47
NODE_COORD_SECTION
1 2.515681316524862 -7.4282074507592455
2 79.53771070995299 -96.90585326670418
3 -51.85702646778931 -0.6520420904782895
4 -70.26010248811801 -31.49546957658754
5 84.4739417594046 -97.00503131421503
6 89.58699786724586 71.67626806857024
7 49.87324447368857 -78.21718022822772
8 94.871877637256 28.425650130829894
9 34.59187079476206 25.660280839231504
10 39.342079541143676 72.12370393866698
11 -10.006554492191569 11.855861059752954
12 38.70488169159091 -85.28977742650417
13 18.402820856951124 -61.11425594459794
14 49.342194868227494 -90.63266768861268
15 85.74615973802395 -0.14130982887034804
16 13.298974116378886 -67.8316167724387
17 3.253240866381148 46.6317621475865
18 -79.1645241065809 -28.693225806579733
19 -90.1556881724972 38.284939529032954
20 -17.189843766539582 15.04861214720475
21 53.42538228605116 80.54674598850471
22 87.38665973242848 63.342000873143064
23 -82.83263680905864 47.216928151732986
24 79.03484786288507 -46.945081808207775
25 65.94607354198695 30.296468309450773
26 -57.477606350380306 -16.89733286545814
27 98.47168728475606 52.44919653865949
28 -99.42992259091336 53.264910458426925
29 -17.762264201155148 -6.416714749821111
30 -58.92962075548691 -10.718526274454305
31 21.27134604316079 -67.24493166928733
32 -21.754346196788802 -83.14499604870282
33 -39.232016299756964 87.26161790858345
34 -78.15138241363684 -31.522226297843176
35 68.04551607478777 42.70257574203501
36 -20.515459209686384 59.538968521271016
37 45.853955752878505 10.95585542617114
38 -50.63899105938927 -46.04232622239319
39 -68.07116217857403 27.425874908982806
40 74.24774718239618 -45.37382907484104
41 -82.22226862496495 -95.41307764334988
42 22.15554359467413 -99.76310850847905
43 80.0409288429536 -4.241432870378148
44 -64.78012242991709 -72.39436887875756
45 -40.63100133994983 -8.786177644638897
46 45.501344877459616 67.39263869983009
47 -55.38870580309629 68.13501786681596
EOF
