DIMENSION :47
NODE_COORD_SECTION
1 24.073256819057605 -74.55102776640554
2 66.17211761352559 9.612902784267362
3 20.069432076279398 3.1946192133942617
4 39.23298888694612 85.0332627306255
5 -97.5026482541213 81.2870617825474
6 -54.1853429427779 5.946282594701586
7 -86.73694091356474 -83.25124090380214
8 -0.4082792937239361 9.588886338191998
9 21.7704165257137 4.1597816894598765
10 -29.495353006599757 -68.69495064572999
11 61.69934608981475 -22.828861904756508
12 5.258084304341864 -79.84280724096081
13 22.866210543157877 -96.10432230831532
14 31.62758833717311 3.7282875854621125
15 36.33159805600593 86.65636555051438
16 75.07190811340769 -52.54231742738054
17 91.89735220356215 79.11068439335352
18 82.74985024453002 -52.982249557634574
19 9.361306179082376 -32.44099663854129
20 -2.107947819665256 -83.34750542488305
21 48.37462069623231 -71.71607855738252
22 56.57976437543192 92.06327679711424
23 -13.526696584643275 69.05648744883112
24 -10.66589097293496 -46.65897977119427
25 -79.16799549669977 -9.515627276674493
26 1.5210122004765623 91.60813496112061
27 56.51472886178786 -38.33388101652051
28 79.4285037012136 -7.552416091885689
29 -67.52629850323568 94.65464194836898
30 -77.0254583276664 -10.139415037753977
31 -93.72585373901818 23.522205893009442
32 41.35531017676834 56.40840375004521
33 69.49936561822088 -53.64184537931749
34 64.54526522936789 38.35786561739326
35 98.01696894869048 72.3198143918124
36 -78.58808574467587 19.064179791874054
37 54.76379753320239 -69.10406432586407
38 14.309815685786617 99.48887000947039
39 57.43349629661347 46.83119465411244
40 80.36987142028812 21.664448207854463
41 -0.57261233431025 -38.30070747282812
42 71.30154194027105 -70.91821137610333
43 -30.344201096974246 91.90125841913095
44 -93.62284017005933 -42.60998594481722
45 55.253513475062846 52.90462971897253
46 -42.6309059268821 79.46289285651866
47 30.9997024497398 50.82828142650132
EOF
