DIMENSION :47
NODE_COORD_SECTION
1 28.1511789417998 5.971084299902984
2 -63.17106822551626 -99.34529745364078
3 -68.33108323297861 91.61307503995795
4 74.07593084530649 68.89579104020905
5 -97.48976392782683 -71.10605921133492
6 9.566013461906621 50.46486501094242
7 -64.00342032014406 -71.9510415934104
8 92.16260663182564 80.74495612553525
9 52.710415031343416 -86.6729189910664
10 19.937289280081544 -78.0670045648177
11 -21.254026011182646 78.66553855030452
12 -99.56727885527941 -48.7030364654107
13 -61.48109876369156 -87.06828720789257
14 7.7771518968562106 -41.21391199752578
15 73.49544018493643 0.719854845010488
16 93.46806613620825 72.96999218925137
17 57.42833195846961 -86.52070676540586
18 30.494188074613533 33.69656278073299
19 -82.83689564975955 -54.21025296173703
20 -25.433395390825254 -39.477381472139975
21 87.80505645553242 22.88850712876625
22 -88.41868090450669 27.885293299045273
23 -67.98621358202985 -91.90668928666254
24 27.037066815616512 51.14629917427561
25 -64.58131938674234 72.55371613798951
26 -19.016084488828255 -87.94484732030845
27 -46.37468591652054 54.80294859432718
28 -98.82042747679687 7.841586761365576
29 31.0092816161399 33.87119019465504
30 -82.5179888477825 95.06142575351936
31 37.47061633649474 67.26032656549427
32 -47.89146103203783 17.484253855952687
33 76.54838982862026 3.8693379777730286
34 53.24296559452097 56.72524757707885
35 -93.2282492067183 71.99842779210368
36 13.574155517768574 24.98764074824271
37 87.8501517181154 -36.150819106165756
38 -49.2992269664944 -68.80363041409727
39 14.282171744171208 90.47701530408375
40 -57.06141239290903 94.96740652312076
41 31.18876951135428 -35.05866936913557
42 -88.08171817300135 -42.72849232034308
43 40.653478031610916 -13.562287178979759
44 -77.5367360166324 -57.68498741262243
45 1.5785822414725885 44.48574898204862
46 -69.41143114892924 -37.92550550261009
47 -97.9571462031213 -60.215040954468655
EOF
