DIMENSION :47
NODE_COORD_SECTION
1 -35.442619885610796 -59.330076434503034
2 95.76104917161953 -13.360600019352816
3 79.98909322149069 20.968863284850585
4 27.21637682134177 29.06794852026607
5 61.21258256596991 -45.99258769661256
6 33.346493665414044 -96.67902386259387
7 77.24011916638912 14.390412604246407
8 31.535810117706205 -65.37971376953485
9 -79.24925243385769 98.31435695017788
10 -10.065536966431694 -17.751025986329623
11 10.467320798554638 -54.18667650872193
12 0.31847647055600703 99.29169764923788
13 -13.478484401907593 76.06277888964746
14 50.251956255656694 32.474495408307945
15 -28.945798131750195 -25.165691363291614
16 -22.556712152628094 68.8729146778524
17 32.89999800610249 -33.64165708744646
18 -28.58633224054836 70.04635091300534
19 -56.943516094703874 26.266032099389918
20 51.0729420616542 99.19546011664761
21 -63.25994065054581 -52.05455215802732
22 -8.47565577230047 43.22870348147393
23 -91.81799113919253 -38.438586779868686
24 -0.6038569721094262 59.16300677516355
25 55.91990229939188 -76.84772435534337
26 43.22495378457566 -66.927302612224
27 69.19103851759297 -59.36900459905188
28 -66.10818213302977 -70.16014622413269
29 -99.86384734267335 -15.817962694620078
30 19.838962183811006 33.248337859102634
31 1.8732261059781052 40.45959157711337
32 -87.22849633295576 28.50278272910259
33 29.10276798727395 -86.84336041484639
34 -8.225021417012996 63.04289635408932
35 -4.242505416402366 46.92857392655867
36 -52.743716914085056 -63.437457699211386
37 -36.68905193080432 -42.680945846350916
38 -79.15805517341403 17.432033756311853
39 93.71106572347026 -13.750118936757133
40 73.34437454472857 -39.73877763961908
41 -57.49363678434132 -29.199355490854927
42 70.13324258100181 -91.87002841165513
43 -9.416082317723124 12.41818625496039
44 11.725718946151417 3.051728977715996
45 17.03988610906171 64.35964723972313
46 -42.86416587043005 -0.47512777641311743
47 1.0548839007130653 -82.91268965698072
EOF
