DIMENSION :47
NODE_COORD_SECTION
1 -99.10855305477659 -60.93553225056614
2 -2.754484581304567 70.93903054137286
3 -31.28413291797834 60.77349029724448
4 -53.81865642612822 -39.46580881057693
5 86.45638795242644 -57.92076181506367
6 -43.09596053004634 -78.31516927289218
7 -61.659513813335565 -74.73504453722592
8 -80.48065976286374 7.3435643065378
9 -14.325314345691282 -69.60933162175682
10 20.744429538168546 95.86061777596333
11 -60.40889158255667 12.335813508626757
12 50.01298432754092 -51.62824784342605
13 87.44486620983767 97.37316478662405
14 -43.53690720740373 69.14587368011414
15 -93.36691234835853 98.3279697006111
16 -64.40160537077884 -55.00302008110594
17 84.95781676906716 69.29039632581518
18 -74.61074690731255 42.40428284342519
19 33.256784431984755 54.013275856441965
20 -26.19264594980973 -25.226638774241025
21 23.877353307542236 6.541361573214161
22 -96.73622203921384 -82.68972497207096
23 17.670731469855383 18.282250104063365
24 42.14696657430113 43.26960704563666
25 52.53498755806052 72.64328470152387
26 -80.3662252546246 82.87648642560208
27 -41.862994141527146 66.52271517224787
28 -72.8267948966197 65.01175003735005
29 -65.70494849757655 87.3575601658998
30 38.51909823248846 91.78832628220397
31 -15.3947947502175 -84.90539458862187
32 -50.08548929892387 17.436152640627768
33 -67.75347957496614 30.365026517358274
34 53.00714814631121 -44.548082288726974
35 -38.49882136542497 53.3072769338778
36 85.30178628918773 21.758951684622446
37 -73.62226975612427 -88.1031942432221
38 -83.56790865398631 36.66169996282255
39 46.82678231970698 -55.69457644929818
40 -76.73905320186687 54.6683225189021
41 73.39027200620416 -23.27305461111615
42 -17.205179895389094 -31.206136072717044
43 -57.27304967725564 -13.729964288634818
44 69.1243464705814 44.74571395836273
45 -30.691751166331514 57.93314876437873
46 -20.92011590509628 80.43195135260183
47 -77.31972323779028 -24.659550010376236
EOF
