DIMENSION :47
NODE_COORD_SECTION
1 16.548711252543427 17.31366039391213
2 90.40907267039623 2.8830489213859494
3 42.81166478927426 34.950687629718544
4 38.960013155239835 -20.46879908788648
5 95.13594010910967 -76.88028320303229
6 -85.01452581902866 30.559505000266597
7 71.98920972702987 -21.883368040883397
8 62.427593022657305 -50.64615188123525
9 61.98122470031896 12.008761416743184
10 2.6060647534596626 -78.66249698555524
11 23.595456904413965 -75.05189595267035
12 36.51112823552626 -77.69280832649844
13 -61.71403691576758 -4.226780178567481
14 86.2485229243483 56.728290358689605
15 -45.30544919750763 -91.6870106719679
16 -17.83894195395294 24.203272122179897
17 -85.40500021659703 80.2197776561174
18 -9.371998157878167 -7.633372673186869
19 5.272572650061065 -58.17666636472774
20 -52.72989719764867 75.74838521002854
21 -81.60142192424746 24.411047395538702
22 -88.73544592734996 -27.31234660853012
23 12.061455063114252 60.50403869298731
24 -11.299131208830175 96.16646895260857
25 -29.53277422848805 -26.88717729019416
26 86.38502776006598 -50.52663004422327
27 -65.07610745524745 36.620197393851726
28 52.226083015990326 -56.10474071409934
29 40.07579179844228 28.853121839647457
30 -65.68433195710408 -66.82500519619872
31 -69.0444420725212 62.06943752959663
32 -51.962334639094166 48.26142817184646
33 -40.727109594365764 -20.000679529471938
34 -20.978279044863115 -44.08252895588567
35 -38.539153822079996 -61.254598018815564
36 69.4808820981977 36.04099328653291
37 6.352010541239437 51.25959785397595
38 -63.54976354085991 -24.907678301538155
39 66.95840349185872 -31.72129130099816
40 -47.33010899213439 -93.18878832277053
41 18.680533803385657 -6.98505846884936
42 -15.66763961058453 96.4451789233521
43 95.37269737228323 -17.438432344711913
44 24.64082222936969 61.00025694628087
45 -54.957079990254186 75.88796867966607
46 88.10134026642169 -54.435867176987294
47 -81.43213375316971 6.462384687916426
EOF
