DIMENSION :47
NODE_COORD_SECTION
1 -62.301230811210594 -65.45913894437392
2 -2.3457364481228637 6.954825829974979
3 -94.41750845391024 66.67526013395275
4 22.380114748142745 94.13650110553877
5 -62.38517372891608 44.03425756284912
6 14.000591338509793 34.00638473919511
7 43.111416319369624 77.65151201225495
8 5.304873842005904 -69.66058165527838
9 -36.67048371177961 96.33058503079101
10 88.66197883403092 -45.73496955864573
11 85.73667185371613 -39.858781614179286
12 -29.00499168193747 38.14869380198627
13 25.818778685525288 66.43206208965412
14 -14.725104770521227 -6.036760109575539
15 74.16316757975855 -86.27749417813317
16 49.726319140176656 84.50079305638778
17 63.778827264354675 -2.374825149985
18 88.78990938658922 -24.80975725522579
19 -48.907468871562344 52.989792494580854
20 -66.0134438839797 24.949112917752387
21 -76.21389352203305 -72.25189381070977
22 -91.81890542348054 36.412994001848034
23 -50.38328542872603 76.47872425845955
24 -36.65574754205265 79.0494560458595
25 -37.41142389746015 -4.5003210974901435
26 -10.23667227121561 23.077718739262735
27 -53.67895578385227 86.33568113956647
28 -56.24644949887221 -22.220797131874008
29 19.184626355905237 30.696028828898136
30 -48.72626074435607 -85.30173983875318
31 51.75301938392562 -12.361792180579826
32 -63.548656437947756 -25.603581672288
33 -45.654195907888905 -17.618673861284506
34 -3.1264148366013416 -95.16249240211083
35 -39.08693499156954 -53.727462343115405
36 -98.39705358325206 -39.854847399349104
37 5.239653634500712 -11.30129722266686
38 -76.77321291498058 0.3881311857750802
39 36.423524113579504 34.27453551056675
40 -68.14745959433944 76.21318076450302
41 52.808925891108174 -57.572291278657815
42 76.81135085080737 56.558892426895596
43 -52.967891578767244 41.54020953558367
44 60.93467866023403 63.348430126323194
45 -50.436661384345484 56.094531039591146
46 -27.380014772567904 13.972761824755977
47 -65.89392622793295 82.81218129219675
EOF
