DIMENSION :48
NODE_COORD_SECTION
1 18.75431693021028 -22.823788868144206
2 -9.113082507739705 -17.970990892918365
3 -20.77073316428701 46.24790847561988
4 75.88957854630249 33.521007464526946
5 -86.61540702477937 84.13444323093847
6 21.494982469975426 -53.25510888513214
7 -27.633816698697956 77.9109702819741
8 47.0419374980568 -46.35070058254356
9 91.26533001086378 72.52011122345169
10 -58.58929776341959 -48.721586010325105
11 -18.70350915336229 11.988080571224529
12 91.47518855725966 14.352396554924198
13 -55.871310218250954 20.154385277249688
14 14.267031984533801 -99.96221683188324
15 72.51247376972958 -41.0660903470981
16 -87.04955901042803 8.414944984429383
17 83.57073282310529 35.91926154146665
18 -75.44175430287092 86.56376679628022
19 94.59844420085622 -1.8297014509271605
20 -43.458828191668644 -80.14727769521087
21 95.9428265247468 45.32676640255454
22 -80.46612368958995 -59.06940087999215
23 -98.48798927237677 22.719209431814576
24 -44.65711744249894 -94.91572339871168
25 -35.313116357623315 -86.05786411510775
26 -67.98689650603092 -69.9601330295568
27 35.887341076500206 -57.60726765421167
28 31.93123256026584 78.94870427555753
29 7.770702036361698 -87.43273471637956
30 94.27575719901466 77.21375508502717
31 45.01665424071271 -25.553472877402484
32 89.72502577044844 96.97589811941273
33 27.879650341082197 -21.909325801533868
34 -96.8137182991438 17.493868796883774
35 52.16617222896096 0.602865561953621
36 79.41017280900482 -24.68453334326817
37 23.020962894410914 73.91020904052127
38 -53.293185126851974 -44.9481615305688
39 55.882792156815526 19.34954996832319
40 -24.41901404873839 39.73063679109248
41 55.19687521937885 3.8347386115522966
42 -48.04428002954057 -60.881990854224924
43 79.94774908839662 -27.579018103444653
44 -51.24502813947798 -54.93671435105107
45 -75.19717088508848 83.37114082372725
46 -35.03226789290683 -75.16554891784202
47 -53.36651286317993 74.36759610040264
48 67.9174276796389 -43.42353120963052
EOF
