DIMENSION :48
NODE_COORD_SECTION
1 -73.67989325088007 -8.709565249095803
2 -25.321313589039278 13.258020308405577
3 -84.51547723639679 22.564509013727147
4 -34.809392667896404 54.729062835563354
5 -52.15737909664888 -44.8866461836243
6 68.70648600742041 8.53994861551864
7 18.78817426165196 90.36386052208442
8 -4.296491285792797 84.16611812521916
9 16.081394150181268 -70.31911416807134
10 44.04060449325388 -99.4484164897112
11 -42.25492359240744 55.076140689934704
12 -24.283084414766492 -65.08931175976846
13 36.19643942545861 28.04400256879339
14 1.7366759826034013 75.14559389193326
15 -1.6185150611827765 -64.83205331491467
16 10.804411048034552 -19.98837151183048
17 -26.094665822661753 42.930535733888604
18 25.425831068114107 75.57659588111488
19 26.62846981881586 89.19885980397672
20 -1.9084704714164218 72.18430007201377
21 49.925416550207416 35.14639546903601
22 70.57191544033685 73.04650956818861
23 -48.22100226673713 28.91138710209998
24 -89.04635301303563 63.75171166366786
25 -16.890218438300224 91.0807938902008
26 -84.10086091718938 21.393043491105914
27 -48.783042673291746 22.128036888683567
28 -80.28754725967286 62.68185801985831
29 -70.06656850056424 53.22173597185767
30 -12.853604283214736 -37.672552855180854
31 -70.92555398374677 14.361769901652679
32 83.48715949779753 16.12747976129718
33 17.985723912696344 77.58799314292463
34 -86.69551900632553 -2.3721515972114418
35 11.473480011339348 48.04606872392148
36 -1.6432003127523984 62.874540706613146
37 21.12545205415796 -78.01615574889505
38 -74.5075255588258 94.69441897044618
39 -48.991525311762764 8.29090450992463
40 36.989751262871295 -53.894381430281534
41 -26.045240738576155 -81.01718136641054
42 58.62953005241374 -58.127429987722024
43 -36.87433560105515 -25.929172807828493
44 64.89685448451758 27.884509882466375
45 -26.73185684267405 37.54668273759259
46 -33.941687788131716 -80.04947610960915
47 -32.944222429357325 -96.24857603594175
48 -31.53572671146334 96.76826134254338
EOF
