DIMENSION :48
NODE_COORD_SECTION
1 52.027887016346114 60.09985961534258
2 2.9914273176127466 95.67121282426376
3 -72.82892583618312 86.21887958702516
4 -77.53774551457144 34.77911053638246
5 6.854849355651865 -53.53573813057382
6 57.16182009324288 52.38302977214599
7 -72.1747690800479 33.520218002494914
8 -94.18588303182021 -76.8076599815501
9 -86.23953533855111 -42.20601959351746
10 -48.257371314507516 16.690192175802125
11 -43.003508724519165 -66.66896794756714
12 -85.58481896511265 -48.370131015509486
13 38.71469201035373 65.64623607839621
14 6.946760612810991 -71.43909412657005
15 98.60875489434142 1.36471596548337
16 16.53420836944173 -24.232863876960195
17 47.273991281895746 33.35532760909885
18 72.64818267894714 68.4127971781823
19 78.03921430301133 20.07863590131926
20 96.90949163653093 -63.6431507225583
21 79.68756533766023 -25.839584423073774
22 -61.07179015147717 -36.99014174707771
23 77.4894790045955 -97.25933676563375
24 93.9858537849523 95.77169562243307
25 -62.80256781789277 40.937316093614356
26 71.2922189240864 -61.99751983223467
27 55.12866338140935 9.802780793300414
28 -64.34985429734776 -26.85676136143111
29 27.18864556891674 51.44053668271147
30 80.71303563930283 -16.483241354265516
31 -59.33526959965385 -53.51188585908566
32 -91.3784700463005 -30.49675909347765
33 -35.1542193940231 -97.03818557266818
34 -11.342797195254391 49.19940427829232
35 -69.99970254635826 20.497567870536074
36 46.652848013152976 -75.66629982792989
37 -21.027897339353913 80.31144402432406
38 -2.7495756854529105 -64.87552947171879
39 -48.370867725667146 -11.257648051629033
40 -27.300791771698613 94.931815352055
41 -80.37247729263976 11.028550016535732
42 -75.26156413626009 -5.0318774764406555
43 27.42968383982098 -27.99137870868202
44 80.21014109606753 99.99614758039402
45 -84.75831559647375 71.72666683616907
46 -83.60050265323395 -82.14226404521355
47 -99.48823853610278 66.4605121195145
48 -11.298444057397262 18.840203395237694
EOF
