DIMENSION :48
NODE_COORD_SECTION
1 -32.9829666351323 -94.5281533720132
2 40.37457092601872 87.91235207973668
3 75.64274631073772 10.29725698635373
4 33.46749041484608 -63.39166003815959
5 -8.086383179631113 -3.730097861445117
6 -96.91384332841744 -7.900266213658313
7 53.94175403252436 -31.431019195699378
8 -5.9936840245096334 78.91134224835346
9 40.44832674425493 -1.1149476068398059
10 56.446965116176614 64.92027385739848
11 60.51670125277184 5.019590527069155
12 -33.49291924021844 -87.21628805221906
13 -3.885531218664724 -40.4021765784091
14 -66.72674615688067 -90.7499727197508
15 3.7137269941763975 -4.399000578215322
16 -70.11543896186119 -59.45217782759051
17 13.565492130698303 60.21354124082475
18 -16.30737605583259 56.46150464671399
19 -21.339233246815922 83.5194933449803
20 -60.24361560456417 71.36617305315966
21 20.137233258507422 -25.128278834011738
22 -27.737401468522776 -12.591504966433021
23 -8.132782713436953 -62.70358610457465
24 60.06476877509343 -6.815517388328843
25 -55.81096118712922 -0.9154612373764621
26 65.3845955502317 90.67898965088168
27 -94.77947052974993 -98.23910144945512
28 -41.17820059045654 33.895958143801096
29 -82.08006280697651 -45.08950426624922
30 -80.83043563178487 24.52238232287438
31 -27.96391319013027 -29.118934366187332
32 -96.86550439551749 -96.86695027855279
33 -47.68377731478495 -73.83040554416829
34 27.91155040321371 -1.1427065158287064
35 -12.183513471427702 -38.66022955487898
36 -61.33409481176808 -43.90715488648074
37 31.886566483243826 -72.39369417952463
38 43.325378288370274 -56.23385243747207
39 -71.62339981690138 -84.2387168513924
40 88.6884771035063 70.80242114401526
41 26.841034897308987 61.906496574496174
42 24.704790852059915 -19.117148078957854
43 -2.0094200924505543 14.495084785399953
44 57.885996146506415 80.23041658627022
45 70.37016036156001 -31.525370872628315
46 30.157226961835704 64.07979514774124
47 60.21707845729114 -75.1369886936481
48 -23.93971884319275 -49.34899100899985
EOF
