DIMENSION :48
NODE_COORD_SECTION
1 1.6816105516116409 14.242718576134237
2 -21.063452009253794 26.270683102638003
3 -17.76500958719484 -54.70379896965629
4 92.46942728705508 -22.431185888229564
5 72.73968721735096 -81.55096777850777
6 -0.9581867415379861 -49.506380968732785
7 29.08112303407603 36.01573237854663
8 90.26041156719637 -94.66872285372156
9 15.23721076195352 -89.84984975205239
10 -67.707177102238 -55.765300809531126
11 66.58799749519537 70.56701828798077
12 31.296332342911114 66.50572113240781
13 -95.66593390696072 77.06029607742616
14 82.294954999234 -86.6183434636024
15 -20.77198622212481 -48.60041210446677
16 -39.33393786867978 -32.604105292842746
17 -44.95007049233255 -73.02495250278369
18 -86.75045869064333 -54.20384855747924
19 -44.26567142609643 -70.39988642798298
20 85.19399334285512 -66.83192673022646
21 -5.217395505241072 49.1706330552291
22 79.0060369706139 -64.674038126362
23 81.57156685250015 -60.58210412671694
24 83.87034038099551 4.696485622111311
25 -43.604774901939635 -8.217815538849678
26 36.15958037132302 86.83521574758024
27 44.55356608747093 69.47250335692596
28 76.15504100253611 68.37996386811196
29 39.52856185699781 -40.932727136305914
30 51.350239403550006 -31.341027320564322
31 -73.73569193223135 99.54973457477996
32 -16.688613283720912 10.335984068862956
33 37.794645226200544 -17.53906457029713
34 62.92014878534363 28.888355759847684
35 -98.0616957712831 81.89226699178803
36 67.92573328029388 -63.621558271540415
37 -20.491988473499603 69.32846496100612
38 -92.91519058631181 -58.10751457206376
39 -78.54324516960673 -4.10882644751382
40 86.76946428900806 -50.814645060896055
41 79.61079377876848 83.32219132652438
42 68.77480059800703 1.4835248688640945
43 94.11564808264933 -44.915475875810465
44 -57.840493243793276 24.062754324044562
45 50.44790137863308 -39.75146808412018
46 -32.695837270429735 27.130983198355167
47 -50.1779296305684 95.36942986194086
48 -33.02635529910573 -25.28898629844747
EOF
