DIMENSION :48
NODE_COORD_SECTION
1 -8.873039194618187 64.22452250837128
2 46.71332204841386 67.95612414722788
3 76.18028140328275 93.05556747778718
4 38.48315759702939 -54.72311321241761
5 -2.3329441933816355 95.03481518395512
6 -85.52859708143058 15.599190336879715
7 -94.07918719310946 -1.4378081817093147
8 80.77218132697737 20.01884353667083
9 69.50728350237932 64.18744241942252
10 75.51065840855233 -0.475597932178772
11 67.63101316563967 -64.20363634727082
12 -32.40748907772711 49.72540163126695
13 -71.57384817476739 73.00980324100792
14 87.58318943805469 1.6573413125518641
15 61.64819118587846 62.18928988517217
16 45.190950900761436 -98.45463023044438
17 16.510096664625735 -62.76788156722435
18 35.67905848249785 86.82297331583533
19 58.8828118302653 -93.62217194396226
20 -33.3658262653623 -88.63428295818315
21 -93.1933864311594 -22.46293530659031
22 -53.13053957229541 -40.18555720418699
23 89.23650231782352 -97.807130386015
24 -29.157400543524687 -90.97385433196676
25 -99.82879882529885 16.71347176129356
26 4.820314873289888 44.10499023793025
27 8.792030480658212 -50.045147604536844
28 -64.87723867647338 17.129882943363356
29 55.96443482888495 -12.679798238167379
30 -25.867498322663067 -51.39085055485659
31 18.431502788141856 -66.0173528918476
32 -63.645507045786395 14.856865848406969
33 -45.74462065884504 3.7665960166978607
34 94.66503380555821 38.89951640291949
35 -43.460946063709805 -24.77792471948173
36 -94.01087591582144 -91.8143435609807
37 -62.812428583489236 2.7156458218465076
38 -44.00263605446499 79.28535642074138
39 38.44422017883875 47.90030496383122
40 14.01497714244779 -2.06971915589061
41 27.163895445516857 -94.28383634447796
42 -87.8128736001845 -37.84075128845264
43 -34.737667627265736 39.11237121806053
44 67.04638904797991 -13.001737069044978
45 -30.49348385541802 -92.02977393797048
46 46.97951518881254 -8.981954198370332
47 -25.211907397654883 -19.753909980264538
48 55.692542976571445 -81.7239083399316
EOF
