DIMENSION :48
NODE_COORD_SECTION
1 32.55349289937931 31.524119525170278
2 19.09869437231751 86.09276160973411
3 31.988570826978503 79.71099035107426
4 -28.004493359072555 -62.033373206965756
5 81.25744969599532 -36.453489121739935
6 84.31186578079974 3.8263456182727538
7 -13.600244525419185 -63.066436924820344
8 46.30910780157234 99.16220456447985
9 -4.012969727168937 44.670551206544786
10 37.49102821650416 -92.26423761952502
11 -1.9509933822327667 18.513667623678515
12 -79.8438250115006 85.92054698920992
13 -24.51829786373068 27.20595782046466
14 54.2401431481031 -95.06417097430793
15 -53.420882595857 80.991804820108
16 -83.9532292368621 56.98059875178498
17 99.5570023630209 24.924883263397618
18 51.318668873069896 75.688845605051
19 93.4136181612111 20.316330830643793
20 -77.80092438534096 -23.00859552922161
21 -57.80095102990435 9.959246575861158
22 -82.011363138714 13.383566723447359
23 -74.2588231740938 90.30450499368123
24 -8.797835280396498 52.76184592422297
25 -22.897081132573717 -27.447968863881613
26 53.28216714936295 42.40725498699322
27 -14.47798831547074 4.66065689192115
28 18.427291342007734 99.35656318579817
29 23.311103568635133 -52.43112305260374
30 19.345593914298732 -19.682951045038166
31 56.172471346689946 51.45772342366038
32 35.343952683305986 27.44431955541809
33 28.608329086298255 -38.32384408393188
34 -28.98344212545554 -39.283120969671835
35 -70.41586866298353 -1.0115747435620221
36 -97.10296440203155 93.30506495247545
37 -61.671035401758004 5.091796896248326
38 -28.20979166510493 83.24623401340531
39 26.133593520678915 21.89232298892388
40 40.10117940335351 2.9019204024987317
41 47.23328693971652 -18.184874958927594
42 -43.66915082846192 -92.9130493420848
43 -9.660744209901196 -73.53500888823758
44 73.00872919565663 11.424387459309287
45 82.10882997833016 42.2419449832079
46 -50.31476435133293 54.394375147592456
47 34.82133806667059 4.055590326393002
48 -60.792539886198924 9.70896198006848
EOF
