DIMENSION :48
NODE_COORD_SECTION
1 97.8432239695253 66.65637845801103
2 -87.71581282165089 -57.745484765587626
3 34.3416703040584 3.6353367646306793
4 66.12967485845414 -94.27467392690805
5 -2.4877473045484777 -42.33302467582219
6 -20.047869516109145 -58.43337563279931
7 61.009252299017646 -43.05956334422652
8 48.101341252752945 -57.77139634639199
9 -97.16712087652665 54.90915847205844
10 -52.975477716288125 26.945537161243394
11 77.00836574521873 42.585488852379655
12 87.89760112299595 91.55676834953078
13 74.11796118017341 53.766844551594545
14 -68.14491793358847 -16.376774206349154
15 -5.797382503198918 -64.41274644088128
16 97.2924079971684 -49.27860478799755
17 37.776860788754504 90.57705711965417
18 36.56625398241141 -65.78898395668116
19 -15.823279396170122 -38.54717665631484
20 -11.480265945984812 -63.563394502790494
21 -28.812671600113717 26.148327688684645
22 -76.38888083461508 76.23716435374382
23 15.87324829836551 98.13674163558653
24 90.02616251109194 65.80234985770565
25 23.761192544782816 85.88311131488183
26 -57.99425634149231 91.32748569825151
27 -77.99863742763023 -44.694735411308706
28 85.72205175276338 60.583948739561265
29 21.860184795290422 60.41046114958172
30 13.388177777632393 92.43532454132495
31 -33.12622342081649 59.81399918284262
32 12.887427798135235 -33.505948478663015
33 55.21808820967635 -79.36480181805774
34 -61.93964372889624 25.52706954757744
35 -61.67184876927554 26.305163105831014
36 -96.11104085070616 -71.11671603570329
37 92.52549345529809 -48.89017493303112
38 31.16916726238054 92.12950880240487
39 36.389282079687604 41.830751445096496
40 -93.13580702841837 16.245836406940597
41 23.833408801372258 -44.36453055921572
42 49.18294678576132 9.145215765049628
43 81.32818298158111 -56.592208344540104
44 -29.470675310104212 32.94625780292475
45 -22.56805292173736 -61.00193759617147
46 16.81958792522653 -27.657711949914685
47 13.774456898551506 17.411997164228183
48 28.26678575098302 -87.42632921745465
EOF
