DIMENSION :49
NODE_COORD_SECTION
1 30.73258002289802 -4.352615543323893
2 -6.7623306212508965 53.57212941753039
3 -11.664403891436564 31.32901964408586
4 26.028954939175094 -47.59174589311923
5 31.708962347249525 -64.65785076522197
6 -87.63639224500486 -5.766202803067571
7 -69.3889007339368 -12.428370889870436
8 4.545991424139274 -48.51830322212245
9 -22.207140870254477 29.885469336855607
10 -13.509497554532587 18.240061650353923
11 67.27960546476172 -24.69582756065975
12 -2.5345925052502167 74.98533988174972
13 -4.274512981506561 4.696942547437573
14 15.008113207414667 45.32537034183423
15 -29.779874352529603 -40.95688553216432
16 19.161614382220108 73.59152823964683
17 78.77932043279998 84.71122147101974
18 -51.34173870827743 42.158038720473684
19 -66.14691821109216 69.87212038748797
20 -70.59626146692855 -31.344249640590476
21 34.53581302159364 22.076707240566435
22 -93.40950934342555 75.78666070184573
23 9.764946418324456 80.19280133453427
24 43.99654747072972 10.234548993082157
25 2.646075797841135 -71.69016310745353
26 67.50226395966993 2.206119423084772
27 35.14397569830504 -15.115912060275633
28 -75.41607105523536 -96.57380410366261
29 52.730687547926635 77.31115984464245
30 -92.48012939564967 18.949462339393534
31 90.18318818938846 -19.723402478089767
32 -54.72873507157785 56.940383409157334
33 22.574924128611755 95.64950992592316
34 -92.52373043647965 -39.38803184034949
35 69.60689714727769 -17.65185322468045
36 83.7228699166883 57.80314449892316
37 6.775649305769818 6.520460945036689
38 -97.7577992810926 66.21350438597219
39 -96.52297850203071 75.54673539928365
40 34.390800812865024 26.103297098624537
41 -44.00388946585434 43.785385657259326
42 94.76675018664565 -2.6944031677740696
43 12.43543416374338 -66.35278638457714
44 -8.468763831897192 -46.3133651878459
45 96.98489574337918 2.497292704913079
46 7.483627370803632 -64.27067670260662
47 32.5385982173172 -95.95210803416651
48 99.66473057175347 -19.29588339396888
49 -66.4846920594111 -57.68023115743328
EOF
