DIMENSION :49
NODE_COORD_SECTION
1 9.303469894487534 4.10569857637293
2 -37.52107233448678 -5.384249178319095
3 -23.03407910067976 20.537994329751868
4 10.37764129327347 -46.43985118514846
5 36.03034828199549 66.3877906359501
6 70.86328552321189 82.64082403105994
7 -97.73665902982414 1.7056933085244168
8 15.688341985338212 -54.33539214022283
9 1.3171982820090875 6.548751891235867
10 -32.21193364693009 76.88417182856483
11 74.76866450914119 -38.26874498091601
12 -10.38736526363195 73.69998729916114
13 18.29363019329999 71.91807378776684
14 14.401561749577453 -69.57386271592003
15 -44.91549762791456 10.387976161121642
16 27.901537785064107 3.873198005927847
17 -98.28153468742057 -54.54165730170295
18 77.75552367663906 -77.20959642799184
19 19.036462739522037 20.476824045754
20 38.76745510402765 -94.2515897313597
21 -42.805722673982906 2.4495178799750477
22 -5.526604217104733 -64.1670032418917
23 1.8986466955281713 88.78928181079803
24 8.926705925078934 55.559163621133536
25 7.942925463380618 67.33193453000246
26 -42.66882646505255 91.70405902810603
27 66.50831733921677 -38.31794992665858
28 -39.86723861752664 -2.703643805874023
29 94.29839545720768 -37.885754370165344
30 22.407097638453322 -93.2113878051322
31 55.425963476270255 41.669786299643846
32 -81.14354727884458 -59.52163639954981
33 -68.9268302729505 -12.247462125331282
34 -15.543548472771889 -34.46739640844012
35 37.29703928774828 41.4421801465202
36 71.76941924248291 -76.49046188939735
37 57.954393657365756 -70.09309458626258
38 -81.83230429747428 -31.93959200601664
39 7.571596553331176 1.711583307144295
40 -70.31300066019827 -78.46666634009416
41 68.08605193852867 30.4817241487344
42 -67.04377986655308 55.490147714963854
43 53.73810721748765 39.297454862520965
44 -27.37310908916865 -72.31368808566963
45 -50.00655580874174 16.355825379270826
46 -61.04809273248601 -33.14704764007712
47 -54.77234437717411 41.85388388493223
48 98.6397263847133 86.65927344615443
49 28.006223017778893 -73.29108563929896
EOF
