DIMENSION :49
NODE_COORD_SECTION
1 60.472168661735225 41.49576734803247
2 -80.90766546311997 41.23314814261792
3 83.76679915743154 3.6129034353223233
4 26.800893443511086 79.02430094798078
5 8.92004785684037 -85.17394202180937
6 -21.34147436292065 -49.08289736086697
7 52.43615815906952 -57.38368149093023
8 16.8158172666095 -11.101685652320342
9 -51.70449309107388 84.22770461797384
10 66.90354561787666 -50.73175023942413
11 -64.94061243652035 88.40450690762697
12 -44.511576207086364 19.71639362589488
13 -0.08761279329365834 -84.16957406739974
14 67.88015922741207 -37.40054908804049
15 -97.81735150543373 -91.87575312994866
16 -90.8379075577389 -50.86013104913818
17 99.85686126820846 37.7859104082026
18 -2.080640938040858 32.426844337896455
19 84.83338157642149 45.27578337620167
20 -30.010063672888563 -68.48394631784362
21 -3.866524116344337 -65.55094541641984
22 98.66566430504665 54.58821858264329
23 -74.98282860582957 -6.143717486391552
24 48.121719090890025 76.04083675376654
25 51.9268934821157 38.960103574766094
26 -31.54526597629848 -99.44863386402393
27 62.40844875960201 -70.89277412194556
28 13.56121331161755 96.56430499795167
29 -22.364353166994874 3.1338992005671855
30 17.189510481387572 62.31857507560315
31 4.891316462880837 98.77206989784239
32 -2.1498164796262813 99.4457264465947
33 64.33406498628824 73.56253116925981
34 -20.12888536726409 12.333602036278961
35 80.6066925494957 28.770439092371447
36 -84.26470614174127 25.864038637180144
37 -58.68128612533354 -47.162401875284196
38 73.94082995904725 -80.2026754505394
39 19.162067234553007 47.195024673039114
40 -83.02581250360547 -85.00977786606525
41 -69.60446518642895 -25.201663240761363
42 35.58933571490141 14.798325186587505
43 -40.339886312830096 80.53754243370892
44 -71.56304411375751 4.427689880219205
45 -80.43601889111251 72.71194351055749
46 -79.81051746851355 -58.335324414716474
47 -66.79761229768457 -73.9501069734456
48 96.65928221768237 -65.67298552182129
49 -71.24566846212417 69.29216972644065
EOF
