DIMENSION :49
NODE_COORD_SECTION
1 77.17475872946923 32.312994435515606
2 -29.655336981557625 59.43095778727411
3 14.465694158285842 2.2627530384152266
4 -2.827443166529676 -42.679508332733526
5 -30.81101685687213 -83.79246607877676
6 37.84713386129437 6.975176747006856
7 -45.822254210134574 95.20916222154406
8 23.682162464705982 -8.88645031347049
9 -56.173938719183546 63.630169591892354
10 35.10459584226976 -83.80599174274745
11 75.69664386287744 -78.88227128549673
12 26.35308413200157 21.485675206373983
13 11.977511082837239 -87.8910036871906
14 -55.29127985688118 16.46212693954925
15 -18.820527989067216 37.12666009283845
16 20.606851619704614 -83.72504614293845
17 -97.30717039182831 83.92251600214388
18 -47.16960558111367 69.47832713091046
19 60.298307819433546 21.56608523321559
20 -57.913307756223254 -72.16018382520959
21 35.45369563847294 96.86414166570214
22 36.62146443820683 -5.0133262409384685
23 37.15432147404752 0.03629605457584262
24 45.12494264012523 8.800937958504804
25 -27.60797696777277 -74.639304611032
26 -54.96305933491823 -38.10924354645016
27 -10.286164875686964 42.54305541640858
28 68.45904672838131 45.129360859025184
29 -1.8918733314772282 15.851180472924312
30 -16.76617697063469 11.167231898055434
31 14.422631996431548 -39.40362011684921
32 -96.64768566749422 -2.0129605600202467
33 -75.25480498041935 10.332043080096426
34 60.70287371194445 -73.01504955712201
35 -41.34527543190725 83.1788700425366
36 -50.72426212581729 -4.273903799118358
37 69.97642208856928 81.97519016626572
38 -86.71049837734711 -77.56412864556398
39 93.65183954695141 40.48995685376926
40 -7.692959869734281 67.45299229194902
41 5.560934637328785 36.72501035673346
42 59.260110748645985 -43.715911947271245
43 50.60988111966503 34.37227529413872
44 91.40335030801748 59.56392074298583
45 -75.87515789144757 -15.219342907997756
46 99.5700656204632 -52.86087549977094
47 -7.431368296772959 -75.67359586014518
48 7.703560730001229 -73.34238049489225
49 -78.17637585679407 35.86982431047795
EOF
