DIMENSION :49
NODE_COORD_SECTION
1 -79.54143210495852 -53.576461454921144
2 -10.07791605201902 29.42902770053422
3 44.67685801716078 59.20002284371651
4 -25.711315119077298 51.88426922709908
5 -21.007607538592254 -70.39814687457222
6 -19.81850518042954 -49.989746405608585
7 45.21281373916156 -21.032249116536235
8 -86.82135062347498 35.50807196334412
9 -26.21850969444783 48.74932230164072
10 94.91919349250182 22.04658489649411
11 98.27902341096302 34.44853481753606
12 93.99803682425645 47.748697445718875
13 68.75195762133421 -5.82988795258666
14 5.586183454499576 -49.347538382763155
15 -56.87221768185899 57.112320096276505
16 -33.13262936706309 -5.166116762957799
17 91.95182751883624 34.858678567471884
18 36.98369953376573 13.042188410834271
19 -91.09183322393113 47.122249575053985
20 -6.965498274164588 31.11250639172144
21 58.0633006714331 -86.36685596639215
22 97.77409924147008 70.08484574938592
23 -91.5021362098449 -64.85101618634341
24 80.005894746265 -16.12753957872775
25 -92.03177824607171 -10.892886946133572
26 35.27155477137242 83.48663739419564
27 -70.53364445921389 -0.7735128162524347
28 -97.71420053983555 -76.76094368998943
29 88.02301992529868 3.406041305731833
30 -0.3312224925718965 -19.993059246471418
31 -30.174316720490182 40.55562702610254
32 17.87957832206631 43.56025626588061
33 41.69937109766656 -95.4654602896567
34 52.85602253644757 -45.88571724243589
35 16.225057691304173 72.16171330721812
36 -59.28255596548446 72.68497513063468
37 -63.75317442298527 2.300801574506224
38 -93.0113607106682 -49.511481729459646
39 -87.75441647716605 -75.68765461147977
40 -20.84510554138464 75.54067915817407
41 -2.966321811226578 -13.295629325356202
42 -72.04060654378745 -82.2245678192675
43 14.451319337940149 20.60172465020112
44 -99.29401305294483 -31.5834128792752
45 72.2222902011236 -12.306405828354187
46 -11.068181151561134 75.00007050046699
47 -16.14704936892204 28.60773848815211
48 -66.83416070492197 -89.64134274194254
49 -99.56484046934506 -94.80110362562677
EOF
