DIMENSION :49
NODE_COORD_SECTION
1 39.43603440281936 -44.47638740063573
2 37.62657273340625 -92.47410381836391
3 -23.62788151663453 58.2616330427621
4 74.94610172968959 5.961852832078975
5 79.79940236763878 -51.375844314436826
6 -2.895736312871392 69.37763420978163
7 55.50665180786436 21.142363667897968
8 32.62613001364386 92.16972865164081
9 -27.171923874833297 -93.93081967920232
10 54.949151574277835 41.08910636813499
11 -83.91482125822662 49.38903781068856
12 95.97714254851493 -35.894114389746946
13 96.30786328358843 -62.90716283394182
14 26.325279745868514 -69.16537625789124
15 72.2399544439375 -37.618603745640414
16 40.03078883465196 73.98449681433206
17 2.485808223839797 83.87480417522582
18 -30.019510491189365 91.33742721500116
19 4.756256071087648 -96.43085644894596
20 30.033074191517045 89.04644718335888
21 -66.47628095284531 5.196033150071202
22 -69.20962208871802 -0.4143883826238408
23 3.99784310984694 -63.1953049054997
24 48.19857143421774 -8.528227476913017
25 88.18461478389409 95.80003939097205
26 37.63678518438425 -97.08232452477468
27 -12.106557932352558 -19.66539112823807
28 -19.12283120552101 -22.135126675392897
29 -50.091692794355595 7.866037167848816
30 29.276953352644625 60.38394264326226
31 -69.85947015828138 -30.144045672850964
32 -36.21025666957907 -87.78128283440529
33 36.43243961598941 -8.999873866787794
34 -69.14031099415425 58.29011179545597
35 -16.21737473474316 -7.956119542873566
36 32.9888726529683 -63.735681159070246
37 81.11512692648645 -82.84921479177856
38 53.74472389880981 -71.17079460887172
39 35.31640636330408 -20.043371881281885
40 -20.799095822199007 91.11169868796932
41 -93.8844403736131 -93.14504792066268
42 -58.718424920818805 50.708136835818266
43 74.48480470291682 11.724214397572325
44 -46.79433986643924 54.088594822617864
45 97.58872340321082 -76.77907751527275
46 -66.7958883791215 60.675130202336305
47 14.912464405610848 -96.07292276844565
48 19.909935112566217 -55.31679127237046
49 43.05056573027858 -49.94572856791639
EOF
