DIMENSION :49
NODE_COORD_SECTION
1 41.613094644931095 9.29898529600672
2 -19.542821157159622 -6.9608770549414345
3 -54.20738996142074 80.25080084119054
4 -89.80072313345973 63.61821347705123
5 87.92844447095172 4.486164481994365
6 -73.7224943734729 -16.36184232026845
7 -74.33065112414675 43.7384479954039
8 87.96593687492057 -30.431705387727987
9 30.073752280163035 -35.08369482192619
10 -75.59779887717715 86.3475827555591
11 65.19102384649165 -88.38425732015436
12 1.7309811943896136 -27.640670540684553
13 33.29001244272695 25.72924548105695
14 98.97653543429047 27.140390016023048
15 -92.7013392298804 -13.532294886622338
16 88.91492973527747 23.378694675447974
17 -8.255094682087474 5.399790911204505
18 -94.43171433283368 -33.33282585013551
19 -45.53424180191432 18.652663429636164
20 -53.45497733543774 19.64614446220405
21 53.577978193954436 51.20680067698541
22 -93.69859898182726 31.58031116309141
23 47.680248984604106 -6.743062957281282
24 -34.4985390039854 70.08058813460616
25 21.983468317161197 -75.09996283614026
26 72.00389415330702 -61.40501914487451
27 89.04219267795344 52.950408708376386
28 -59.39404738949794 -18.54310909668166
29 29.986930756989494 82.47101040480356
30 -28.473885638993536 -72.30676455925064
31 30.633460198640734 35.649208470262636
32 -58.291226794436525 -94.54119796373988
33 -63.42799254767115 -48.065902280930636
34 58.385677916438084 70.87740363130814
35 -97.68439850907527 -44.10818014741669
36 -19.069361154844586 -61.76562838876285
37 -58.186492363706236 63.02413898446213
38 -85.10468902290765 72.87905764880102
39 -98.88777234993498 8.834746552079991
40 61.21560705926109 -86.13996993842699
41 -31.326904248368322 -67.28320183956305
42 -36.07013892507982 -69.77023158867676
43 14.832075859948745 -74.22586805292191
44 41.351236109038894 83.11962169084131
45 9.113859872056622 60.477943681363115
46 8.48871613391502 65.09997620127436
47 -97.41091284665433 -39.900564596138665
48 2.612313244515832 19.004609572049475
49 82.18990027942436 37.14826234133807
EOF
