DIMENSION :49
NODE_COORD_SECTION
1 69.28708820437211 42.49082921126538
2 88.34239538889537 75.94534964678118
3 80.52258911402961 -72.65455739488513
4 21.084605869291835 -25.047137250380274
5 56.7296695078023 11.660831585760107
6 2.558983185963541 87.76122437414116
7 -18.105722970525036 82.31923297809729
8 -51.28435064541088 -56.60343167509425
9 -64.75603230271781 32.235076834521635
10 97.76527969815541 76.1514446674588
11 21.261864117382572 34.964649578596095
12 -67.49460762985622 -87.43012533471482
13 -27.666669920723862 85.70014110113615
14 -83.15263835537303 -96.48150351260027
15 -94.15686041598991 -47.37623283939134
16 42.13142479914086 -58.87959022592253
17 40.3921871663546 -17.988028182328875
18 17.29331664053022 40.36741295748644
19 -20.095413498005385 -68.85639359812241
20 -43.3271339373819 36.515377373588166
21 59.74745359143668 64.98012817976496
22 20.231371154321764 51.90648090883309
23 15.587210358137085 -54.25012694271223
24 43.17118794536657 -80.34871117223275
25 83.55788621025445 68.98260350702071
26 -44.572527455471864 16.642508250176874
27 -30.5815696228465 -44.79558090918607
28 -63.77135736929249 54.66142438874914
29 -65.2724488508509 93.4174696283259
30 -25.101375359161324 -94.12292273650857
31 -60.333751664091025 50.65261861445421
32 16.300551078060593 97.8273121494056
33 -45.010265905466376 -88.70241284298821
34 -42.20183318913937 3.0098132996382105
35 9.69193416956702 -9.433040503996011
36 34.33765397809731 -30.49955173600769
37 76.31749475496338 78.39460242396365
38 -20.77070551270866 91.55511632608315
39 -87.54248091990871 -86.80694610508183
40 -19.565161466076475 2.940557249833347
41 74.81714763808557 -40.66144907048241
42 65.64304536951317 -9.22151536108558
43 -98.6556898834414 67.90436411776741
44 -55.857528384708345 73.97654887689882
45 -82.7391194957782 37.07925678981786
46 -90.52297903784059 67.85870682783494
47 62.4387035266754 56.871851522885606
48 -35.90346518488765 65.39653155298046
49 -39.585187989636175 -77.88418623420183
EOF
