DIMENSION :49
NODE_COORD_SECTION
1 -29.836687467052016 -63.587427970201404
2 -6.361323044864008 -89.783548219978
3 -9.742474639731725 84.64464246993921
4 -18.50457586579894 8.007538368008184
5 66.83532144871472 66.64813146137632
6 23.448321722074922 15.1338112810663
7 57.70064568173345 -83.09022842962897
8 -19.65937056931672 85.99369002191298
9 0.6487319241637977 -41.13640954346523
10 29.02682335189374 50.74933141535638
11 -40.93803947389711 5.247886732626952
12 1.2512220952146151 14.332157382270225
13 -40.830803008812765 41.82653347046437
14 88.37531513049029 -57.68081778076499
15 -62.10427321349441 -65.06525400940924
16 38.40039142652708 13.69104029959513
17 30.58230624105377 90.22366020194858
18 97.70849831493604 48.0218564518097
19 19.45344006192829 -91.85803395474719
20 57.17143905418288 73.44002083915211
21 -63.43340960183559 -68.8929376704456
22 50.75400174751644 91.73802864005941
23 69.07559675939663 -42.01783968992052
24 24.464215004493454 -81.70132680086937
25 -50.00691319382149 -86.61019055621959
26 44.47996523505935 27.043827988439276
27 -65.76175101638754 -97.44346965659312
28 45.50789699617829 14.40124386066634
29 57.607929762946384 56.79708356972699
30 33.90707090755768 11.323728971024565
31 55.41057214396997 80.4111444744866
32 -45.16362370468319 -81.31577761066498
33 77.85400123230173 46.67915308385909
34 8.661342882581494 -81.09067622606041
35 -19.12025357979907 -41.19186480536137
36 -40.917521558580106 -74.49712495880607
37 93.98805371508632 91.09240902814801
38 -86.07613356620294 72.15023256017645
39 70.69934668459834 -43.78186594324114
40 -20.752704414780382 14.383060102882553
41 12.64947342779412 -93.44529156843677
42 88.43377530229392 -80.67664537021173
43 -75.08245350758341 70.44010859941014
44 -9.899148700577086 -47.18544476661437
45 -91.96305791075245 -51.11870914443168
46 42.200677720546736 38.28680138418116
47 -78.75868267264772 -46.245099332764816
48 -95.62962092662369 57.99209801779725
49 61.84930106425958 55.50750234277882
EOF
