DIMENSION :49
NODE_COORD_SECTION
1 46.58282657434603 94.78467691458599
2 97.29296000614306 -73.48128143922865
3 -0.6275661372290813 -28.589530161531187
4 59.14675248505665 -84.29539360351859
5 59.38725642658841 34.30899198913832
6 62.61513601814278 70.60280043101872
7 -66.25488656501307 50.2198168232988
8 -49.71120502326827 35.0948789172694
9 -42.35185932580352 36.42495027433708
10 75.5806924905431 -5.9144554347907246
11 51.93662229225174 29.247482842251287
12 -60.89496692214964 -89.12769006213897
13 -99.26037714550282 10.465894055426446
14 70.36353349171864 -91.3966953923809
15 -75.89357637922765 57.59258556476368
16 -92.54485973669391 -15.864919229850713
17 96.47936494151611 61.50407527578196
18 69.12676132790872 -89.23386208870983
19 -80.90474473861642 63.69959415785323
20 -63.665743778420556 -14.263856124101409
21 92.87908005956186 5.503618135999375
22 64.58437481838251 9.044757218568861
23 58.12024769929235 52.81719477187977
24 33.680028258038874 -57.94190953358609
25 -31.801717976255077 62.561801819864456
26 -91.9072860683694 87.53490085063694
27 46.85134407253736 -9.251397444006287
28 -70.96243891483908 -42.881398149840734
29 41.95750572375968 -92.85497488244636
30 -11.572013058438316 48.005402896381156
31 33.52539579731115 -22.20032361431568
32 45.238537025371755 -62.587290233213565
33 -20.432752848147828 -95.77439911524644
34 -63.59395882595904 21.636227754609294
35 90.75402801151992 66.83102037643187
36 7.25074257518159 75.89812149341552
37 13.228884541882138 10.225722736539993
38 40.500706052168425 -8.147346337589639
39 68.68165290507565 -70.67966551143725
40 98.35425590573323 -38.470124805236324
41 51.76381898958945 67.67477128621306
42 -91.38311707832136 19.661921717731772
43 -82.85018992508489 23.341262372304158
44 -76.19947322191214 30.750544050060398
45 -97.9729114296072 72.48629189711713
46 -38.82529410548814 -87.1014068565006
47 24.524109155228686 -32.63496398895916
48 -7.889344397566433 -72.65774090130608
49 74.56169283471436 42.76080380706128
EOF
