DIMENSION :49
NODE_COORD_SECTION
1 -10.282823743203593 24.02193873359421
2 88.69844774944013 -76.08873270660087
3 -9.701423558950054 35.98918308731825
4 -26.6745540551494 61.60612840997075
5 56.28063886122317 -48.22886577707401
6 -35.63572955743443 -62.77796178468158
7 88.11388610748372 -43.13808990513574
8 -68.27330126563058 86.21866238860903
9 -33.132478471663845 78.89839874588776
10 58.586264007243926 -26.20426860203999
11 77.33599241333476 -45.86496288907571
12 84.09668893624556 -73.09067032682266
13 -81.00257011723693 -80.75242556949289
14 -52.05774639330105 -51.40951191556671
15 52.559645752312804 43.82841114392832
16 -22.087159075213677 92.91691035807307
17 -12.944264012595383 -72.27489508822562
18 -15.45219569371794 -21.597348896762526
19 -49.07191245403115 -72.58724450056681
20 -69.00560158285975 48.23481996963824
21 10.266051798925702 -53.12005752408546
22 31.578116522253566 -52.29977830625958
23 98.33912372469209 31.04707849586029
24 -0.8162286490882593 82.30907498166354
25 2.7940265280425933 -66.47500857929194
26 -90.60217954887531 44.5369256909774
27 20.36070583921135 -4.4393041884798805
28 -21.5361305513117 -47.23003095956042
29 33.63872825392795 69.30630672359325
30 62.454946406424426 32.95304874312177
31 -9.487791001120783 46.08616341322204
32 76.66772361073134 -8.396332371047947
33 -26.032099310563567 9.126282755501379
34 7.095274229007686 78.26937383350722
35 38.567694925737726 -79.75070342769385
36 -60.06331191855734 16.17001905184334
37 -40.44670862852011 71.32710626645257
38 -29.546630009793518 -8.31960282816928
39 -8.462601505524887 83.82259427013673
40 -30.916649812728167 36.47279394108463
41 65.96235856453171 23.54069795005158
42 -19.42345257338836 10.553166157228617
43 -30.016314185862143 12.748302613423078
44 -88.98444764961494 0.08860497038133985
45 -55.83746025945524 -31.888560835346638
46 -82.06207327477995 80.8378692842555
47 12.32772371182324 -29.562678177533613
48 -39.62234831435496 66.16080093464342
49 14.19439041337833 80.9978559642727
EOF
