DIMENSION :49
NODE_COORD_SECTION
1 -24.669074432011712 4.118645026147732
2 7.311024553840696 -75.68869563903402
3 -63.48621914688663 -96.88194764320947
4 91.71628710030566 73.36198707479647
5 -73.68205440776099 0.3480954204288622
6 -30.63694669041668 -12.058821493774573
7 -36.414891296167525 -8.776859002388647
8 81.02174417970096 -51.333406879738774
9 -6.63803294504406 -30.38896975592216
10 67.50166574617259 95.60153641030297
11 -51.59895968120259 15.011837557098914
12 -11.515122463804332 -91.88705865441784
13 -41.64467954962898 -16.22038984353776
14 -84.02648078035821 29.388262864516918
15 74.812480162817 12.816080944054974
16 65.5157260257455 71.09096546308047
17 65.66598545073592 6.079334434755296
18 -70.64788929738222 -63.82659742893215
19 98.92198930222082 67.41456721682758
20 -42.14886432601026 -68.34506475510516
21 83.89239283281074 67.62803605225608
22 -0.9216457829013649 -91.78778356322925
23 66.82615775897202 89.38939791525115
24 -48.9288668584162 59.717657845353045
25 -11.617630470776803 -19.538240961793292
26 -92.63316576761244 43.40107394256705
27 -98.04978299077274 63.922691535214426
28 83.55919818221011 -59.90132785069142
29 24.67253427894238 3.453681517748535
30 1.134109743918259 64.09250908649605
31 -52.86877866525619 -97.56060357716709
32 -25.4374252568159 -46.66730452869072
33 -36.99570585613912 -72.46765009638631
34 98.60516733216505 23.373628071948687
35 -3.3940096100924393 90.50250834747467
36 65.0089727001183 -47.85541136401188
37 4.072813440723323 96.60547853527726
38 51.25438450632737 77.71417388714121
39 3.060104439877989 -26.63297807230059
40 18.73586097032232 -62.50296829068232
41 46.1650919443492 -69.40440933202068
42 33.73721041045954 -45.10957150294907
43 94.89417294483073 -29.401200202150335
44 81.78858329699608 -11.882726731333719
45 73.84348963871744 -33.00632386881222
46 84.46882833918693 -3.9087079335772046
47 -11.13634546525131 61.1646335550582
48 47.443609207602975 47.4090665051429
49 78.33088404569313 87.33722947576217
EOF
