DIMENSION :50
NODE_COORD_SECTION
1 89.97418773559343 62.53583979076433
2 86.97483499923271 -59.7707569836905
3 37.841607471387874 83.47993000223252
4 -40.262191044173164 33.3129879092258
5 92.60365379005202 -5.108147046026289
6 -74.41054068074436 6.519875373809072
7 70.15198217196087 -40.169937751512606
8 -6.488675984805454 74.44205548369615
9 50.925219668313616 14.896624886100085
10 31.425708468639243 -21.5770537205441
11 -83.49437591654439 -12.159085035498691
12 -32.40844752937784 -5.935293107301703
13 -55.52828620471371 67.2929071328673
14 -82.7362755635942 -34.29041723033022
15 88.73462071606622 -13.331796548070258
16 77.17551222208027 -10.1992881317952
17 -76.43744772750543 -63.17378180216417
18 -52.994283185091206 -87.80807444451119
19 -38.27578290421299 -94.14825263082125
20 34.84329187147236 78.89023596741197
21 -29.341239210163565 -40.63054138927396
22 82.76400361410049 -14.621371251250409
23 5.306151147739982 21.08973206236972
24 8.98520737766708 6.581045601354504
25 -47.79129187441451 -9.176607893326391
26 4.666346469787186 57.69528496576481
27 36.720847699346876 -54.008005552461654
28 -53.725627336897716 35.533758231431875
29 -16.359175377523428 -87.30072726961784
30 88.5348284880009 20.676061769190767
31 -58.695281958376746 63.71854210498657
32 88.34093278661788 82.65138830428097
33 80.15953506928716 3.2898268986207455
34 -23.40549118848716 -76.46722345080848
35 -40.94119620876722 32.40957757664236
36 -57.195782017069696 -80.26050015486595
37 -83.9993250945952 -46.6650984725312
38 -73.631890398802 -22.49236827040089
39 84.75501050146258 68.31330358257134
40 18.819023970038714 4.403161145799217
41 -35.197385292555765 -44.91204105444957
42 -27.08700216951756 -82.584050841115
43 -20.76380490326764 -39.48231869028484
44 87.2923438802006 -42.413063528519416
45 -56.2506366344792 -56.31030159277783
46 -10.443307746391213 61.78503765479181
47 39.56635406891394 21.192511366316054
48 -24.073259175509932 -45.83575715708943
49 -65.85809081908549 -80.24489735387064
50 -17.712828643003363 62.9955400130205
EOF
