DIMENSION :50
NODE_COORD_SECTION
1 61.87323972255294 -77.85679640037269
2 -55.10480137967231 17.526410989286262
3 81.38448122058259 -18.527810358654847
4 76.59694109771664 -72.29497829156577
5 50.117323107397766 -33.0135134878538
6 -32.265000898069985 -69.49332520943977
7 -86.42392662332452 -29.615680241558564
8 -99.30757158871313 -58.48712285591484
9 -87.69395922724242 -26.45933410953019
10 94.14569976902354 97.85006421309424
11 63.01919417913234 -64.2074818251225
12 -94.2111633114945 -94.44321793261948
13 79.73841046600688 -69.06327541006124
14 -80.96318879267218 -8.414014543675208
15 47.34445459255997 37.38884139732673
16 3.924198794348314 86.25411227071726
17 35.886216188810266 -37.509379185697455
18 84.01676689742794 -69.88718871612407
19 -98.75858343638883 90.74267903400877
20 64.00515798694303 -1.3667905623436525
21 -43.80857310550772 -14.221919041062137
22 -23.248535832773996 68.75669340247529
23 15.700595318133963 -52.818508938431386
24 93.91090694618816 -86.71985498250785
25 -78.83319816250949 25.797804595618203
26 -89.14735647991144 2.207840661049886
27 30.636769264971747 -65.03699981019138
28 -35.54500690648963 14.616019791526028
29 -74.54400976459922 -39.87074140521383
30 -28.54777803951538 20.24044323245056
31 -71.45009148031578 65.64519252645636
32 -14.638679226195165 -23.08888622352741
33 -44.49064383685668 -75.00860988181745
34 -38.38099635211351 -91.87743028330888
35 -73.12003175859147 -40.43973706774431
36 93.41055942613895 -25.557914373572316
37 58.53177524499773 61.1084310074352
38 -65.22615971263991 33.12226054151813
39 16.71173709672462 94.29886869937695
40 62.91318251601916 -7.8014951136125035
41 -24.64137338654497 -71.71089905027965
42 48.259639255643464 -91.4839731199761
43 45.486071980362965 30.11084731494273
44 -1.3345389052573609 -46.45508821160038
45 -40.08368240228186 -32.37454503821094
46 -76.77762915270563 76.50607531866683
47 91.37370781650293 -83.87127233000547
48 21.544590565033772 31.244754998561206
49 57.92345583232202 40.217567834529916
50 -54.04061825737785 1.452477926223878
EOF
