DIMENSION :50
NODE_COORD_SECTION
1 -3.7058075507468686 -41.373791213418066
2 60.2108967986255 50.62021018228995
3 -70.13851560129527 39.59764663684979
4 1.2503744748209868 -47.607878749172386
5 -12.9907304881216 -21.324750360073978
6 -28.960290550009702 18.009676541925685
7 -11.21843739782031 -86.2941734037349
8 -16.745108097210263 -83.46804972191558
9 63.735526723164156 -39.06362933410106
10 -46.68441630577118 -86.48610548215214
11 10.896156142813368 -23.22633466045521
12 -24.788708601587572 -99.74246630187169
13 41.767739775672084 -94.24452977206133
14 52.20422664892786 4.431660560814947
15 69.2547849785652 42.40051349957591
16 -85.40633563490658 19.590462941677586
17 -37.6781345061014 -12.856365660058216
18 -25.67181452406153 -65.71430135791016
19 17.448211397466864 -39.648625491189215
20 -35.89628301231794 15.881066977549423
21 -88.59042706321651 53.45251228739713
22 -12.31307446437981 9.841449612978408
23 -5.353664697784353 -57.493041805423495
24 -31.445046901823147 52.183850024257595
25 -39.54646762480414 -32.92439460875727
26 25.544206008437385 60.940777839359015
27 82.45489307344829 86.04274039229912
28 -72.94770507200874 71.90104679328545
29 -48.70036281542851 62.081656341209765
30 79.43897142371401 14.556892992824658
31 -38.75269172213136 97.74326405965206
32 90.62331287540059 -13.899546552729362
33 98.28249239024228 48.68643157860507
34 16.476043845520365 -25.523312722546137
35 63.6278465371328 73.35796580341193
36 -54.542558202128255 5.91385115370349
37 30.0003493759813 -56.53087263133634
38 6.05284458631094 48.01678746394862
39 -27.317599528077395 35.90471114796708
40 -8.090715077561939 86.42223555167095
41 -56.54423762122545 54.23965180928769
42 -8.821589173222549 11.179535421199944
43 62.6730972702467 -13.17260452704852
44 79.42237245300788 98.43411089772042
45 -6.78176878303789 98.46305960990264
46 89.54092260149076 -46.34484073588361
47 29.833020521729395 73.91376265651147
48 -92.47044803630851 -5.436891598025213
49 88.26506266139256 -15.85268112844274
50 59.48003682123476 95.07638308044753
EOF
