DIMENSION :50
NODE_COORD_SECTION
1 20.326872475263173 32.50451617784327
2 5.469830421380564 14.91043870050494
3 37.0719955342914 -17.171774525616
4 -73.78440281278999 89.64672610804581
5 -79.84251809399703 39.780917975832466
6 -15.465586409088175 2.904384962460682
7 -70.60932561415527 8.37036257194741
8 81.5726031206544 1.291020780813625
9 19.930155456969928 -26.971187073757946
10 62.51103736884437 -54.351575006071485
11 -97.49487761229894 69.721731144181
12 -26.302606128871517 55.935454848773645
13 -56.15739610149573 12.010924562566714
14 8.536639864025702 -3.0784595624623137
15 -72.69621840016796 74.3254513043263
16 -88.1519059487727 -22.817800597475625
17 63.45716143883101 -43.01761924739576
18 47.74876271606797 -54.19789036601945
19 -8.707023250298306 -89.96120805497925
20 52.7244833416452 -85.64465459984858
21 43.00967927482219 76.84535604302906
22 -6.598355444682085 -93.85362949105725
23 -41.21993677913498 33.21089572501583
24 27.63414335884964 40.359529796212456
25 -67.36901872203396 -55.623540513706104
26 -72.12848630011695 -4.321231417935479
27 -53.45270405696214 39.536400341679126
28 67.37594101252353 -33.89650959901947
29 7.137199534335565 12.43313249013336
30 -7.292698862777996 21.100308793090818
31 -62.32734617154358 96.59117927883224
32 -90.00298387136667 -87.10517947052227
33 -1.9548139871143917 -64.95469888662453
34 97.88298664217109 35.621248142381205
35 6.153923689745568 -33.04353231221495
36 26.579558088097315 34.212168422798726
37 16.46927784773608 87.29853989775413
38 10.407863153908806 85.32436556011078
39 -25.007788771110697 0.8376129823950436
40 -49.78636686577287 -71.73889071211157
41 -85.44433235693354 -12.085030692312799
42 -67.54902452290276 -89.23497171784108
43 -19.608782694807076 -72.91629462480005
44 -56.68771697607653 32.719990072569885
45 83.11061307291163 -21.56182782008102
46 -70.864048625523 20.214328399920873
47 64.72845154217853 -78.48566461396763
48 88.42514922521883 43.08192266792241
49 -66.9212583451669 -37.071626393266335
50 16.162488566734766 0.9515610161027581
EOF
