DIMENSION :50
NODE_COORD_SECTION
1 -78.92566332764287 -88.17083388938202
2 -23.332756953997986 -97.65840035547464
3 41.562055957869234 77.48362736613618
4 -59.74567718468822 67.15145937198164
5 -59.84564253379223 7.7404884087460175
6 24.527095834344934 51.47832822477139
7 -51.073177569586406 -16.666658521983237
8 30.224463843361605 -9.181261562950738
9 -54.008998050619006 -73.30016677584226
10 -35.405182143786135 18.013178862205123
11 -59.880368958313255 -84.29036247456094
12 -86.03502564870607 -52.94638808794583
13 5.229386038398161 67.68603661625033
14 -51.20087200730503 -57.346053923535244
15 73.19892971466618 87.01340073247951
16 85.05758045588988 28.738999346245976
17 44.47662491670104 -77.83822516164739
18 42.266603337629675 32.171543984294516
19 8.158769232818315 -38.25100848777374
20 -63.43757484409676 32.451085755893615
21 76.69591579622178 14.299742979979086
22 -73.92619264217772 -6.217961646216153
23 35.1111965861387 -37.349952631992366
24 -13.640724826737483 -7.176891007018952
25 80.59134735462354 61.48470735686229
26 35.21667389048076 -76.40632574217395
27 -14.462474995304973 -44.715653214977635
28 -50.965843166730366 -39.57286862668155
29 55.639667512799036 33.99769656156553
30 16.95345184443191 -9.474960743890534
31 74.26468291446616 -84.95611285112214
32 64.46765171706033 89.5802040868123
33 25.425289645987178 42.78853126742811
34 44.67742680974254 -92.89928860373082
35 -30.177068777935972 30.42646656328435
36 -56.71888663302958 -47.51894946436652
37 11.93475250181801 34.243054556193016
38 -27.52434261293672 28.530581137344626
39 40.84114073231879 -53.48493981578895
40 39.2970104460982 46.08356536431825
41 53.4669303099231 -79.14883697571116
42 -34.46996368135824 -28.520888450447927
43 -23.8640317208543 -97.43885167758324
44 -90.83027829229886 -91.88658523003383
45 -11.18480803485565 26.68203173055521
46 91.51684717709608 93.93078698827804
47 26.151086120771012 -32.421681775900126
48 69.34296880420717 -91.36607988237199
49 -19.622213602530806 -23.42732950671447
50 8.161128184012313 27.558030987580295
EOF
