DIMENSION :50
NODE_COORD_SECTION
1 -62.16555175620191 -59.53417191672432
2 77.51871424697859 2.1797819502221927
3 -96.57174331019236 -45.719372395847934
4 -45.12662424936173 -10.15063266702785
5 -90.3467730062846 61.110705418629806
6 -37.048508296443686 -76.56552605239017
7 37.535617626982145 97.21136417851511
8 -27.08457956177574 -49.88849823320236
9 78.35198703800009 -65.79793274416545
10 29.130764531974393 15.816094819192415
11 -11.70033044835732 63.46682445027196
12 -36.27418745742273 -46.34441681791086
13 95.0694963851152 -0.0856256001668072
14 4.962968462914844 81.27161395836254
15 56.79067769317899 -42.42993831106112
16 17.09917872562454 -83.63678045906855
17 -81.45563310043002 -54.2395832350764
18 19.763905668757516 6.494635065185264
19 -62.38096375651159 -37.809556264996715
20 -73.51520708375602 -12.52390986156955
21 -44.09268097610535 -81.99719705561171
22 14.842676100932863 34.02009915724099
23 -13.679476231862054 -80.0530319245606
24 94.8392621026778 47.039562728725315
25 -50.17641939622575 -43.92431789247813
26 77.41220829639914 33.8683249023679
27 -49.330152238341384 83.92495036432186
28 61.63401962729898 -19.151306183697542
29 -90.35841892705886 -96.07703276532304
30 -43.01725965914358 92.14456904345596
31 -11.421377905291692 15.812373653082062
32 36.17383399272421 -25.697061693560784
33 34.20428181341916 -97.84065267259747
34 74.39445937021932 -16.999572478815466
35 45.23406787727649 60.56208203188126
36 72.38262537982709 -83.42417905214268
37 23.97934120062257 14.960251806052497
38 -16.35446444098072 -59.63665797875755
39 -87.86528887423108 76.48612829838711
40 -29.78720658370287 56.50577804224116
41 30.164370212283075 -4.412884173301478
42 96.6718200720199 -4.1596566928241
43 -59.32072015870513 -50.31152127306338
44 38.83435584687899 -98.38556473525404
45 -61.57644391313693 44.4541201605376
46 -68.76553472054236 -0.797583235192505
47 32.96508431780785 71.74236518286327
48 -93.23990580664355 1.658591164911428
49 -65.08815118433247 63.642702213565
50 -7.928312461640914 87.85568559436615
EOF
