DIMENSION :50
NODE_COORD_SECTION
1 -20.18183766177168 6.618220691947201
2 41.690377201025484 4.681980625262568
3 -93.06856705045092 3.2434094055980864
4 -52.27886918578402 -61.18161108888063
5 95.91863040458429 93.75462469827619
6 -98.85812896031013 -9.926666291666592
7 -9.64611781241291 -7.26290282210185
8 -8.09608611317006 78.98737569760047
9 -20.95911613496486 94.93157204252043
10 77.11689861533773 40.13717475931537
11 53.507417516112355 -14.350980797574593
12 23.792352115422943 21.248530595392708
13 31.69653418581177 65.21067377908636
14 29.02962509404179 66.19857978083542
15 46.37115680897571 34.80718215799911
16 22.11805779077183 4.789305185312614
17 -21.02436044533988 24.95968207846863
18 0.880812073929377 96.58844300550561
19 83.17411857196339 12.80482381242534
20 83.68740759436952 -68.20198189054969
21 -12.987690961069603 70.71462310347115
22 68.91348213014427 79.02479305062278
23 -11.374251172239497 -83.69872510274647
24 -14.772092300894329 87.99091572486643
25 67.64418552664515 -7.354017577094396
26 88.93901225910744 -95.36280510698967
27 -77.08161987555853 97.62999936402116
28 18.733058339262172 -63.26454654472864
29 16.921982863249013 2.535124801596453
30 -46.510116024891616 -79.9595445481178
31 58.15796236549329 -47.380055430602816
32 35.46203538235213 -21.82398995936849
33 -14.874594666353985 26.167187574992283
34 18.955333458478506 43.86389005568722
35 -71.12079377112515 43.5365929618969
36 83.75040287225949 -85.23172852843675
37 25.941650234201546 64.04680081056566
38 12.856181662442552 54.142425695342354
39 -70.69849877513997 86.0488363867652
40 75.78809808028623 14.628581745079245
41 22.46276356978602 -25.657274057193774
42 -18.58495543546796 62.97574022528431
43 79.98178343283811 79.12800646717298
44 -31.479044812371427 14.104480837269804
45 37.658080912976004 81.96780333689193
46 87.57824668302428 44.861750667651336
47 36.52062406973644 -93.21471202343244
48 -6.167959571672824 -49.02731916411574
49 -13.021954187768571 67.70039732539092
50 -80.35439920861234 -64.88935170909218
EOF
