DIMENSION :50
NODE_COORD_SECTION
1 -99.21695392670544 -78.53952675452629
2 -6.8619667607027 -46.319402667004226
3 -22.275020252006655 83.25324458239501
4 -60.898654556654265 -13.81588289390325
5 67.35698754442538 56.11669149730568
6 -55.82877048438461 33.53538550824388
7 -84.35007412485969 -2.605879950332053
8 -27.23282542926775 -83.08196062653084
9 36.92477571589089 -64.12790251733804
10 -86.63159040142557 88.83389238812626
11 79.93977957919111 81.48910133729146
12 -60.50026995752318 -52.1510435877818
13 13.555550117146467 -89.63905191924334
14 90.01762803973224 -11.440740769693164
15 -26.926870729399695 -56.780050791248456
16 -3.0013759293866684 -88.38841510772792
17 53.06655391318398 -68.34618733501586
18 -0.1164785455357844 -94.47151713640172
19 -41.492052930350965 -5.9306881671166
20 76.1325574573392 -69.74915139315058
21 33.209929191111286 -97.90519451633438
22 91.49824120367529 -18.274586312731984
23 -26.913593878783587 8.17485759540422
24 27.124080539102067 -2.471264873324472
25 -98.54035802732535 26.39910634067877
26 76.02904226218092 75.4330322257895
27 34.617926052054884 31.14674792106331
28 18.139087220365525 19.983599042567462
29 98.05470118955634 21.91697302148394
30 80.87877465324127 -93.42866397919785
31 -32.70329941310224 17.75474631165143
32 -28.56263366489496 -41.85183949582212
33 -98.04496372110252 90.97050627953013
34 -72.8244366831911 -33.352982604742294
35 17.609935262696425 27.391212866452435
36 72.24044591217532 -40.66758427480872
37 97.36617826436958 9.169443844243247
38 91.30786765667699 9.721217677916599
39 83.39305670789517 56.21620747468853
40 35.472969645980925 23.377813961006623
41 8.489053845948334 -66.38784961173533
42 -39.33877101416914 -9.198415383228436
43 -71.31184728152024 34.89101800176843
44 65.53383369801196 -7.211226912063466
45 0.15113124102855124 -15.121811306380579
46 43.712889664608724 -31.935088881018032
47 7.061879265734177 -29.193742317265034
48 94.25339614636545 -91.35202081295955
49 -8.024830814495076 -93.28142512051112
50 44.64061748294898 -64.68340454305911
EOF
