DIMENSION :50
NODE_COORD_SECTION
1 -47.05577154589618 55.85824562150103
2 89.88365101642037 -6.970881266367556
3 -5.422338260191964 73.94310738539556
4 5.657185866484099 47.711923337922315
5 85.80429038559976 73.40351287320223
6 1.550311200600916 6.620585190992017
7 -60.97452005497761 -9.332993444395527
8 90.15819355713683 89.66309160036695
9 -23.6058962751231 -94.18531985727742
10 -13.994274425653288 9.098154947338116
11 -56.28165317858074 -16.316590288609675
12 -69.46039017021735 60.892748202391346
13 -34.17542446751847 -96.57420089391304
14 56.83694106029017 -39.36830559681259
15 33.10708592885422 1.0700111348619572
16 99.0901559535653 -91.61517237034728
17 59.9690446343763 -97.83915428074543
18 -31.470318983042716 -89.89874359033155
19 -11.91442943095717 5.352342607799486
20 -84.70272020163748 57.51444534425997
21 -79.1036015887673 -7.1385435261600065
22 74.88451008096735 74.20573703801912
23 -29.537824905686577 -10.018854314531026
24 -41.89753349366252 -27.611818933184423
25 -26.205044807321926 73.39054901768964
26 85.15031463737509 -66.86359852530208
27 93.00011203082431 -63.211228125567544
28 87.20192176433926 -77.79753875692117
29 -47.95669780216738 62.41804138916805
30 3.0312666940132402 84.22165739000152
31 -17.317151689658573 -81.66915082240519
32 -16.451064103544994 20.02624954243359
33 53.084342293406934 -96.20498401071448
34 -16.276363623920133 44.94924029641723
35 34.86086915553756 -0.9805755875350997
36 69.21413641317778 50.414308624582844
37 -72.24114873059563 -59.5775662379552
38 94.13859548485436 46.77211324868125
39 -94.0639589725614 38.95387788040108
40 -83.2400553129264 52.25726735362775
41 -24.245283052687455 86.52078494027353
42 11.467325182721993 -88.89573224648673
43 42.239825788700074 -45.64416679613645
44 -91.71461372311703 73.27477904769532
45 69.8281752318729 77.20683398138414
46 -54.755374617312235 -51.08723748633148
47 92.76159302099103 38.51433655770197
48 -45.702395157389034 -37.44205317125666
49 81.45326657537731 -75.71621902466481
50 -81.93260894137674 75.31217942369759
EOF
