DIMENSION :50
NODE_COORD_SECTION
1 -96.6167218201795 -2.8524942402409863
2 -67.43374251425223 -82.43261042244212
3 30.5557430289615 -42.848995400183945
4 -9.875991486836128 -19.432227652705762
5 40.27662309427063 2.0869815613465903
6 -42.8828928154972 -48.00695441758185
7 -68.01225081237592 77.73971635550981
8 62.69114857820907 48.913549188382234
9 40.11930460950032 -82.80865863025915
10 37.520964826220165 -99.11789622227933
11 61.39940140519744 -91.61925668947973
12 -54.24599766563774 -33.408420822901135
13 34.78610294286452 -99.6052175887219
14 -61.365636437915796 29.441208834869627
15 13.163667562152199 -38.4893337311943
16 24.906375229502203 10.518695847368548
17 48.171485586970874 35.79731354335223
18 -99.05191032592353 -38.08072811280277
19 -26.98934462881472 10.12262446902092
20 -87.31322988055857 58.986921899894895
21 -87.20028488284832 99.7026986489027
22 -68.30011139570031 96.97704358203316
23 78.02766530987333 87.86795859431368
24 -80.4932247269167 15.803832620864384
25 3.8788761081813874 14.510392311809866
26 26.907596996500388 -74.05016660424886
27 -13.318804858504492 -2.2849953104066714
28 29.327969821420083 -10.720900886428879
29 38.45493696829928 -5.632249060078067
30 -65.52108937857106 -79.5905500514742
31 31.51717909761794 58.07126590111392
32 -84.75635369849381 17.463471226623483
33 37.32221954362538 36.48871682076245
34 -81.44591775076395 -94.56820457154087
35 -22.80430512285669 65.27521652036123
36 -19.878459576993123 -18.95351535069068
37 -2.6536002483904753 62.04529850977835
38 35.23776083066062 84.9762022728548
39 56.51637534181842 -98.6360273023337
40 57.46384535671564 -4.680947779999258
41 71.85642550764732 60.53801374373887
42 79.87626456009218 -64.21709203660279
43 7.0908310785927 66.02310069881244
44 57.640782629026035 22.607302894329436
45 -93.23852330638172 41.55160784833225
46 16.036491731681735 36.19477843475468
47 81.31827153498901 61.624795579942145
48 94.65394880722332 96.58383586959403
49 30.049295317952073 47.80228088779609
50 -53.65724846922835 -53.690358319306554
EOF
