DIMENSION :50
NODE_COORD_SECTION
1 -75.28393798104172 81.01436848878404
2 67.16793189590419 -21.799890571163516
3 -10.279061613428041 63.4777144827265
4 61.6806813821579 -59.964103005755476
5 -3.317912551061994 -90.7685461686746
6 18.642955554153943 -88.58882552834983
7 -13.831495541626012 32.39837844889749
8 56.90818313483635 -23.53666023288477
9 -24.82360620214159 31.46023662392733
10 27.200072044297556 53.20267519216745
11 10.874413455761882 7.854037047263574
12 -41.25456541509269 57.5421318290538
13 97.57071073092493 20.60903524731495
14 54.339392973447616 39.54034988307512
15 71.78576052960156 42.97288779567006
16 86.55898002160745 -19.83043626855674
17 -23.708378437447905 64.5145393090935
18 89.44280218829604 5.084328330924464
19 -58.7952514208619 90.9804423260289
20 -37.19409332640629 -28.719121069677115
21 18.69608949725574 -65.78023981779003
22 10.460654283110287 -86.79888609564826
23 37.60877443707437 55.78336639840887
24 -81.03411514504113 96.74919414548134
25 -54.74980526298432 -69.65967448784676
26 50.12823138968406 22.852918586182085
27 85.85191244079613 28.844826049455975
28 -31.66888946229838 46.6158902186738
29 28.667375214455973 -13.574583121633424
30 52.86825268497165 -66.2292155683933
31 -96.59605750975841 16.257573868037056
32 55.81045707983748 63.057922226842294
33 -73.33764283211164 -41.78039714331248
34 -42.46434568884667 -98.68245280981496
35 -89.71673286670234 -90.07894218022577
36 44.90395880899618 27.49811390131758
37 30.977078748379483 -22.26822720902595
38 -8.839055425326464 -37.5529139953263
39 10.339884150729745 -93.27121487675348
40 52.00403302847178 -26.735181946344284
41 -94.66517583267495 1.0174637538668918
42 -91.1517268571546 64.16595217733786
43 -58.45523336789156 29.672156544301316
44 -11.820459206170696 -59.79285932057727
45 34.97884326248578 -71.41917674225002
46 64.98459808071703 35.9036912766438
47 42.941776781604545 54.76710940949641
48 18.59908259622152 -62.32806390300571
49 -39.548315578218585 -72.69756387913402
50 -49.08388820146414 97.19815274066474
EOF
