DIMENSION :50
NODE_COORD_SECTION
1 33.48556110359371 40.506338147389215
2 95.05891553756777 -32.6664700468239
3 6.098622462222096 15.391565984971507
4 -57.859024571292906 5.020285402768778
5 46.69097191932144 88.84893107408087
6 -1.725488523368469 -17.041368452111058
7 -45.06287725216722 -13.093426334817977
8 58.90970749369987 42.53849410631082
9 55.86962359108452 83.11292058197245
10 38.78344165790617 -13.632302042170409
11 41.7024231403264 -54.68423708945702
12 -74.30537616096993 -23.07317053840805
13 74.56524394903784 10.223987252981999
14 74.99086391893513 31.112830090879697
15 -67.34988000684544 -48.49489522059092
16 -23.0251721473345 45.66274384398898
17 -48.002026958422505 28.46080746975653
18 64.79006293072777 -99.6368549072734
19 67.12950680000321 54.86188704870588
20 46.947663167642304 -70.88517730824077
21 -14.04865756332272 11.31282719219206
22 46.50670922264871 -76.6636053992695
23 47.844876665571746 -60.44444855265078
24 -91.9769677586131 37.8544961527688
25 8.571885576302662 3.410763707417374
26 -6.267729866824581 -93.65760899368702
27 71.607486445707 78.59444840960353
28 32.034974311296594 -58.46725758111428
29 -57.26241932636276 -57.563849442536586
30 -95.79717944387536 -5.1554816266655195
31 -76.76546060876623 74.56469379491159
32 59.32678971172726 80.72795247967309
33 76.65139097279265 50.91609258228601
34 -67.12045617974445 -67.05445419965918
35 -94.74863791928696 -84.04257398538914
36 -89.1340523813553 -46.82873613724077
37 -45.683832064269914 -48.19043732635884
38 29.387115437553803 36.704003482868984
39 -73.9469375589876 -72.0093296361897
40 -71.45497900627858 15.75556140472625
41 29.547127041767595 11.791432509454452
42 -10.033759313404914 47.687391417756544
43 19.181923617074276 46.83211346919208
44 78.82491410634154 -6.265566751615253
45 81.17819007660813 66.14050478919117
46 84.09665350523346 83.16844971320623
47 16.376744493843745 96.12896931903742
48 -95.12336316389236 -61.482694557749994
49 37.11842892823606 -70.86219072467408
50 65.94670609798172 -50.62927680635296
EOF
