DIMENSION :50
NODE_COORD_SECTION
1 -11.34416936969987 74.87424744485662
2 48.09966024020457 -2.5951898038062353
3 49.89994071690015 49.819631707044636
4 -23.71215067574488 78.38806979125604
5 51.514369485719584 28.17680899702941
6 -88.67405070110232 -42.25273898231756
7 -7.037927981701415 38.57778078678743
8 60.61873033411851 -35.20651005761799
9 -55.61298090696884 -32.087467151750545
10 91.81035991562189 53.922837473282954
11 -26.116648719047348 21.126520517077978
12 80.64193501252794 -67.50550685843062
13 -69.80544638640376 -97.94965400611939
14 9.469201856156957 97.96428050156933
15 -8.921719386731098 93.12407419801386
16 20.132962496199937 25.124421357024488
17 44.798950031993854 20.66790566977332
18 47.72650384515339 43.71445353124179
19 -89.31314837974477 -67.61023206290382
20 -34.09432009760283 77.33221446507011
21 -75.57098656057725 -14.890338089960764
22 -40.26097631694652 -23.512057852746594
23 -85.26624251235235 -56.780482521303455
24 -91.30322636986517 71.80854859488426
25 80.23724314792577 22.18640006899149
26 -89.77082440250376 -2.1867752542331402
27 -61.002922693715256 -23.55397261499664
28 -96.5138003582422 -6.654409812116114
29 -32.35560331991354 -72.67742223358549
30 63.08209513165676 -28.338369524294336
31 -26.75730366118782 54.14980580365145
32 24.409975589390598 71.33675827574874
33 48.12783689487537 -69.44237159076245
34 74.86316096469415 -51.430585241452945
35 -53.51931206715987 -22.07267768028558
36 -0.5785591611330005 -47.87737105406573
37 91.10999561465906 29.30754723889183
38 -95.5878611675377 -65.94089837110431
39 -30.100068786550025 -50.37742545007915
40 59.857346627151344 -7.410680635627173
41 13.603201436705817 41.79296931032843
42 -1.3297643487809125 -82.23356638170168
43 -39.86282911233738 -16.57174462379301
44 -9.935018617987708 -83.57447742288585
45 5.267078434330784 85.03998233628735
46 -35.103659228802854 -70.32091114434849
47 -84.4631485917064 -61.73721501364937
48 12.246545918465273 -75.55547400974314
49 -63.465181434688645 31.359989601038592
50 89.4286426249918 -60.10646558113142
EOF
