DIMENSION :51
NODE_COORD_SECTION
1 -19.553392144374612 -56.327134322137184
2 -58.450772656835824 52.65663732851752
3 -78.85559329522798 99.7945282573618
4 -17.305042000096194 -70.76502163335341
5 -21.396164672691825 99.96944042100412
6 45.43194238028704 -21.483353090303552
7 3.910151415501659 1.7284521013233274
8 -23.199688940267208 -98.98643012730983
9 -70.9053409946084 52.1612761316058
10 -24.04737516542066 38.96842272984472
11 20.135126065971193 21.568448232103535
12 -35.88889345864992 -0.10493605880614609
13 -0.2948931083448514 17.8744211628689
14 -17.019564024945154 -85.85754065670712
15 42.48585689927924 80.36748908201511
16 99.13681324340976 -80.71401528673914
17 65.58110558000769 22.62126742618429
18 -22.73435214969753 -73.93575132503689
19 -62.44839762069703 -3.0084782558665637
20 51.72174948601261 -86.25661933636479
21 11.812745329223077 86.87122202277183
22 73.73740410314232 -72.79496056452552
23 -46.384624854008116 97.92572860235634
24 -59.294578988058056 3.718248026202204
25 -25.44384835159687 15.819113973400832
26 -75.68435532135503 44.269418374909804
27 -85.4592871416242 -74.5183544492041
28 -94.0748980805526 -37.51117884350488
29 -81.65080531277403 -54.2424113344629
30 0.39344825557911633 93.62593637853129
31 -57.5696061729126 -76.68857344283857
32 3.7169873349752294 26.690114139564017
33 -2.722701729581928 50.95980894742772
34 35.14603803571197 -65.21291638093973
35 81.71339243092046 28.13548446520889
36 -38.92789875207694 -78.15412780102804
37 -2.3544067204478267 64.97860074952814
38 85.82267044835655 78.3447995159049
39 47.31631343259201 -53.410240461986504
40 -26.396731155691725 44.30922035772747
41 9.81368169195882 -79.73161250524312
42 -73.82227755995147 -85.23217977416488
43 -30.42447580769243 -53.90114095181517
44 -17.520655787991757 91.0182617842334
45 -73.15076637188864 60.03611823320705
46 -70.80283736592472 -19.53291035137606
47 58.54628796929029 38.6813358080594
48 -84.51700171588648 78.47285217930042
49 17.65667924692349 26.22745478664652
50 50.27668477683724 -72.46453634353544
51 -39.63489908140338 86.59334149540922
EOF
