DIMENSION :51
NODE_COORD_SECTION
1 -53.873121055154336 -24.59941253314058
2 46.25423811037854 8.899418976951353
3 -57.906101129910326 30.78730486691532
4 -88.14162474517578 53.24557431035802
5 66.96548869001299 -61.584995709799514
6 -34.03480762285133 44.206358730639664
7 39.960881970305024 96.72584872171558
8 90.35005888735807 87.46969674562908
9 40.11089276186638 64.14299940648445
10 -62.41028108916444 -69.79178137957214
11 68.40113433273393 -41.767948165834824
12 83.86376518711978 64.56554071743366
13 -73.78742597145451 87.27466857101331
14 -39.87070813928857 -4.423224409482444
15 11.017666176121239 -32.004224574646955
16 82.64646106422347 79.31553912949789
17 -34.35808258689433 95.09990786464829
18 54.8093485905178 89.59874173641268
19 -65.99778793774453 -28.56376054414784
20 -55.5370227318648 55.36948817497276
21 -25.91511598281096 -17.974032767124896
22 -45.63600173923672 -74.08241740195798
23 58.02799055797226 -99.15027540118946
24 -1.8309476723785423 67.38603005298873
25 49.52388317789908 -43.793167291247556
26 70.31144106794406 71.55118722144692
27 90.35970669587485 48.62218226793976
28 -44.646792642869904 66.65308926966424
29 -49.235002059720514 -85.30934265720242
30 60.876392390150954 60.09167576346246
31 -97.66287405782934 -39.086946437745084
32 -22.296259608868425 14.093617215866843
33 -42.33306227019125 -46.50849070836218
34 -27.78431833616972 -42.00641354460475
35 87.3884179948626 -56.783475771327716
36 -2.242962734192375 74.56278290213078
37 73.22786029626548 -71.00829075745295
38 -24.396639525701318 -37.14331849347363
39 -15.270476875227573 19.20647627118366
40 40.68351900205457 -23.657042907550817
41 77.68634581629314 37.08094962977299
42 -26.768467101853858 62.60965399657738
43 3.9058302797174065 34.27137969899053
44 -55.23259666232172 89.74269477256976
45 -5.207181292020579 26.438511033142234
46 -4.716887059975505 34.50093212460112
47 -64.66763546997842 45.1453507696468
48 -71.76342794945805 28.70594845557119
49 -19.59241171393012 -87.63522135433838
50 -39.067115475386395 -87.19709988366222
51 -18.01121649350405 -12.958288883323846
EOF
