DIMENSION :51
NODE_COORD_SECTION
1 -29.828306425071105 -17.75845107853459
2 52.244727629721126 23.64303024824177
3 -59.3353038783603 -82.7222200146899
4 70.56644227065505 96.42449504061813
5 62.81959915139396 -1.7394351245114734
6 37.084300150724516 -5.56156022942875
7 94.27819078803714 96.50693580881003
8 4.641927772775546 -24.882169195537855
9 77.26710068432766 70.27356844176299
10 97.97719447995505 56.197805648607925
11 80.8056740027109 36.28563424440841
12 -74.40310251563852 -50.821098587670946
13 67.69204891010199 -24.89703646023382
14 68.10498172000277 -58.3913073091771
15 -37.48138666315499 79.82669575957317
16 -31.057343983542765 6.923220627709384
17 -33.30534922150083 -21.061321375375016
18 -11.149876741972747 32.50388091414044
19 -82.56948899269892 -83.39513215905521
20 -98.03862827121029 -0.2308073999123934
21 19.864187858049903 -42.43687018827096
22 -90.70507194384653 24.535173658125416
23 -5.0121488915777945 98.75486079594279
24 -75.49492477245776 -28.45794015501238
25 -19.241730504305067 16.14890359290459
26 47.109637094556206 93.95900830602187
27 -0.2482089716278466 52.745286731943025
28 -19.988092632631748 16.842780885599538
29 63.950995073974696 -37.46451969116473
30 70.98594244147677 -17.059847779426462
31 25.72679593204228 65.23471298164893
32 61.89595738697261 9.888087753893387
33 -96.19382604363935 37.891210018881
34 -85.22784917818898 69.77969572204279
35 13.992529186440976 -27.983913308179424
36 50.466832877086546 -4.772007824422204
37 16.631904448243716 -41.333240885030676
38 -16.533726173461318 -59.52634995166637
39 -43.704809839982396 -71.04418514032622
40 65.53530966074516 81.74698020599641
41 -86.12724873872432 -26.253657861277205
42 61.22325314451669 28.00830102987365
43 17.25458693986208 93.83370438004908
44 -30.138777343797372 -68.64483436856408
45 63.99575873358657 90.70295863861216
46 81.53261636995182 -64.20130950584604
47 97.84317265113475 97.99002105568923
48 -91.40006462841833 -16.224398330196337
49 -49.27339067096837 75.06384968851953
50 -30.277193960253996 -88.32364025869546
51 12.793316531390417 36.685945149414266
EOF
