DIMENSION :51
NODE_COORD_SECTION
1 89.42303367517394 2.7016918855940872
2 20.303572843548025 -23.071033457103013
3 -16.078230555001525 33.92331022337575
4 60.921517319087826 18.740576267840453
5 -23.29201689186762 43.76191155991776
6 -42.25506816204043 83.09231110033016
7 25.083833081001387 83.56722295164812
8 92.19281875729982 -71.5275943474454
9 87.45307256984816 33.81784141206239
10 76.8089421962822 -52.0291473820504
11 82.47193646442983 28.686176235499147
12 8.389772690376574 42.73558866909636
13 37.12611276747006 -31.274604738516018
14 -33.79385618411325 70.21133812518255
15 30.844481389035195 71.41593088550201
16 5.8862765529578525 29.887076103868083
17 -0.013323048037833018 -81.90192293040917
18 22.379340344624026 -51.30802502172376
19 -94.48169820961607 -4.143520810197728
20 59.52031430330834 -41.15622251733797
21 -13.586009183264338 -95.78887568185861
22 -70.93154629596248 -77.13239398477361
23 22.305211737957293 -0.9913045946488523
24 -31.3067548075378 -46.332690683430044
25 -88.88378077636561 79.69718229515257
26 16.233295381398037 -98.05452762979046
27 30.90807139543699 -8.794435230435553
28 6.65512681086409 -61.067663009807596
29 -0.12266738044246495 -92.06029844203918
30 8.490498634870164 -50.70220783378703
31 -25.567502439423606 -5.055679234739642
32 8.132305008415557 -32.7150644213021
33 -67.50220066306123 -99.92964112350376
34 -76.77916436044848 -61.482604029457846
35 77.67063522364359 -78.9742831913393
36 -19.546448287389566 70.59707972072292
37 -30.41458967899655 -87.52327478115001
38 -71.49675134468629 -52.47732147566217
39 36.81309142386212 50.906635433438595
40 -26.669003348286438 26.12362971913396
41 -39.14756073634447 58.726422967667276
42 21.03173430756715 -92.88186107677892
43 33.24535694575226 4.1723937609312145
44 -7.547921126630371 79.06796124954562
45 -17.42461640784485 -60.18592807463181
46 34.171405591530146 70.41671362590253
47 -55.91504130417013 20.034863392882457
48 -7.961216562893725 -87.0374343845193
49 1.8735772092890244 -53.362800758497066
50 -63.68999668854076 -80.46982702224264
51 72.11558634517931 31.762744145324376
EOF
