DIMENSION :51
NODE_COORD_SECTION
1 -46.15728582236931 -2.7828201192388065
2 80.39361139046989 54.100894282632936
3 89.74992719003049 45.06181887312616
4 9.156779585183898 81.36014497721669
5 -89.18181027624823 -73.95294214632338
6 39.35116044231384 -53.82881696758424
7 -11.603868955802767 -39.47339547283533
8 -60.628395890184585 95.31420481209295
9 -67.09157457878634 24.868412064307506
10 -16.665398833858063 -64.17039048732903
11 -80.31892372394756 -36.64246187344862
12 59.64405324321319 50.346883634208496
13 -72.00295362423631 -41.08812804429669
14 15.947192742427603 -7.9330887065643765
15 -43.6478528058722 77.58271264551516
16 -59.34240390423204 31.107793465349772
17 21.607801269410416 98.10114579770112
18 91.57388437279161 10.838501651120296
19 75.71368448455911 65.2703087573345
20 73.7242270712409 -9.011267191344132
21 80.89997546441589 -35.20739812553751
22 41.41834740878872 3.737265035448928
23 -27.28459739842475 -92.83992974063437
24 -46.409722031150416 29.64537257513419
25 -89.98612400190133 29.52514495681305
26 46.866663946760355 12.215723013381677
27 61.96903707000385 -22.991891387785984
28 -92.60297396069319 -26.978591005490358
29 14.422677875034267 -91.3134412776568
30 20.33390336707592 63.763726638082716
31 91.3494399533356 88.55137750177445
32 54.95234772705743 97.28139645540978
33 81.94687114434907 68.00263156266587
34 3.749905467877852 -63.551986269781025
35 39.836428912681725 43.99798920468464
36 35.469635793460924 88.05853654982485
37 -21.912448024905302 -14.244741207468962
38 -55.15957730450172 -51.7802412925551
39 22.253585758424904 -37.05031464628901
40 -14.069724253235407 -23.576362243038744
41 -96.66520427271676 -20.364174710851856
42 61.359968433869284 37.39653838597846
43 -26.439694550450426 -79.33731992278845
44 -93.77411413742995 42.981535452471974
45 10.107416326330736 -48.85992203230649
46 53.43252534521014 50.72476837443361
47 -64.64673686975433 74.55311807373715
48 -3.7633847694782787 -68.49879693053964
49 26.980279903031644 -48.589254072246014
50 74.15647413535893 5.428996230910869
51 17.233676154694066 -92.14655840816248
EOF
