DIMENSION :51
NODE_COORD_SECTION
1 12.09337897394343 77.68584187219801
2 89.15382877347764 -65.79403408630932
3 59.41660961407803 56.48205051927158
4 -35.192272109717166 -18.86276764408825
5 -83.11966482025943 44.11661872731875
6 66.90267905389013 -41.63973778647263
7 -92.9352557932085 16.672588866729313
8 63.96875658707569 -75.23523664830158
9 -53.19464799386746 -34.681713807152704
10 -89.2100425128003 24.323445754230775
11 26.894339357749516 -12.200483198347769
12 62.63281815620556 92.84351225816792
13 -7.747246565210489 -65.0547441051597
14 0.36161145034260755 -22.562730027404072
15 -81.350864507397 53.23290144364995
16 54.41006436333592 -91.31616306942196
17 -88.85853051661763 -79.87660871271835
18 60.306171802797934 -38.257087589145634
19 -40.228927408192284 -44.209639475421824
20 -95.57682365709216 -29.779340226469913
21 -20.361438216643407 -86.9682518689005
22 -74.14361808418471 15.3768102930687
23 -64.65644666792801 -3.4338324351031133
24 28.802022128251338 3.30117408552573
25 3.871332632317646 43.58056454216509
26 29.5409559619238 63.97678021045897
27 65.36139622148306 -90.6903700755939
28 13.106550799235734 -41.31405715239771
29 27.79413835822777 44.5916114803222
30 -93.05733949612278 -33.99537463882622
31 -10.51631959568769 26.759059588193665
32 92.33415342193015 31.669555031069706
33 22.36632660089697 -89.11267177906024
34 69.11902741607332 -86.10851182074255
35 19.425732240273177 -94.66246191560165
36 -34.83225147810687 33.227264524634165
37 -8.802618904934604 43.694822388597174
38 39.3418817467892 -55.08777518598438
39 19.146567092940387 24.61678496380995
40 65.12084163707127 -8.406346923706494
41 -22.184337731878884 21.771100979866432
42 1.8119672222966017 -34.30497795837229
43 -77.01205148474659 27.95529100477448
44 61.23580328088099 -86.82023529796807
45 -90.28309974755962 -9.344270326025566
46 -39.995038220323906 -55.727465439675214
47 -48.07862322330312 20.717065806561138
48 10.991616351569732 81.7347902096013
49 64.34871090622124 -88.54280701900643
50 -47.6949638107089 -26.419256120528416
51 38.05924193577059 92.47716242477551
EOF
