DIMENSION :51
NODE_COORD_SECTION
1 -93.8960700888494 49.36012718353868
2 68.32307845669393 66.66051580103121
3 -32.443643892607696 -9.823885442546285
4 2.5027233703922604 -65.23926591985929
5 28.02113177213758 -66.43184441498254
6 -41.55159647316704 -82.6761548733964
7 -76.8903756783714 -19.60850735655535
8 -26.034379879536715 85.8438196012697
9 83.26083081899483 -84.50779689353926
10 -99.82096053258718 69.46020765341461
11 -14.140159848906237 -9.058922739230837
12 -92.72232924606243 -46.57773140879495
13 -50.3361949330702 -41.31904920940745
14 77.21172188406089 -96.33357038600133
15 21.2240581744163 73.02823531997649
16 57.73681133584526 82.18602044248982
17 22.71974060356807 54.75833186367268
18 -62.447070032835406 -20.21369566178963
19 -68.40526990101021 -88.95624385253265
20 -31.11308212546544 -14.018143460841756
21 44.61632900735299 39.30279697016144
22 -88.28097445688883 40.20748352542992
23 42.450595336944986 8.055699897813767
24 2.9554507010872015 -35.82214341368663
25 -84.42401428582731 4.174289452888644
26 64.20049147823678 -37.85487493028206
27 -61.66673960146978 -36.54987083321926
28 53.38340250938137 -6.032161614835488
29 85.13640870334319 60.19529058643215
30 38.34663949460614 75.31862176910283
31 71.34578519422178 -78.37104704493393
32 -75.39620766153425 40.021950785160016
33 -28.968781519239315 54.092042096729074
34 -95.17305637491877 -88.5723236094036
35 -85.17052710757798 -79.32883049775567
36 -85.77508127835472 -27.11025771824677
37 -96.67303421442375 93.60234014729559
38 -26.174715569818318 -98.16610904007103
39 84.87515311186121 -80.13628521081033
40 -17.2253395224583 -62.43810563705301
41 -58.52726243260611 -15.343963562714833
42 81.12337494313599 -10.145770375085021
43 -97.67484937478766 -64.99179826165292
44 -53.83792139933548 63.59691674118031
45 -38.081407473951344 -65.46541752276809
46 -91.77042551052779 -25.927505350765998
47 -82.07773339406263 -39.59018497534461
48 -23.987489130791673 58.2190129452118
49 63.95911487549381 -75.08422496054914
50 -53.29063418210438 49.07515253379654
51 -26.738048816170263 6.454519866621936
EOF
