DIMENSION :51
NODE_COORD_SECTION
1 -5.8364374769222 96.34529832564428
2 -45.338332381313236 -22.147663741174
3 -96.74036316556382 -68.10129083336378
4 -83.63399049722454 62.18473817439977
5 96.15673676779323 -82.84708414284864
6 51.59815291548526 -84.1722733377808
7 20.575352254742853 13.244923292786169
8 -58.361750210852435 90.8933741398065
9 28.022228933027662 2.524430020753087
10 -60.17102671665464 -89.26485697286046
11 12.293220303323011 -13.808196140298094
12 -35.73641235371858 71.14315175069424
13 -17.63262152540723 34.51724803538744
14 -80.5882613086016 -39.43340895193439
15 42.62314880582423 -49.48842150707655
16 66.19590357921965 1.3468990737087125
17 -33.21584609627169 -77.04201562735942
18 -60.86701198779407 -80.39054849801694
19 46.72861829166172 91.00325896874998
20 -30.492822248214637 -11.624521612519771
21 -26.727000395173334 -79.95390204513508
22 15.141619014418112 -43.3799385359432
23 -36.73299261742922 -2.5509718327308093
24 -79.81183251521726 -23.58384159526136
25 -14.186299215675447 -3.3603660725280378
26 32.455903087329006 -29.031540449693296
27 -39.84499376958317 -70.54410064691166
28 91.15078047551026 -51.74468759237401
29 -1.2605785256317574 9.129335663260264
30 64.5002532182449 -41.83943300812369
31 -48.78461047054399 80.08887507113701
32 -35.41166948657451 -84.60833321038919
33 68.57025901454838 35.807399362161675
34 -4.171945440445285 -33.85591396876053
35 -48.638617369722056 -57.79814246817128
36 3.8499794409153196 63.38639378780553
37 71.96248334635584 -88.36288544747445
38 83.18676037909037 -66.19566470912977
39 67.97486098818578 -68.627454776467
40 -25.014443395641294 68.85623266595562
41 92.42977623144824 40.32961368349163
42 -59.91848644316602 -46.94375152957593
43 -23.865328392458807 69.34762574117232
44 -71.88292406428636 54.515949523179955
45 8.492684921978494 12.634011367473931
46 79.99359923957135 -54.06116500088931
47 -24.648714577609 -18.09557642702586
48 98.7931284987699 98.67637810325874
49 -94.08745868091788 9.747169873351936
50 3.409877057840532 -1.8816397082551504
51 -24.535950096606356 -84.96465587336888
EOF
