DIMENSION :51
NODE_COORD_SECTION
1 70.31793360673615 31.19082621566008
2 28.562874648596704 96.13636771214385
3 -42.34628391165715 -44.16469234776086
4 -68.05943767295845 69.96145778960152
5 -13.704314585431845 62.36741149727169
6 -44.107086432737574 -98.45039347705841
7 93.31873197137679 63.84633709021003
8 12.757458369499801 42.77111972147725
9 -71.3153556711718 -83.46118242162177
10 -78.08804213494614 -98.93832974340775
11 -73.19522941181238 21.891435844383338
12 53.516941849532 -99.19938153423303
13 67.25767890579306 26.595016670395694
14 87.6492168416946 61.61990923857351
15 55.50288438192726 -87.82210504417162
16 -32.188043516276466 -9.74389230933808
17 -3.9667200313393067 33.728833343265364
18 85.03348657556378 -8.652837066643286
19 53.2604475719871 66.76451356276138
20 67.2435288527351 42.614579726088806
21 99.5286244877613 51.92057105479478
22 68.34217871091391 51.160771151858796
23 -64.99539823433477 89.05913562138375
24 -47.64657959604206 -89.84967818865238
25 -69.20752356051918 -74.4499646970886
26 50.28167184603299 8.933076957724623
27 94.4736409697945 -92.10326343234007
28 30.766238097106623 14.705989140533006
29 -13.625918011058076 -78.45773232627155
30 70.35527269376291 -59.900341754435175
31 25.212496700138033 30.604359664302336
32 -64.80269386214778 -61.385375561407926
33 -86.61563390184146 -52.54679850474864
34 -6.824975733102917 -71.37839680462885
35 -15.01129483139782 11.459089273463135
36 -36.01751423940189 36.67871016688849
37 33.80567582155959 36.90154889927618
38 -15.62639197326672 -27.791982597597183
39 13.784974032706728 1.9453563290511084
40 -83.21379174740085 -1.8873111106298524
41 -78.79372840764674 93.75308678794067
42 -38.227418282346484 -54.294950425440526
43 -34.47529762484416 99.21780944277435
44 -51.85599794215814 -62.64494571051353
45 15.015899678479158 -63.536344022171896
46 -30.536745039696584 -73.44237789358215
47 63.68662653224558 59.175994763762134
48 -88.50425511978477 42.656351511406285
49 -92.48137822035503 -66.01290980808356
50 72.45636535008782 36.25026518065695
51 -59.03510075464753 -9.442896642159582
EOF
