DIMENSION :51
NODE_COORD_SECTION
1 53.52404644939716 77.25184147074853
2 -19.35860993312187 -36.07519942418791
3 -66.90217758432995 -27.119750822188692
4 -58.15531495058903 32.95045053697115
5 83.89789057317759 -43.5016472277066
6 -63.632171351759666 78.75223373232242
7 12.233783891496387 -60.030411341332666
8 -20.137254556536504 40.17105859933625
9 25.405225348194577 54.88647777157135
10 56.23045345310774 14.48855681425789
11 9.216392087391284 15.544439635938573
12 30.338583713604947 -62.89484069850406
13 -42.4184443844839 5.517339456333417
14 -40.67006994511038 -93.65601734124354
15 -37.690693793421936 -59.88865105788448
16 -80.30876220483458 9.270315592235235
17 9.629073984504103 97.01283506802622
18 71.35296900911598 35.08078905573143
19 -50.249792503086695 78.73497554428548
20 -34.55761072370247 -75.46986438657981
21 6.720451072130132 73.0069334495258
22 68.91378883668392 -2.97231283211012
23 -21.922719180231226 11.038423141809446
24 -72.86864760312311 -78.5502777218966
25 37.26201909951564 88.63161554708395
26 -85.41837423567789 52.37788995008904
27 -3.506744393281565 11.401345673777058
28 -65.75583210508506 -59.61205922426329
29 13.772734737302784 52.90369243190864
30 -82.2494861225127 -56.82285507796028
31 34.92329114026887 -26.737963367667177
32 -48.68686400318112 -86.26726107129346
33 -49.96490674020282 35.91875383325282
34 -93.49237136869617 -77.5920870530789
35 -86.57700816007096 -18.570196770007612
36 -9.65700157686274 81.68579183225305
37 -72.82573185922057 69.75849495947855
38 45.65636224046341 -14.423957693464544
39 20.592749573006657 -13.68619497539612
40 -69.27996036886745 50.002719113033635
41 -28.678278833383118 -77.98233583184225
42 86.05050883031561 -53.79391454710402
43 -91.34531771985026 83.9746833820466
44 56.76033951756091 -43.9048850540467
45 -84.4804562114732 70.85691055411496
46 80.39566677530462 46.65159729606307
47 -97.15157893068285 -44.094828188864945
48 73.05344333265276 -40.09936232559343
49 -31.47824756211874 -39.51227217712605
50 50.674207794777175 45.62659370056181
51 -27.197998342848663 72.4459524560601
EOF
