DIMENSION :51
NODE_COORD_SECTION
1 14.986322625943544 -45.115963755459546
2 -66.15842527354177 -93.9304772578726
3 -23.586333490811782 -61.769089275693844
4 -3.302193111213583 -98.00057713925779
5 -83.3375130368686 -54.795851679681526
6 11.454258791087085 -35.511250979929756
7 58.17185217481702 62.92191360579241
8 1.70410187023937 76.44701544923763
9 -79.19468639186809 26.838381007322994
10 78.02493157213644 -59.859693352081386
11 24.917403143391653 -19.47541870926557
12 41.35933626869999 73.90189408646918
13 12.646245421945196 7.875984912372644
14 -96.19330598545463 9.776117137884398
15 -43.640864122598934 28.207144392946986
16 -96.72725766489107 22.106513348890516
17 33.52982866286197 31.60756093105445
18 -85.59999761547019 -55.38174239539588
19 38.92750567750721 -49.90283043324331
20 65.42871900961899 -7.6659914813412655
21 -22.150799087171677 -90.46618245744472
22 59.11453992096739 94.70134693501555
23 38.22890652657367 -12.110806242767637
24 -34.44426095333479 67.59901847047749
25 -25.19180792975517 -82.5763224664135
26 -94.24072798106505 4.428320490758367
27 -44.84532121546858 11.45481630778724
28 77.00164854360628 -49.715046541689325
29 15.16636227472128 -29.172100959840023
30 -15.48298653246691 38.24579418090798
31 50.801217517474555 -69.13851726821783
32 -61.2284552835465 13.094058023917768
33 -66.87679101283202 -53.545441664801686
34 53.5596939580432 45.34537147975476
35 75.35732166969538 81.20618873935189
36 -62.61549804223632 -52.77353795808979
37 3.4977583122682177 -34.187427338217645
38 9.060613131648367 -57.70299070918079
39 -13.884884232709354 -78.32960951985282
40 88.20539311497367 11.694497107590095
41 -35.640175059223566 -92.47044459427718
42 12.259884793808624 -57.4791784362108
43 89.7607186347195 40.20236002402845
44 -86.0919314263278 -62.32149742529056
45 -74.73080098794532 64.75022810085858
46 56.23940179765697 11.503473818472628
47 -5.899019617868632 -94.76677415319661
48 -32.2738792874232 -8.169617941866832
49 71.27897721906672 -85.97835271190235
50 45.063486950835994 -23.334525533238164
51 4.382481516354758 55.83295671455414
EOF
