DIMENSION :51
NODE_COORD_SECTION
1 -46.50100144441196 78.03956696640145
2 -96.74296917236016 34.84671362168953
3 -4.989903016657223 -86.92188505049236
4 21.48422096414029 42.54548848319584
5 45.66520747472401 -27.73444889272068
6 26.90835611283316 -9.954754533846398
7 -87.99373507745997 48.92713950178006
8 52.43839749907454 -37.96945610869915
9 39.91405257112845 42.78784200065388
10 -36.06731219519395 15.424839108905132
11 13.400266476877974 -71.69248035577198
12 -39.04239645335132 88.63953904834295
13 90.82423959721248 59.734273342018895
14 -68.51000738106261 -28.88396550259324
15 21.97301352837904 -22.93333605756287
16 -71.290789208906 41.58974037877201
17 -90.82986417977949 -51.59549499845719
18 -76.62395441863995 45.419083112854565
19 -23.44510459561026 -13.292949214407685
20 51.89741060901801 74.48655764385842
21 -6.099447751474571 12.76643895693988
22 -71.9727705591211 -62.40700209660213
23 -35.1836268327032 1.2432784403487034
24 15.255566027552646 64.93022030644312
25 -66.09484220424213 -57.0995707228582
26 -32.7105138535444 -22.868597947646535
27 -6.575750130599971 83.7099660816437
28 35.63084853043361 -32.437615744239906
29 -22.77528504842465 -39.70253870992369
30 -83.89231683897877 -4.068540810654397
31 -81.78005619503999 41.226788594645825
32 -39.68260098655709 71.95893399139933
33 -84.63859226079325 -95.0823930568641
34 -86.70833889233201 19.762111772949083
35 7.075961406279376 37.526919746398704
36 55.294291678723965 56.775213327980936
37 -19.654448633641493 -82.08502231675737
38 23.515155483522918 95.43787598009635
39 -41.9131374568354 71.85505476264646
40 68.5245088769621 81.54997207134909
41 -97.78513058700167 23.935438651725136
42 60.70389917049013 20.10447198488987
43 45.75093424413646 -46.85864603637573
44 3.4712250584496758 7.574227455185749
45 -75.43738246820948 -33.10670789013135
46 -67.03085830846796 -10.957487369893215
47 -82.2011537727731 48.35749190534554
48 87.98760933214496 89.2313382196665
49 25.81083636224642 -96.86671819279529
50 -80.75719001471025 28.39550106183063
51 15.325511709310774 -66.03890443435934
EOF
