DIMENSION :51
NODE_COORD_SECTION
1 -1.1404973548701776 -89.4333570051426
2 23.337155937393177 -7.9583323435200555
3 48.97036090310499 -65.35397370724334
4 -98.23209414205026 -30.363454524510388
5 -61.49316408211811 -94.62753076065391
6 -3.9731877441717245 77.54738366540818
7 49.55804036325793 67.84089222054823
8 53.389428645075526 52.8466939383633
9 -88.02032009350911 -22.739555518515544
10 47.049622625497136 -89.20090230745836
11 52.87021027452886 40.33780403153756
12 -49.895901064164484 -98.92028343009665
13 -93.9789706241368 87.63220046016659
14 49.16492854494271 -27.310534090387904
15 -1.294648809964329 53.27984226071902
16 -2.5158359396622956 38.515793457546266
17 -6.478357511769033 -24.600462184874218
18 83.45108560938718 8.026363165264058
19 4.60944793325136 -1.344636372230184
20 47.54927232690372 65.37235903488744
21 -69.59334976620988 59.866212988735725
22 19.337228680527204 10.217020764016468
23 -50.78106532825202 68.21621823575049
24 -34.25719255072404 49.89418931344528
25 9.223873317315295 53.53408512741623
26 42.93829337134093 34.04061922761372
27 -88.86661886343963 -50.726640798233255
28 26.289600243403967 -43.365004006186595
29 29.590027315126065 1.2398206539561585
30 -43.650535584267104 15.415468331234479
31 48.47427402754221 48.77617687388471
32 83.59123920011325 14.936788271184412
33 95.65107216764312 -87.9716222310178
34 -79.44362279002324 27.067059443928372
35 -45.71394234471735 37.08176536389723
36 -82.6847917545181 -18.486798689590216
37 0.712992620152562 0.16961011391791203
38 -35.38270475015341 49.00329382910249
39 -27.064314958055462 52.82035669268495
40 -1.1658715704751614 -98.9568956403567
41 9.19924332527522 1.7241537391330866
42 33.773486932384344 -17.296987507996846
43 12.667002974016285 -39.73674902282465
44 -23.32861897115737 18.68073069109994
45 96.09108710523074 83.06488147533119
46 -0.8559084985806749 87.92425788988524
47 39.466122391559 -99.400621882136
48 28.609265124196867 -51.611475381195525
49 -45.992896699239296 -92.23980236964822
50 -98.33828898316756 71.03830815519524
51 87.3941229389151 28.526838787410497
EOF
