DIMENSION :52
NODE_COORD_SECTION
1 3.953697958094878 -84.26780377514709
2 93.52492761821304 -83.5458744964332
3 46.22547326718558 -36.587302785837906
4 96.24978591036987 -71.88063673479911
5 10.044956409996516 -84.63278708817774
6 92.74181807327864 -10.696862451654908
7 16.98237553525894 79.37160672210169
8 53.305598486655356 33.05492718225966
9 56.96546611266453 54.34195289283136
10 64.67961232135653 0.9367467102746616
11 -22.679586445859684 11.910563451979186
12 -82.43522860098899 93.96760207754684
13 37.24036376522733 42.52774250745625
14 55.39653790735895 -62.15955503706254
15 -1.5359906086758457 -98.62616084636112
16 17.350165639211184 79.43432118239679
17 -82.32674465622915 35.65491154112573
18 -31.07982618674221 68.55851465676483
19 -17.904418431674046 -47.6052554939322
20 55.016607870454635 -52.9705320643161
21 87.02325725820381 -5.375360910399081
22 -66.62764996569172 66.5953993036612
23 -7.561906678705284 33.9118312446885
24 -49.84285530775927 -12.112406334591114
25 15.657112799260958 58.45609698999809
26 5.04575246920767 -25.508668363648226
27 -82.10917029737863 -61.47649831954218
28 19.589018027430228 89.39359187037138
29 -75.16728797474988 -15.224947459384182
30 70.58837221531235 -74.52139861183338
31 84.87466052010379 80.08721154741997
32 79.27570077070197 -42.59346391353213
33 13.270144307646575 -38.249734169643524
34 57.4521894446018 -10.875449058961522
35 96.54300215180399 58.46957504994228
36 -96.65875980452381 -10.576506624660098
37 38.66664297757893 -54.61614616918433
38 12.762202639306537 -42.63227251897379
39 19.014790367454452 -29.64640172058293
40 -74.66691416414058 -59.91050789229544
41 -98.1883816524648 -73.93804491828652
42 60.762162070450216 -62.6467067798133
43 87.78561609978829 -4.990717183567256
44 -83.1102538017708 -29.54003050986242
45 -69.04198214907225 -21.728170130161743
46 98.99318237321586 67.4740075851656
47 -43.02660260858882 33.93385996086823
48 28.969458469594258 -77.57813292317138
49 14.106318352322589 -2.6082091730622636
50 -56.63845011098101 -76.97695166578109
51 -35.94525904929411 33.26789591579782
52 30.796148522122962 -90.3202719727151
EOF
