DIMENSION :52
NODE_COORD_SECTION
1 64.18138427719916 -19.41762420937758
2 61.4237666755765 -52.37517734231418
3 -50.969931487280775 -75.20044640916981
4 20.929218681782785 -6.997132024338896
5 -61.66610161021622 -53.831835233409244
6 46.37127492779939 49.44808276206757
7 -74.06752069005545 -51.190561556246905
8 -95.58433616714667 25.94951508216299
9 91.6440991705893 38.375044887635056
10 18.072097409879717 50.30320853096609
11 57.42470964023531 -26.713679793005383
12 6.753427961249798 14.292648668190594
13 -19.243698071230725 -67.81613048531048
14 -73.04166760379658 80.52942058724432
15 72.45330798290118 -44.47179308816915
16 -74.52675042313024 -46.86702788602381
17 -54.197640134131554 90.58116911404619
18 2.3409197439991942 76.34258191657065
19 -95.07271967527369 -28.46310575844811
20 47.44433266294962 18.3185729362839
21 -37.50237524626294 -99.63973426487026
22 62.40663268014802 -78.19609970835874
23 40.37584529930797 58.929677901788466
24 -91.39113106324055 58.981321213958125
25 51.5245430893049 79.37017166705363
26 32.47923115304988 14.775479264021712
27 -12.528086465938998 27.001963720172313
28 10.80886935888023 41.01312591664848
29 -57.139910784049896 -90.88153769157535
30 31.70099779705717 73.26894966759264
31 -2.922471170060163 -87.15301027581401
32 -19.138485609826134 -17.11155761423467
33 42.703294270669204 96.63440343688995
34 38.29097962993856 48.593348757530464
35 1.4675393463094508 12.438934795758797
36 7.039298805721742 -24.76080153587337
37 0.6591126799184224 -80.50139811095264
38 -6.463904563878202 61.70866519332287
39 -3.612250172938076 65.58564454274119
40 -61.88879112295127 -74.41160009698453
41 24.83490145461022 -42.05459529708353
42 54.67144536722432 -70.80888880849406
43 -61.396223153189624 23.657271337556836
44 80.101173459238 -80.35128185632345
45 -57.49424748298117 -32.055718539078754
46 -43.194027718192984 95.21651174441615
47 81.59689834639195 78.99699508817127
48 -24.07992999237989 -59.40779065673873
49 54.00488625485346 99.16648492103866
50 94.04986947038901 35.96799889051442
51 -77.93689695476527 84.92014404341819
52 -96.97249827133135 -62.302453281595604
EOF
