DIMENSION :52
NODE_COORD_SECTION
1 6.261260697686069 25.18889712423993
2 -46.50511489086087 -56.94828741052884
3 -5.707364524696445 35.972440448945974
4 25.700459868956813 -32.94871881521226
5 -1.6561913858250392 -3.069325125340299
6 -90.79511699122362 -27.707781471437926
7 42.358860548391334 18.734973403727935
8 29.9158590677944 75.73035987763703
9 -9.204769741481854 -51.50747955212336
10 92.93867155897345 18.006931563127623
11 51.12515878645664 23.663480353049877
12 -40.71454431045882 81.10669110756288
13 -79.64635943399699 29.83499714262902
14 -98.9111938670507 -79.83344771394411
15 -57.57096733866389 87.48020505670914
16 -98.09696740604883 -46.19895509958223
17 -86.85091929782705 14.119522073023404
18 4.027846815792884 69.22520479904145
19 20.141838617510018 60.84050188918317
20 -78.60913244574472 41.61943601908317
21 37.72721201488946 -94.07842312270806
22 34.37685925141389 41.59499876719383
23 -90.05824316414623 -96.6558140453575
24 62.0932574766627 -89.71717518708522
25 49.735658082674604 -69.73330153905442
26 -32.08700345828571 -81.51756484817801
27 58.32751421575381 -44.927266426455326
28 -4.262697351952767 94.47178283963007
29 -74.07085133464656 56.39547259134511
30 -42.72740813825327 -95.5070975334601
31 -86.47095544354137 63.55862487570266
32 -5.282720279783007 -99.40765634477845
33 35.14980488247298 60.16379264878995
34 28.605813710189892 -87.59058124030344
35 -39.02858926549051 95.09305243443674
36 -32.84126381110232 52.66927183346658
37 43.93872389586571 -21.015416000595152
38 -98.66068803120965 30.552022630467746
39 35.94818030870212 9.278277245890052
40 -61.08133959219835 22.77306746816525
41 -95.56478714735357 63.21733229084657
42 41.202973745327085 39.12392526824547
43 -13.839475784872619 -74.26915742292759
44 17.677941852299824 -62.61314273670997
45 -77.78017708556945 -22.088433037721188
46 -93.32289756519347 -8.049267054652859
47 6.778288098271233 61.841934437292565
48 -75.71767780889203 1.1195356577787976
49 -48.24248028198286 58.81064870044966
50 -0.9837313864534707 -69.98096476303739
51 20.679298490141136 70.50110664712429
52 26.488196421768166 29.171290698877897
EOF
