DIMENSION :52
NODE_COORD_SECTION
1 59.91313121139879 52.406973316783024
2 76.61895844497522 -1.2409157909176258
3 -55.08518124832666 49.38618353517546
4 -20.735837574513894 -56.57887316561134
5 -10.826106966861488 -96.6306964628864
6 -72.40871540959803 -0.04022028498008012
7 65.69343388531027 46.94587099030076
8 -73.37505700330694 86.60325869971629
9 -28.001890332064548 81.10271540459661
10 -12.108743906832672 -39.81400551128536
11 -37.358706594844904 -5.812963844464917
12 53.52775267786848 56.57976821243881
13 85.71399621554602 45.68823148616039
14 62.39865544494941 -24.622173408460185
15 53.51305087790061 -15.502044938274878
16 0.5799810596724058 -89.77031005950089
17 72.25264257594043 -82.40319577065516
18 -61.069421893807665 63.13835760359035
19 -68.32027312061635 22.655254927452745
20 -97.93329915881843 -50.8041771014522
21 -87.31948592358845 6.825421716500671
22 -64.09069859869021 97.64672665033035
23 -90.55824904845424 -45.96067192676374
24 -54.92516451217473 -14.165858633296779
25 -17.542944392104175 -25.58157180904537
26 -43.26816520716652 -95.50450337143859
27 -40.354804945645405 71.93815089923126
28 34.1471552067336 46.040697233994734
29 85.07364993407381 80.28037008901467
30 -89.00262890809987 31.858617591385354
31 78.25750915342718 -18.154288255527078
32 -53.37774737592098 -49.637829812920266
33 -88.26983033905323 21.18661647186906
34 12.74892447263754 -35.603826212396754
35 -59.44104291967118 -48.33864946157662
36 13.816852949842584 64.79641056451385
37 -75.29463690035642 -87.10207696977834
38 -84.11468028645356 -3.697779194659745
39 -26.39396202568463 26.696188730891862
40 13.206626405862721 -37.31088221387999
41 -87.92261645438776 20.28531521558807
42 96.89990048982585 29.901924647312285
43 17.623116774466283 38.39295688144014
44 6.761799588069394 -10.866996351915972
45 -88.54940061106183 89.37143731935271
46 -54.89787438991331 16.204274914853414
47 -1.021449438907652 85.66545054840486
48 -89.40619344554864 -30.72437041307768
49 50.3450526934721 -14.805335922642769
50 70.47832118362129 3.816624161254879
51 87.40152080432068 -82.23613029541512
52 31.06920925443407 -48.05782071390172
EOF
