DIMENSION :52
NODE_COORD_SECTION
1 33.24465377968693 55.29435470147973
2 -13.899675399799747 -96.218676109377
3 31.78177227200925 87.97197224713756
4 -4.799444183261031 -67.00989617029481
5 -59.60488628814274 -1.5733759799511517
6 60.65708380619475 -47.95150799290098
7 59.29043473372454 73.76296387538338
8 4.64549742659635 95.91011419895895
9 43.5864427133763 62.4555483854144
10 -72.14511051492994 -49.897668710751496
11 -1.139445601297325 91.27485663709885
12 4.863927903938304 -84.48808756410502
13 22.542130797115377 -34.16906878506782
14 20.399276736655608 24.503814323319475
15 -52.12674330993528 -86.54349320855653
16 -59.59674038903382 -76.16685236783589
17 -8.116526751664765 -76.55934945181136
18 22.189459517249688 -73.27527122600517
19 -65.19833831200174 -32.837034586492635
20 59.56625334001478 -45.34159406214657
21 -34.445322708993785 -60.53256604015274
22 -68.33994129439336 38.812698381307314
23 16.47897822563536 -47.34588793874161
24 78.27151992671307 31.78309100493547
25 80.09803971361657 35.75590547423306
26 59.94943801995166 92.10553327007975
27 51.794850807483044 -55.693328240393235
28 -22.431168213063813 -52.720225045923556
29 74.43548188082337 69.59612878879426
30 24.051043177118743 -84.59890467772497
31 -25.52387007976833 -48.55415703851298
32 19.965446426078557 -28.82679103205099
33 -26.187318381357855 44.82991656212096
34 45.10378280209696 -21.01095607836845
35 37.608424805456366 -31.797166563743716
36 19.71972816073682 -16.069697431458422
37 -24.437960774302354 70.18612858354322
38 -88.0220626238368 -49.049392412167016
39 -47.4454220284009 -8.695490606433196
40 -47.741710527158475 -26.828728887577057
41 -15.6592337279358 -31.248775890359596
42 20.31263622200288 -67.86733514679781
43 94.92639518277227 -65.29858842035499
44 37.87294866714029 86.00824715040955
45 94.50030314577918 -7.518662621716416
46 -52.838702083086254 86.20244232182472
47 0.26582533606746495 19.94042561052099
48 84.85367607823869 78.41755667570933
49 -32.75666536295117 -54.33791950921771
50 71.40120973306063 31.188968722828236
51 22.091880751543272 71.1883170657733
52 -72.78611638737013 53.05197527849981
EOF
