DIMENSION :52
NODE_COORD_SECTION
1 36.3064376972558 -10.436508460989273
2 26.243066304064072 97.80716420916531
3 53.30219333755451 48.61423559780087
4 -21.162387381611154 72.28182018825098
5 99.01181729694838 -63.437863026069444
6 50.62509695196934 43.290921906233734
7 47.405391406631 96.6754086217677
8 32.637859120239966 10.755670629122534
9 -27.335502041986445 -70.79715633377151
10 -28.120866670008965 -75.87874684538174
11 76.85877203265477 -63.08191458786108
12 34.309683856433 29.258089374859082
13 -30.707265662483806 71.92064764733607
14 -82.92143690476999 -49.06314393006894
15 49.945980668429684 91.24374255876828
16 -69.12188705048746 56.41561940269523
17 56.6563902831671 87.60802427924898
18 46.15491895212293 95.09143064570915
19 -75.82742585000977 -48.30059610618371
20 51.00990851342098 89.83290934587748
21 -27.0716460089498 -56.36179479581125
22 -96.02749108794677 -32.47574690940351
23 96.3685906183187 3.8459129822595344
24 -18.564881718836787 59.515306742136715
25 47.88232619541188 -82.69504639481994
26 17.385949212247127 -22.91366548116511
27 -58.12438191569551 -39.75418266552451
28 -87.8203501292208 72.70013251534863
29 78.24320597704687 4.58513011810129
30 47.43684701849645 -65.27162268840362
31 -24.525455127241514 32.97713744934353
32 85.76515592971359 -68.49711385676996
33 54.85632336373234 26.130239429675825
34 56.845916544094706 -80.04318526268
35 -43.289678042266864 24.079273679736588
36 35.53240389390521 64.78466449153206
37 -10.668264141334944 34.39323774789699
38 -97.04326154337537 75.96415757939886
39 -87.73007510469048 -37.1627162042907
40 -51.75549548146257 65.64702141583578
41 -62.18006209186795 75.7968433334186
42 16.287420873010404 49.83989908670992
43 98.0697961922703 68.81078572737238
44 -63.87389711868594 75.96049299688312
45 -30.424893432945083 11.84961388712695
46 74.84646271155557 44.26826607032501
47 -26.29099202911614 69.51374965519821
48 53.49490154485338 -90.66692339469078
49 77.96223088352195 -46.88400129024502
50 -65.63103703756161 97.11899742643823
51 -88.05561446491677 -48.3485943824588
52 -56.85830144478024 53.92493187507668
EOF
