DIMENSION :52
NODE_COORD_SECTION
1 -77.40794021848806 -42.41835186469216
2 95.6675158889698 28.596370712222154
3 -65.42328806045177 -72.85083048847214
4 -85.99999144675257 -37.17536185285384
5 -2.4800005342771243 -9.670315618707392
6 8.4607182371428 -66.88048294626721
7 -10.403824876622394 -62.54060330012714
8 -82.00649513838934 -45.93438068634319
9 62.18279670434151 14.034674779625618
10 61.12234083288567 83.34545276444999
11 44.03150845744656 -76.65557079762013
12 -61.304893408141645 21.46240630683394
13 90.52949494816107 -4.247737694949933
14 58.39347968436374 18.094638494697676
15 -95.69717741241423 -15.868335117921646
16 -43.03284557591782 13.821308737036702
17 23.139500216146857 66.24641824984681
18 -68.4977463909523 -42.12331449664792
19 22.186505946926175 -12.592495326690397
20 7.635228245382123 -14.248275973579865
21 9.601803249347938 60.52693238008516
22 70.47526266497971 14.876679255266993
23 -91.68129371634303 -44.27212556322253
24 -36.90035544666359 -77.71741030365254
25 -88.69326209075186 57.95958543053169
26 -82.16183073562053 5.053277313343813
27 -26.310522602835846 48.60467830437645
28 -72.83577130431469 92.54374892510651
29 62.30662334167113 75.85536682615401
30 -16.138275655004236 78.75491479712548
31 -78.21604314241195 18.674332197542995
32 -75.761374910482 -26.08148764360965
33 -64.0984959380374 -79.55504178793214
34 93.5094186685194 36.260311353937055
35 64.02673261263777 70.9547296037253
36 19.070388446685556 -61.92633587872551
37 14.606217763390546 49.14468027697612
38 -74.75691390818827 44.64952201736952
39 -18.8143087589888 -95.90322809656004
40 52.16311169814858 -59.72683623828758
41 11.155075039944307 -51.97977671027261
42 -48.15737453078024 -77.58814744100079
43 3.3915728114841244 -37.46317125644361
44 26.036847055026954 -96.61820649160222
45 38.200397216750645 -21.645627754911928
46 -56.60384835954555 8.196781870359615
47 31.429529577364974 -21.54369007689145
48 27.487047586855184 -62.03503465188789
49 -25.638891437563444 96.2249859435949
50 42.61682411869003 80.11426115488968
51 71.9588940938697 -67.54538257027235
52 20.998299165854746 -10.10898369043933
EOF
