DIMENSION :53
NODE_COORD_SECTION
1 88.04077375610854 94.16568535949301
2 69.06064329946068 33.313312726130846
3 42.192543363480326 -87.26752445222606
4 6.968350603165135 83.65701220087755
5 -55.64577068203194 75.52911528760234
6 -39.302246170066454 14.689951022942907
7 57.31333824974456 62.91415260842828
8 27.565502631727767 31.41385570372873
9 -75.86639399672934 22.237061621594066
10 -24.074669334367755 -22.72125547277635
11 36.575754937849695 -3.2997430193300517
12 -50.02382360795414 -64.672145106617
13 73.7981652213206 -49.88710292020333
14 26.115467063952664 -2.85100537976561
15 -54.79417543677578 46.84429725537285
16 76.28793630801252 -24.94655038304316
17 -65.20746870020011 11.323885770186351
18 22.882082125612314 -11.432287610394326
19 89.04792065610613 -12.276294757269639
20 80.07773389834901 -56.76276424126954
21 16.4773531018146 -52.001512542264706
22 -31.850085775428695 -62.094424774086995
23 74.00937481235002 -44.752588515216644
24 -39.91433594439311 -13.95369600363692
25 -95.95805706438692 79.40075797746508
26 -26.0279215520774 -82.61086337960792
27 55.605191729061346 83.5236444340448
28 -40.034626027185816 -62.00416579798229
29 -25.904865892681926 -48.431843845450516
30 -52.74761661124199 70.10540599630755
31 -23.74088275114316 -87.80573000744072
32 -85.7326378434484 -32.517713789143855
33 -59.409388866999045 28.318946148347607
34 -75.47130125249373 7.665178411983419
35 -61.98271600071352 68.34188454266464
36 -69.18853170481881 99.4283764325784
37 -96.25702964828271 52.53553389391769
38 91.97360633765237 -88.06871985815957
39 -91.66925659448697 -23.12411273328925
40 -30.39525179235349 31.446167617421764
41 24.59073068316124 -43.37014347756536
42 -24.231417262033304 82.21800119497226
43 6.563050548255816 3.303811942228023
44 -71.5389847299432 -90.0755700401452
45 -2.137401534842141 51.09723048928768
46 -61.99203146110448 -80.63201640438211
47 68.87923299683624 82.79419318363219
48 95.47831556116404 -17.553400638733876
49 -54.19681623709109 70.06476984069985
50 -36.711040985804 -11.887215669002217
51 39.17234436200269 -60.56284954058895
52 78.53052126639761 92.94552232732133
53 5.614443773004751 -97.2592926680437
EOF
