DIMENSION :53
NODE_COORD_SECTION
1 37.041347401585625 89.81581192083252
2 34.315774849387424 36.62774164637119
3 -88.7723839935056 89.99447614934468
4 -69.739732132967 29.301436303480813
5 3.3617168819756245 -46.128764981357804
6 -18.072347884980573 43.88154469557796
7 68.13991152338912 -73.06565437260745
8 30.95517410875516 -68.77195308264879
9 62.61824805889614 -69.35293177658512
10 38.82437355873196 8.089310101576785
11 26.676643353734036 86.66519362905967
12 -85.89474915713764 -49.688773472458124
13 72.78563797225058 -67.21929935984593
14 -10.210118665989242 -25.557069546328464
15 -47.16898933748415 98.00484583391071
16 -92.75984385985842 45.95333184434401
17 -57.39708130990444 -46.381895841259045
18 51.75085918679051 -57.68846905512595
19 -61.34218782457532 37.67837401018272
20 54.455835193080844 -79.52656433055303
21 97.61293835410308 62.393024304677624
22 26.281666271388374 90.85581914401112
23 64.53483816390047 56.92428207465895
24 -78.12034273411747 -16.33178242422734
25 34.934720576788294 72.61170952893613
26 -55.05627406934928 8.512076571625911
27 -26.0147074367097 83.25936025408265
28 1.048121485206451 -45.55438726437504
29 76.92500891968979 50.04947868118066
30 80.11563910286117 -44.7479884560654
31 -3.7825042985805766 -11.191489554861604
32 -92.14655080956531 53.43745065487383
33 83.88520557908245 76.76534668941741
34 43.970280842086794 36.524770980195996
35 -98.46185133774121 -33.39425173257571
36 24.715241236394107 -9.502627059637021
37 -64.03000836309982 -62.459035023028385
38 -51.74489955932149 17.787299345316484
39 24.79535760792845 -93.72736426738943
40 83.6334896551231 0.9902216251253435
41 44.45384247379681 45.15012495205278
42 47.53191493304081 -41.47065012637165
43 -57.99231432732563 10.480431980594048
44 37.77920998646874 34.77920655010578
45 2.5116944095839244 -29.134914428844198
46 -61.46757906026441 94.6993466764767
47 -64.66447537062683 -56.397845088915986
48 19.278886826553503 51.817071639180625
49 -64.32995975703273 -3.39402817855688
50 38.28564757580975 48.43741629059835
51 -68.44902801418355 53.960857552705534
52 30.849033176568298 28.247513431877223
53 -37.915312595921534 -44.86052318885094
EOF
