DIMENSION :53
NODE_COORD_SECTION
1 -49.21616330646961 77.73864330038978
2 -45.67496298963305 -12.934575058297455
3 19.586990634157942 -82.09684900869058
4 62.544907994912904 -39.6027000960737
5 -81.04314292925731 98.2472182788317
6 68.50721231153511 -86.89181765079593
7 -12.285928853446066 38.741303174192296
8 24.70623275655528 -8.785704753981733
9 -6.748492599138615 97.7306254415322
10 55.13832832257083 80.79309717444227
11 12.653221061367944 41.429651262528324
12 -54.44097953265792 -69.21214143963057
13 94.38992506901621 -50.17044516979037
14 -25.609432560446365 9.042281195352643
15 -21.985950471738235 91.56874734630011
16 30.15994533819736 -37.89659850206613
17 56.50408497975113 59.10554306925408
18 34.199049986487296 -1.2546977069903136
19 54.384421893115444 45.571193120270834
20 -58.55966775521067 97.82999675485448
21 -35.52654915031309 -34.02951778749808
22 -72.50730963470218 53.0359985559019
23 37.08929592953106 -22.06383277098753
24 -13.216040559798728 10.14923828264773
25 47.76903902032274 41.032697914576886
26 64.40800429388995 -72.9751254976579
27 83.03400679468879 68.64354719767377
28 23.415868769574416 91.99276261500898
29 78.46001804961546 -27.234276368669157
30 9.642036770766666 73.39332552109883
31 -80.71169088487844 79.57394674064582
32 -82.2415035510967 41.09469268501496
33 71.03920948484543 2.4061277768570193
34 85.10071227999043 -99.74408348623125
35 46.06735422281585 98.8608558748885
36 43.91132794662772 -91.7346681833322
37 -68.27634073099202 -90.01344518572078
38 -52.00113222792622 7.696980210485549
39 -93.23407266151793 82.08118227833424
40 -43.5896651040945 1.2922366442230384
41 -45.113460615006275 5.410291014190264
42 4.568158175869598 -80.61222544646989
43 47.702109311356224 -30.809605268821457
44 22.423437809346012 85.87502495545186
45 -85.72329434800994 28.473588873633304
46 -30.4708558491201 75.690478031483
47 -59.77328099518429 6.108562610123556
48 48.53827785606188 -24.999909574352415
49 -53.317970282664184 -88.25802102688772
50 -68.5162019713464 -95.3447748944195
51 -12.145315454106552 -50.136464513247205
52 -12.701507701012787 48.161554906552965
53 75.69288927278956 10.18684349766059
EOF
