DIMENSION :53
NODE_COORD_SECTION
1 -22.644561097642253 -79.56510363369821
2 73.26851357984756 43.27018739800377
3 -70.66225186181893 91.64180757427519
4 -4.605520201399344 78.79725778996692
5 -64.93563338624122 84.14942140982185
6 28.88360628453711 -67.47198170239417
7 -86.68259226442257 -53.12467855166667
8 92.61423514556245 -98.17102239282276
9 -41.4714093629851 -59.15025577389055
10 -99.0894398127207 46.91771838039341
11 22.217702538192512 60.126637773673565
12 -20.99362320788545 89.16547181621726
13 76.88129615111058 82.7295330536817
14 21.325884831007386 -82.98671643673464
15 -29.97173423732582 62.89325597217851
16 -96.88978410551124 58.125974291046106
17 -97.96471194039648 -96.5985252092874
18 -52.480249983061334 -5.427708441291102
19 -31.278085505553747 5.609250654744741
20 23.193935112698156 47.233606115099235
21 98.02139841596201 -15.221291582587071
22 -98.64816288465927 -63.692390126339625
23 -20.149845480317737 59.64512695260018
24 36.86828363151568 36.68753677546616
25 39.255126741151315 -22.33033796164017
26 -45.63807923485837 -9.838476891016597
27 -64.85499526857454 21.224177559169107
28 -81.81683689392662 -89.20933119811909
29 80.38775532886874 -45.007508597646975
30 -55.708470957707654 -74.5114061675362
31 73.7834670242857 -78.8383917420669
32 72.36339337987525 28.7391813575789
33 -89.60181464088255 66.51543473149087
34 -41.927132990924854 -1.4465769683335878
35 -6.029201536034307 94.33263687191663
36 68.33987008203658 20.180134923681365
37 -86.41824769320421 -25.970743614930882
38 66.4412876492735 94.74964677129475
39 66.49889525477025 -87.22412139615518
40 -40.767604499038136 71.9433518847558
41 -89.90777078691056 -4.141898359423777
42 45.32753235430002 38.946312709657434
43 -92.06395785110185 36.338215252022025
44 50.94040825231909 22.35393161940584
45 98.69335826272933 -60.38503955063801
46 69.18602943554617 -84.6319747470544
47 61.104239963123206 84.76741507737856
48 28.997894628639273 29.53150016459793
49 74.37606410060661 52.10801029518913
50 11.415456436773084 88.41495382809427
51 80.50038123794096 85.15878872358556
52 3.8486788361919935 30.082617132571215
53 43.497646117439956 -34.695887990833114
EOF
