DIMENSION :53
NODE_COORD_SECTION
1 -15.530493672909728 -16.839991361392606
2 -6.421156436946603 -55.93471763306259
3 26.51016231382515 62.336273403840636
4 -70.49119228046763 -84.94562815402628
5 -63.141501403103995 -16.013576390119468
6 -41.14446247275709 -68.56130202001685
7 -83.4797740166934 -75.47733306104709
8 -62.26847636301305 46.1824989426641
9 -83.07393180561151 98.87317434772342
10 -67.48927703277927 8.655807995420275
11 -80.07403795902644 32.48184384505717
12 86.71667592757723 8.984230977692988
13 17.4942392111123 63.22083218184139
14 5.410367666490146 -40.8128668645122
15 32.4361946534394 11.820575206172151
16 38.70012274283039 -65.42781635132799
17 22.36278561791258 -38.038908288200155
18 12.597451574242385 -7.9816395674808405
19 -8.573080648388313 -75.0425214815279
20 3.294220972131569 -93.8064128396072
21 97.79125635227692 29.011441692988825
22 80.03823216868165 20.417161962619772
23 -10.475867048412638 -30.710091656472713
24 -47.86429932855805 -4.208724640374356
25 27.596629897837403 -17.36924259935266
26 -52.78920561111568 -39.61004069375964
27 61.88047427197873 -30.53523256251907
28 -79.2960638324457 9.70778658082763
29 -85.47699712591042 -24.418021943145945
30 -49.3079053656976 -9.765107125751513
31 -5.1980327105693505 67.65964371240935
32 7.465886294401699 9.938728425531835
33 -79.4605205191359 89.00818862252595
34 3.899855107458336 -37.40280362148554
35 53.3811173958961 65.78039004864328
36 -69.49607370095477 -72.65823194049707
37 68.72251879411124 -51.07166936590826
38 -41.85456693767817 10.433311581536373
39 75.79261216629607 -76.51848791883775
40 51.782878146526656 33.207392799850396
41 -20.620969562827057 94.25877645026281
42 -19.845992177129105 38.28989145005633
43 -68.09215101207586 -34.084472827560745
44 29.2124036466831 85.59777128374634
45 63.06643241073448 -24.73295327713454
46 31.20830997210831 40.30404323846969
47 -6.1154128461786 5.117565817532338
48 -93.33891051614789 16.859879362448595
49 -56.83406372634365 -88.63609603295953
50 -16.927908965228823 36.33097303802481
51 -83.61208750118816 28.93153515599306
52 -97.9215622536045 78.71927614657218
53 -69.33471313107589 -12.859938188361014
EOF
