DIMENSION :53
NODE_COORD_SECTION
1 46.9013970219836 31.930534163198274
2 81.94482625119772 42.46242804136523
3 51.71683308303528 -83.33151613371746
4 -43.3541457540898 -66.71359575152375
5 -30.334412464620726 -4.814899508083286
6 -37.74176534202211 -97.01703520939513
7 -25.181420978272556 37.44580404910525
8 28.688705408969952 87.84623145252422
9 69.12366499428404 -94.91016217526467
10 -44.42370498346886 -45.89773800234265
11 -74.11396555385119 -85.86130695592206
12 17.698696174402514 -6.636685229211835
13 62.83325910913305 -59.086242700132075
14 23.07426854233789 52.00483653656221
15 19.356166698124326 56.35003452960535
16 -53.504670220205085 -15.172194225346232
17 -45.88200095328152 42.056728056718214
18 18.454813867835625 -67.84200411335846
19 -97.92374116845426 40.88955466069294
20 87.90509314552614 -40.42718695075964
21 34.06277965044359 25.46379229840683
22 -2.985802924776408 70.73553130731383
23 47.4195295312725 -70.04894569210973
24 7.06129338263824 -93.6444242944738
25 82.78884433645729 -16.333135875040398
26 -3.1601602098336343 -23.917092259120267
27 -89.9913040289806 9.370196266316341
28 18.4133713838321 35.18323189730873
29 -44.835137127660296 4.8601621728429905
30 39.79546270548647 14.130196357102506
31 51.20366713012723 13.369120356943355
32 -69.89805274102565 -63.210511766004295
33 -13.88967395878393 -93.58444303164659
34 -50.049923311471 -78.34097081898258
35 -4.490324956538757 52.19410048272911
36 -1.6441856214590445 50.668407318314536
37 -99.3525452305214 -76.75587210375014
38 37.10706543024378 11.32978744512178
39 28.06204193514708 -90.94746406671513
40 64.5671859602163 -29.428414972735666
41 -36.14208855167711 -57.58984609549576
42 -56.910347977197006 -77.62469242227077
43 -6.6561137599602915 22.755534214035748
44 97.70140649172495 -33.62506374448529
45 -44.09946066051476 -74.59621036680915
46 -1.5611034337482863 20.867350741309636
47 5.292963973519392 -77.52776386747104
48 14.69736486988917 -48.77861988891492
49 7.246377562251922 9.478688341292553
50 87.1806170287901 3.462037876212335
51 28.953917161071985 -68.99770908042429
52 -98.4850905341591 -27.154352247143308
53 -20.712779234505916 29.460833750258445
EOF
