DIMENSION :53
NODE_COORD_SECTION
1 8.631212261618998 -1.654069763131588
2 -40.99060206965925 -59.65284827371944
3 89.91751636538302 -72.75046103226536
4 -56.41418200279284 31.433300858026087
5 53.97435383288126 -54.2886059983954
6 -99.32487190284576 7.1928185207837885
7 -61.40074796919306 81.87891631576974
8 -75.20595024768946 94.40560903102784
9 -96.9543705322786 49.708086246583605
10 5.473485160450338 -67.72636186218534
11 -29.65773644247281 17.852682470834893
12 -95.34691498290857 -83.56878602851529
13 2.2095432337288656 48.969266677489344
14 91.88317763905224 -0.4565407706044482
15 81.45652820681227 75.38628455428301
16 90.05006972047383 -63.195288775021055
17 -47.28057429732164 -45.37506396802902
18 25.94243809882937 32.81267172344414
19 29.62861536840296 57.048347809135976
20 -97.17208305216238 45.70827199214193
21 -85.03202346386651 -22.045231682383772
22 -83.6893104233693 35.13511026180208
23 0.11677865948935562 -62.28049225550121
24 20.092364176803315 2.4865310311555646
25 -88.95899994387298 36.12941086052061
26 -85.13997308941438 -34.927546366704746
27 -49.67256949132681 -39.1572515856955
28 81.37691803831021 30.25201062448693
29 48.23063252073004 14.946430488301445
30 7.952712045068694 91.24229738404176
31 80.42917016727108 24.871516586068807
32 -27.17801858875471 -46.77259282378634
33 -63.83570201549671 17.467134252513887
34 33.5609725306507 16.55616991948105
35 27.660703728377058 -86.17818922518028
36 48.52436899697082 93.23090383858212
37 20.205597586327386 77.4605176823429
38 9.385315698377127 -86.44627856559472
39 31.988831566387375 -24.165462750376435
40 99.21349575119584 -8.289177676889793
41 3.7834838835462534 66.56057642510936
42 -92.87235674165157 -37.76059782093502
43 -29.22721037665805 -96.3456307592248
44 -71.58953332871897 73.7358324291736
45 -17.694153901233875 -25.956722521168118
46 58.0753981734525 31.827765520315523
47 10.09120191117239 -79.06864473852575
48 46.22634784607317 20.346977311090896
49 -38.68614359187157 -11.870614360752612
50 25.152988325088614 97.80376744017255
51 70.38786658121751 -71.74844401457743
52 40.955821934385796 65.67777921024611
53 81.53327615308885 57.719421995021946
EOF
