DIMENSION :54
NODE_COORD_SECTION
1 -1.3791052050457608 47.09628574322451
2 90.04715917885571 -57.49017425139271
3 -80.26974777731697 -21.091589084743205
4 47.0669273150711 -5.741175891819523
5 -81.83938220695876 -94.28504265929227
6 -37.05568161083903 -58.3564880879277
7 -97.35976077966164 -85.04043958230159
8 -8.220957615510514 91.54230630567949
9 92.63814687228322 -50.88723919912339
10 74.55453579995438 -79.43868769201836
11 -84.15014287660301 92.60284302266186
12 -2.574920008942044 97.72461772662797
13 65.41611247221118 -52.783375028476875
14 22.251201095488057 -51.20080265929228
15 -86.7569992968916 17.777974975407247
16 -92.66623167618721 0.1755023253034267
17 -60.73149283241881 -5.049040346639828
18 -34.6011962476197 -4.111065999345541
19 81.24694949706253 18.30372969247381
20 -83.76343373352621 68.28154654235829
21 -64.40054247022152 30.30803756200399
22 83.00004053231692 -39.03280971594343
23 -52.894888207986845 -9.26138649315196
24 -45.98048097566934 -47.82239800446997
25 -86.31601144541597 10.975541353531824
26 86.09150821887667 7.23082762133869
27 -97.75012867571091 -10.998174943597434
28 -39.44819150544685 -99.2224821680292
29 22.587007105483863 78.42750560868956
30 -79.95587074222851 -7.3553379406795045
31 38.43177246019965 -91.33931015981061
32 -88.25282974639741 15.510448958850205
33 -91.58324459138277 88.38484269262929
34 41.924673281571245 38.30788330041332
35 44.26129526505974 -29.209097716855183
36 -92.98548630674605 -93.83101076744916
37 -50.43099573808807 -63.448232678129976
38 -91.92550613400279 -74.11457722509256
39 -40.180479701766544 -40.68430618189998
40 78.25392462948605 -34.72465931118589
41 42.618178879974124 -41.46562716964499
42 -42.93812818893947 65.51052988495258
43 36.993825764345615 15.730332341344422
44 -69.44568609994069 -72.62817995178048
45 -88.48824590749389 -67.15244673310714
46 23.164082804013958 25.56477756087385
47 3.1949898737496483 45.11806708028689
48 -25.250958223233553 29.641947852026306
49 -37.27590457345773 65.91656156875925
50 -34.46446245597477 65.74175179807708
51 76.11184551274914 37.363863134701745
52 -38.0143807144812 -59.731672414555234
53 -40.97397830448421 -12.020529040564014
54 -51.781799897608536 -35.19930451098257
EOF
