DIMENSION :54
NODE_COORD_SECTION
1 -1.1812347804713568 18.005447574332578
2 88.88207261285578 -15.79122624256506
3 37.28060597049753 1.02422918657264
4 67.02345941981832 34.77728680830975
5 73.80717494242182 29.784571685713928
6 -33.68154979691357 -22.720179597412752
7 -24.57077871033613 -23.922358405565163
8 -11.658792355604447 -22.547646524391737
9 59.615052291176596 21.147729179062694
10 29.96577918886797 62.35129733813284
11 9.198375850662515 25.90234818888713
12 80.79642554525128 -40.37925903495421
13 -92.81069317145456 -10.26739704732988
14 -33.03884352951896 -5.156727161857972
15 64.2041269492338 38.30640066399121
16 7.4612011788979515 -49.674812005032344
17 68.47593618769739 -10.513960217142909
18 -27.879469773807287 88.08089683981711
19 26.884952573569976 -13.439049267313251
20 34.281201306753104 -29.554402801293463
21 85.17371950419789 -40.72475913219817
22 -3.2581434980162527 73.6591420998495
23 16.489070566303397 -24.331112519682534
24 -63.961769387602565 82.92823914989395
25 -50.380734699835216 81.54043568829422
26 -41.98387427542733 -18.111916070418687
27 -28.228736818174454 -10.621887063639974
28 -13.251165024783958 5.048670822609608
29 -14.540337751006163 -25.104658276347564
30 19.202592689012917 8.725009312541474
31 25.055420077072128 -33.154274007435674
32 69.65517841609997 34.114603038055236
33 45.768973053408246 74.5815940968042
34 -99.27562853627214 -14.400412651659565
35 -13.680959658942115 87.85929017334101
36 -8.035531220572793 28.014946234033346
37 76.26481837510909 4.683446196651772
38 32.34074217530514 -81.46163052524864
39 -90.04402336324615 -4.478480538401612
40 -60.50684270334865 32.02129742112413
41 -58.71867765878016 -3.991019513979424
42 6.5523266455667795 -87.00517988047656
43 -33.126369231847804 -64.69543486355502
44 56.37217368467219 -6.7518799864179755
45 60.154644214060085 53.544063488083935
46 43.39542172870793 50.791219249445305
47 94.58088523622791 39.380206533521374
48 -15.030546783244844 54.17788386919449
49 51.67736327909313 27.38528862991265
50 26.781800802980797 35.57857339321063
51 -52.07699755161643 35.13213911519054
52 51.18599804766407 -33.34263790817241
53 34.27796090909251 -8.941777107570985
54 -77.45991101956595 73.22088703641728
EOF
