DIMENSION :54
NODE_COORD_SECTION
1 -2.5460502537047773 85.03005979180304
2 27.911922975152592 22.390177941222206
3 -70.58656583692596 8.968681523847437
4 6.543241613333706 54.81373842287971
5 81.89171932500003 21.691507505363845
6 55.11500452243851 93.00672553652859
7 -24.748094006102946 -33.273400892382
8 -39.33253438112787 -32.91419891785587
9 14.3269709969656 -94.32534618639224
10 -10.9461979649967 43.237898117676224
11 90.21645848415599 -6.073413495934361
12 59.77578231678419 48.2648772404462
13 -20.72039932719744 84.75576246641202
14 39.320155902461664 98.5190836775632
15 43.89629951027712 -55.07908522201406
16 -89.6007300939809 13.729069355517794
17 -34.45582027917038 -7.5452466757757435
18 -33.89884564746484 14.378852512939872
19 47.96629081421827 -73.89761251415139
20 50.80562680117899 50.71802752435039
21 16.680706076927393 -94.08724828807311
22 23.82480541938432 92.14426837235138
23 10.809811188289615 65.77526364952365
24 57.07771911572897 -82.3863232867495
25 14.183595231560389 91.2329969685641
26 94.71049545953576 90.89860577304984
27 -95.10208656351482 -20.307260655635446
28 0.4250007227732908 78.92653774756172
29 15.985120406812541 -84.80861148322063
30 -2.619539894208984 77.09780564116807
31 -5.418854269760317 36.16712652711064
32 -34.11587545648709 42.39383451696054
33 22.949616289467528 -47.7770723407561
34 5.6885807212971855 -96.74816769873202
35 -78.0498386376917 -25.340925889848066
36 -7.435051770499797 -85.40430317365313
37 96.0146124196115 -34.40974853046339
38 62.92266816917285 57.07725055851179
39 98.42144728354867 81.75204590354102
40 45.59820371497452 41.49565283835278
41 -3.3647879090942467 91.64059596091093
42 26.536575272075623 72.5272261327035
43 99.70443400710178 -21.581726228574666
44 79.94108595945846 50.311701165980736
45 -26.8120590234644 6.05733274634504
46 -71.43167489092124 -55.89478396661527
47 11.806131000236178 -77.51752337979391
48 -93.80302477739795 59.12420573522655
49 -34.009694658939154 -98.98757319587723
50 86.90051456785679 35.86862813115471
51 -74.27031425108095 -19.810402162231867
52 18.605603325751304 70.62684536167018
53 -46.407636971671515 -47.87398232312856
54 -47.48072880336933 26.528634558011575
EOF
