DIMENSION :54
NODE_COORD_SECTION
1 35.148879272349745 -36.61250367795017
2 -43.49081708534184 29.919489549315898
3 -54.33290033626628 -66.52729932897981
4 -19.4490596434012 -70.86287395337052
5 -60.14045739546972 -81.23711230773947
6 55.679523809197974 75.5721474271025
7 63.251152365121555 63.604157899156974
8 24.766816100698748 -52.31729152119786
9 -60.94929648875893 -29.3402429956962
10 86.14266142878571 43.99843812377574
11 -35.08061717583071 -23.398650089364878
12 98.28396431412847 -32.919093303596966
13 55.116867489406616 58.94592401631442
14 87.70909430019708 49.6069286531569
15 -59.98162847865043 -63.528754968023634
16 43.65303334308743 51.12085533806308
17 -1.5273987035121905 -9.318214716265885
18 12.200247037516519 -90.33394939974062
19 -56.80282166768351 -67.91398547877202
20 -87.09612260866632 -80.58015261948113
21 5.384593793318814 62.585282937781926
22 -7.4786290626266805 23.62024723616929
23 -28.081624833801342 -55.93676889880761
24 3.3482026884678078 -38.51317435199748
25 -82.92430768989703 73.30397454563956
26 47.73301128498298 -11.497709146775364
27 -59.68084168218753 -15.343635359895629
28 -34.29111609214263 1.3351363926669961
29 72.75718568823194 54.40046672997997
30 -40.72276626623257 -58.15191913189819
31 -52.92117602008213 -35.438224554962744
32 44.73217933229142 -70.94914115358264
33 39.24551648868291 98.95750577284855
34 -96.48510474641405 73.52008199363257
35 84.94883448228393 90.5484361806983
36 -37.56089320693157 -34.27702825460432
37 49.81976653534761 -83.29106725277185
38 75.7301982039505 -2.1542616410663555
39 -10.398263648055433 -52.183332184486716
40 4.172258054439084 -21.85843507075478
41 74.97606699160971 -5.39721998997895
42 -9.24123018610996 -72.52292496726335
43 -24.54483776824003 70.99216084079617
44 -82.40578318844074 -90.3296176516239
45 97.73526968794349 91.70272107012693
46 -4.604442221098765 40.37772895218538
47 56.1272090441027 57.66144944572983
48 84.79394887095836 43.69991501217052
49 16.160071131985717 47.33419089848471
50 -22.261267897413788 81.34367882651597
51 -2.8206187765832595 -71.64481709035596
52 77.65730136947184 66.08732574100179
53 45.73785886362839 -68.61867538123491
54 -91.37412355716575 89.46391452777164
EOF
