DIMENSION :54
NODE_COORD_SECTION
1 -1.1966011449512592 86.885366364665
2 -43.34203977086675 -57.01057425487919
3 -55.71446731865522 15.641101681038677
4 -99.68128875578815 -7.07269489284603
5 56.108105737699475 84.94289283848047
6 -76.77498984544422 80.49498936363321
7 32.03256593194865 95.14078534257808
8 -82.4073695736974 62.58189849858255
9 94.66272207259848 44.86153724017902
10 -14.15653723842432 82.4626165558077
11 29.538504255702037 -61.67492712967506
12 -73.61276122463573 65.65291055794836
13 28.952684247330666 44.454741649488
14 -49.95609242549983 72.97040414596424
15 -13.89878086696396 95.0190567199933
16 -84.82581179967801 11.025667792071147
17 -58.595655270376355 17.831381943878327
18 92.43758144527501 -0.2162856096617105
19 21.312124055612884 -58.926637067491484
20 74.19854619406507 27.49973907410495
21 29.634776029140966 -23.90321895113283
22 -71.04688008960929 -14.75275922759242
23 52.41459765230351 88.59763107774558
24 67.74996038839498 -33.579504632572664
25 19.58289660829378 1.8452735849283357
26 -62.5688376407951 41.007622342174784
27 -69.87809645080404 -59.31134718756501
28 -15.380148946523803 -29.905632972572405
29 -7.8217851458201295 -78.64954244376099
30 -55.26680179086247 -87.02708769586194
31 55.55082298200213 19.55937659556686
32 1.9008760586280289 97.39406005497119
33 21.20343432463696 8.359495969200623
34 -61.47925003450543 72.91510001537745
35 0.9272556673076053 -53.02496248636726
36 47.28495229937309 -52.040060223804986
37 70.00709866134562 -76.60233487927547
38 -86.13874199036522 -76.878089857897
39 -93.27995481583248 5.902671913100875
40 -4.983950204625785 76.40386567415197
41 44.722672864929024 -57.51060825518643
42 14.816862831015513 -69.49575944124977
43 77.85927990214458 62.28026536165012
44 -19.345982867798227 37.921720119630635
45 -48.34986945349178 -20.797942286182746
46 81.17234970905207 56.5653509792584
47 51.695321236943755 75.81175638265654
48 69.805718526556 -43.279131466930764
49 -43.5435427382949 -46.081204888617776
50 -39.54151118677072 99.63816241450252
51 60.354793878462885 78.69421451991494
52 -34.02033480803573 -41.33116604197633
53 -7.148784462526052 -85.75343025501527
54 -4.572924039464581 15.796843520507224
EOF
