DIMENSION :54
NODE_COORD_SECTION
1 29.29807880742345 -45.50450890053512
2 -68.0682270195445 -92.71305189943058
3 58.1125342244018 -4.885929303531441
4 -0.8549595763018374 -3.221700290284545
5 21.519424152687264 -10.4633012612138
6 87.04154936776115 -29.01148544081977
7 -85.46111683273816 -26.468568301565682
8 -16.497007741827446 33.74240385159112
9 55.47307369122416 35.34668215075442
10 51.7738847309534 30.3983685807452
11 -91.3772985329945 -57.304743419641355
12 -69.53491763092268 44.70444343022538
13 93.16474238282711 89.4216878731479
14 -10.539668402238703 77.29137203428479
15 -45.36203839100317 -8.136197101771032
16 -78.9955292220126 -16.823112241169724
17 1.4592437974605588 92.45859367485997
18 -63.146675772830484 -36.180316280158145
19 16.120503169301983 -13.068503583210571
20 15.217102130288566 -41.32471722619917
21 -60.80769569595754 -18.5527277190985
22 95.33041950072788 61.87041438720547
23 93.9869838050528 -92.61029825081258
24 52.83385204338583 1.5263397841140005
25 -29.289317019099357 -26.023608686356752
26 -94.24663810624439 -37.57429913101247
27 21.160136221646425 -77.29594289421951
28 -1.2844611387060354 7.13159218275932
29 -71.5033066880764 62.65876386137248
30 92.13815967380805 56.331486778861205
31 11.356662991677453 -87.98551504452499
32 -56.51286265288089 26.0928483388943
33 -2.466517242311724 -51.41733714647951
34 -90.70754441373663 87.88123538595192
35 -40.30603226489502 -18.935722749678717
36 -80.53264126347216 -83.39425585971762
37 -55.93271899547367 92.69518236119717
38 79.57641940753217 22.62084870514383
39 -57.22803040106781 -19.735625532683002
40 -57.95005886570617 25.527559329712872
41 -38.577138777897744 14.024036650647503
42 -46.05655288413644 20.781010963712248
43 15.886284482520367 77.79920284547248
44 -63.307195753794666 14.525659219489626
45 -44.47150185184518 13.643968025117246
46 82.41688064920564 -42.256773986303145
47 55.02899163460759 91.68023228545786
48 61.671393056913956 -2.287281522892542
49 -57.193396744017846 -46.70596939689562
50 29.159004687887517 -17.054192916439106
51 41.33324969664534 -65.34645670603685
52 -13.247586380159731 7.175009590047992
53 83.08638191808251 -32.44799995536167
54 -82.71138957249677 58.636054165881006
EOF
