DIMENSION :54
NODE_COORD_SECTION
1 -11.87147267585496 -44.69402936175149
2 -84.01878139311609 -59.89925507049782
3 24.200011456884866 -74.10834973053532
4 43.06686483592412 -59.57102569799903
5 61.465202237344414 -69.18039334366813
6 69.41824592028416 77.78823738403742
7 73.16467811637798 15.704225713207848
8 -80.51163440148324 8.378554320270723
9 -8.879726848874924 26.055423376056225
10 29.529235946266994 -92.6248599600859
11 -49.95990045287153 -32.34154069362691
12 -52.68499117300791 18.571093908910257
13 72.78214694788107 21.610158979291924
14 -8.801652299542752 -72.92444854933511
15 -1.5863241357959197 -89.96181599852841
16 79.41917875799183 -45.292830779624246
17 -6.619971416553412 48.56896008457204
18 44.68667405662001 8.386938144307734
19 -94.17672637565421 92.89907721180174
20 34.40665537600697 73.74830935424512
21 24.067364376207138 89.36388669684206
22 -36.47159663205735 -60.653282881927886
23 82.51339127142256 73.18620427077079
24 34.83625092070483 61.26465879931152
25 21.66475222791928 23.127040008589674
26 70.61299711189045 -66.42748197036909
27 53.72888005813684 -22.450700402998905
28 9.953645677877446 -82.98059528260228
29 -88.78143540307116 44.44456827940243
30 17.609693640583913 -3.507634403010968
31 63.20253816277298 -3.23795883520188
32 23.09556065501863 -12.803700639462406
33 -27.668436427910038 -65.5822051548697
34 -37.10951504907059 90.17109797004468
35 -64.50721082352098 -84.34838067190145
36 -66.0793471531302 9.676489448941965
37 -98.07828338482774 -87.06226310525346
38 83.1079495721417 88.13918260981956
39 94.82771946650698 -67.55524424030406
40 -44.37670695631668 88.77093064733106
41 76.06551467180046 51.07925459573471
42 3.584045271522541 -38.36974711104566
43 88.11171390310824 71.43652868815829
44 17.286520990461042 -34.185426364923984
45 83.58196992627461 72.52104407179968
46 -17.3337270116607 88.63356718260147
47 9.75091826190922 -57.11184427611315
48 91.53036616212233 2.028675903654701
49 54.01363215321899 22.8978285526712
50 -64.7927185760017 27.167676410408006
51 75.95383484468968 54.060068104988886
52 97.61190197854927 -59.942617436503554
53 -47.33920650917312 -64.00914757867906
54 30.32434008963324 -55.81848777046612
EOF
