DIMENSION :54
NODE_COORD_SECTION
1 -3.217044678240839 -19.111874593509782
2 76.40549386951204 73.51632034407533
3 -50.8052150167573 37.48660877553499
4 -45.68937966951629 75.01354535162938
5 -93.011227510809 -32.14611349487075
6 -66.12020350826828 -45.104998643597916
7 -94.9052261959517 -72.66591386615616
8 89.60987385541927 69.03449874136103
9 -48.68931923146806 -4.5634999386474675
10 36.42026944483101 24.06069149716113
11 99.0795713016094 14.461731531587802
12 55.78525461022818 -92.61768804900031
13 52.216679780011475 74.36136084642104
14 34.30004107962773 53.330359503545054
15 -78.60792013512217 26.576579059865878
16 31.06862320073961 19.27594924425513
17 -34.348474858316266 -75.3598793261427
18 69.40291305033034 -48.75353013486359
19 -53.01542944602284 35.61503606615719
20 8.67413166366211 -44.523172779856736
21 -98.07456815279679 43.98288381033123
22 93.75919871863186 60.49664858549346
23 91.39886258080122 78.38284634121007
24 2.376246558511653 53.76826501519031
25 28.49974464515799 31.642559394181887
26 -85.29497785559883 -92.4454867498637
27 3.6215724918157406 -84.16966365615781
28 -84.96052225399569 70.60928752032228
29 27.32586743425027 96.59756797409332
30 -98.17852731846158 -4.552013110761479
31 -6.429274560118927 -15.130801426887658
32 -69.74403315480299 95.3689703430552
33 -70.60636881515305 -71.02080758729767
34 -59.19025131781854 81.06124301491874
35 41.86996505256087 46.636956673790564
36 -62.75273703981124 -86.45239162213956
37 99.14537899014456 -36.35020738060142
38 69.4586182726049 28.376662416197973
39 89.56661405059947 85.11548112352767
40 -50.813478374947096 35.390960790313954
41 91.41206547664484 -85.16183011325442
42 80.86037093713412 -20.937091141618282
43 55.4498206339168 60.00977906380578
44 -74.9026840229869 56.303778281980755
45 -46.47246556175577 -89.26171013602904
46 29.03163108678291 31.815511720513825
47 78.62506514054536 -32.20678596353412
48 55.48541978617209 65.46894441779904
49 -4.7226997641604385 6.977657392534866
50 22.095101550692675 71.85609699033142
51 -65.99874247449031 -85.17443752782404
52 21.859705158205742 69.07840261024336
53 99.33801917849539 -92.13846117382036
54 -61.82130391606688 41.996578654445926
EOF
