DIMENSION :54
NODE_COORD_SECTION
1 -26.57742876557225 18.93971710244506
2 -65.43599432154552 42.54908609382619
3 14.33887986743116 64.34572009016071
4 36.15610077406612 13.63978106772987
5 -86.55697804630005 -17.454343437052458
6 53.34682036675798 14.787099254281316
7 6.476542986507596 86.57197922660652
8 25.797136819741965 -28.707896025443773
9 -36.828516036649695 29.96011244378647
10 98.8594334508505 -74.33492858330865
11 24.750339809959357 31.700823278155013
12 9.07982498342541 -11.190332842574605
13 97.33827337863758 -92.77163555376866
14 55.12012047572847 -65.41265406360031
15 53.5152872318144 -7.513351629478635
16 -78.3407063642378 -15.332620844781843
17 -54.787260537781265 0.6548086989889725
18 40.43573607915437 73.73219321286302
19 -36.6148788021931 34.902412185558774
20 -29.556634973326396 -40.47841435897923
21 93.36452332276693 -4.416178745080444
22 -41.60401716164692 -52.136448420091774
23 -90.4681158507443 66.57017091523579
24 0.9259761081337814 -60.246489973118834
25 28.915555768983012 42.9564854635114
26 -28.414971100065586 -24.29228780006123
27 0.5543837527746405 -28.829403191578137
28 98.56597829078942 52.03076382339282
29 45.939020023122566 -87.4505310064573
30 83.16660640611292 -85.69879587954023
31 85.57172217037615 12.737759477206652
32 34.367645215350166 -4.706852477781183
33 87.66153554554148 61.80227742077196
34 -38.501070888621136 57.716100633564565
35 -42.80180280251707 -36.25460473010833
36 14.819054451962813 26.569043980997577
37 -52.87518003317897 -0.8608849792106668
38 -7.064371742082656 -48.430956670112366
39 -81.94421206554519 60.890961288424194
40 46.344628995129966 27.028611667697476
41 98.96306898769751 -29.30834730243994
42 -2.0310100303674687 -85.27981140361092
43 -91.51950199306098 -57.516338895490904
44 74.42813410748846 64.68006931304899
45 84.95231571370613 49.32890537558586
46 95.87169770342251 -90.43165834296288
47 43.07877049076717 -28.657271678643866
48 -92.43774704264891 -79.88476090501327
49 25.98800481441586 -45.099491644596945
50 52.993397290232735 -47.65144407855644
51 53.79030567123601 -2.8877510873864622
52 -13.818833756569944 91.71074272174195
53 83.14703850381625 -15.400415470469753
54 99.86826873302368 -95.16159835424192
EOF
