DIMENSION :54
NODE_COORD_SECTION
1 55.24639855680002 -2.054868990436944
2 11.698621478175994 70.81571442439113
3 -93.414221344055 20.46327493319602
4 -55.75535885264369 -50.50853921613718
5 96.62603478543716 -13.30594188503271
6 17.726723284459254 -89.82817400585546
7 -28.536043352302926 88.79924034648309
8 5.722179040539004 66.36648805141147
9 -0.1877983080152319 83.60615615478827
10 18.287532959351864 35.801848172357126
11 34.437471882295256 -87.19287823462048
12 -79.07643274880458 -30.258886420873395
13 37.67127153486126 76.66173148037524
14 38.62431217264731 -68.93826631980222
15 45.291378739730845 65.62700183807684
16 37.765120375717714 13.503544609200958
17 -49.70130609490393 13.129546962139344
18 -48.56344697970909 -56.085038109007115
19 76.59066827602607 22.73293138324665
20 67.93225614136492 -10.011217166779574
21 82.25905990077612 -55.75756226601636
22 37.45070167746886 7.892948539870773
23 83.21647240020727 -74.17146379472527
24 68.67215570343984 7.366060975906947
25 20.082445735634963 53.039460778909444
26 84.72378201014678 86.26105124198293
27 4.7366879977626155 0.612245596721479
28 -12.852566040991292 -7.815042833844174
29 77.6734063996997 69.28078850683502
30 -63.16383373040031 -94.20363970502403
31 83.26735622824174 57.318421596915414
32 2.5070971765572097 -91.51353960992661
33 27.288794039641502 -74.6583801944034
34 50.129806304642244 -3.416406863567232
35 -80.51901008143565 -47.05942058632431
36 -49.16895487559205 34.88521338206317
37 -76.2593311412687 56.99129934465773
38 70.14805469692675 -95.76471657792654
39 39.41813808609612 -55.95696082816906
40 -31.895648216075358 91.02922562017591
41 -80.51942295817302 2.9640035491159864
42 87.43346226970868 90.94252796113787
43 -5.24157627357404 -90.93284977830098
44 -63.622425620251555 54.843233607939766
45 18.2214024105334 7.227137829933412
46 82.8396798853307 91.76256741135899
47 69.20729770630345 69.03844754270392
48 -31.730637934005742 -38.03795865797868
49 -35.24690537383333 -22.146239725387986
50 -77.48617435014937 -57.45056732248932
51 -86.3452238108906 85.58087700494653
52 14.967588668678047 28.760049440371972
53 -81.3915357456126 6.405231518537406
54 -87.29454710935455 -54.066104336963996
EOF
