DIMENSION :54
NODE_COORD_SECTION
1 32.996857431820445 2.306800331488759
2 -99.93801336433926 98.8292244451801
3 -95.4185751346926 85.25043360237413
4 15.355595945743474 2.374152745151491
5 -21.74383603187013 -98.1077657784135
6 72.57456814096545 77.26396759078577
7 25.90515346120148 83.15327111827577
8 79.45999895155734 49.08457925333991
9 90.02787093955462 -56.645521132696366
10 -92.82618682114412 -52.90883449490735
11 38.20561765210121 20.72708979570774
12 -61.99013298815459 -58.294558093793604
13 80.81046313168758 59.26764359720781
14 96.57762137648231 -63.419180179031365
15 12.192322329458221 59.800245232384725
16 -81.84886939179572 6.086338860220735
17 92.80633202854995 36.897578758897424
18 -69.27257041618012 68.47419086486778
19 28.21920505796794 -41.64857001221507
20 -68.55982871359882 15.659864688528828
21 20.659880071386254 15.172412223027251
22 -76.67427183939816 82.45788058243377
23 -30.24366019892338 72.63770066903544
24 -54.959252909904 -68.71978813139958
25 -18.67308805811861 86.69464184742165
26 -26.01852487377336 -47.28147629416362
27 6.571144179173956 35.067153293283525
28 -87.6430278907697 38.09546994090854
29 78.7316745470176 -91.2990685325658
30 -23.880314900496842 -33.015747203342656
31 40.275282436980746 -63.27755149057774
32 -1.7414291819362262 -29.140155030601946
33 60.867720373217 76.87594051793644
34 30.811428976904182 -16.54077128704637
35 34.893558369596036 93.44146947336591
36 -15.945320713155112 -30.90790281463481
37 -83.0011320298635 65.92638402692594
38 76.6804780628249 -67.94245332442159
39 5.111012735454423 -75.63862196526358
40 -12.627587548020287 -46.51360886669988
41 -87.38347487115587 -9.178375226069562
42 -3.9571252058831163 76.34262619810488
43 84.85451195507747 -78.16771502606869
44 82.0964769792663 64.98186961135866
45 9.809596360679038 92.60700180377901
46 -92.56434069795469 2.5784740315878025
47 -51.13494396508482 -58.3931926019853
48 53.5260831777297 -42.102852784868205
49 70.70323577117614 -97.3038401639861
50 4.690999681269474 -47.700992635337954
51 -90.08295665867097 92.21172754428616
52 -26.094637517065195 -11.464011416220671
53 91.62271312895754 89.54864485527455
54 -47.28801647879936 -35.19833897267645
EOF
