DIMENSION :55
NODE_COORD_SECTION
1 -88.36210368474582 -72.38891303236632
2 -3.5582171483786453 -61.43856413171007
3 56.14778077172366 -4.788042678316387
4 -62.297746035047986 -6.735851676263209
5 88.9980146775685 39.34110940734081
6 -90.51515703130838 -47.34508823689014
7 -22.310807130406033 23.376714724334363
8 35.307169447551274 32.50227174951016
9 0.2632560949041647 -40.74438250990426
10 -87.21600451184474 -32.96271562979929
11 -53.652818407908434 -23.61069555570532
12 62.18494930536994 -97.16817697344257
13 90.31980367001901 98.76411437267654
14 85.99785401323658 -77.41952508604331
15 57.579588591477716 -63.98207515597436
16 -24.1925108986387 -35.558430593791485
17 55.86763965139616 46.82463890454258
18 -80.59890266581367 45.756882037141935
19 75.82695729296498 -83.29324237200007
20 -41.13636453911194 -25.616281214494265
21 -21.544734529190606 -92.56442026999487
22 -70.47276392479596 -63.46297555126643
23 81.83559723063036 -18.532601315410858
24 69.99099060771024 86.95330817001334
25 -64.49487650288526 82.40333221826708
26 -64.97139276108312 -64.64778916404813
27 28.049437526509024 -38.75065615969917
28 -33.94678961350736 -77.41436511690003
29 11.985999854570295 -21.70786534029297
30 77.90996409983208 -89.47167667439
31 49.727023739506706 -18.304309496430918
32 -93.88110164489059 -28.321992085780764
33 85.38865263625857 -33.53778472418129
34 -74.70821771603575 57.59708762726979
35 29.43984020235581 51.19035699127514
36 97.29845259482218 49.74208264261054
37 6.6609016475462255 -24.89736434498657
38 36.85967779826126 -48.10898401888406
39 -37.391754981971246 14.103059491355737
40 92.59504381753183 -29.707019666976635
41 49.758449342129325 -57.835027407490756
42 33.15604741621692 -54.1717097552096
43 -78.2687629132641 23.13828139945045
44 0.9260292641159396 51.88149885325447
45 -47.532314523123716 8.10414497035994
46 49.87026906876591 52.29385915895091
47 66.96633488434108 -65.3054937246155
48 -80.52900859613483 -74.32435865792499
49 -78.84332488744094 -22.667393367998216
50 -86.71630367351347 -94.47704694919838
51 0.7157818929741211 81.13995958825103
52 48.50274020170079 -40.00231565928119
53 22.110679344232537 27.29417165423675
54 22.025669883266104 40.89328554501182
55 13.875386716879106 -76.08891867794314
EOF
