DIMENSION :55
NODE_COORD_SECTION
1 -39.40176701298661 85.97648302556786
2 -3.7101938121522124 -24.702126328321313
3 35.56685569750937 -39.01752293744896
4 68.10642041916836 45.17183369501589
5 55.39942189544536 0.6845018463132959
6 53.54077286828203 0.021329097085725834
7 15.097363210557077 -19.332782537154074
8 -35.22384966312879 81.41439376945866
9 91.1403640642757 -59.3444976865394
10 -68.29133956141843 -46.023124452551876
11 -63.228536024121574 6.837072421076627
12 79.14735125316412 -68.8177258161992
13 -0.5183901039202254 -24.307344580399757
14 21.785668363720816 -38.238846841003735
15 89.58160503457466 45.69245285012528
16 22.726697064641883 -12.985473674127164
17 7.850888971112653 -11.118473785833345
18 56.07127937941556 25.604686544646427
19 -99.39566473862385 91.29092280546848
20 -9.945459968168151 -80.06396644226734
21 -47.88045394694305 -40.72465719882039
22 64.44303480486286 87.02752767862879
23 47.218965732566346 -11.70773273409526
24 -25.618795255918997 56.81743548477186
25 -59.097515752503085 -78.6985357114142
26 -7.397573876187664 52.13009129447215
27 57.27788101860247 85.8779267125411
28 62.896528061774404 -32.926508345875604
29 -93.36204927295955 -7.704695407371403
30 79.95213561614284 34.42557101625724
31 57.38479844486491 -0.7490306447382977
32 34.16886626965868 37.606067638794286
33 28.60328362511507 -90.43206303682146
34 -55.239140432823476 -80.87996687465181
35 -20.562849080497458 45.12287690908701
36 -69.5501966589681 64.89794509036915
37 63.0230136268884 -31.58638621828878
38 -25.727998028799576 2.746577672630849
39 -14.411114098542328 -32.40659433326971
40 -72.49913351680766 -56.83617203851603
41 65.4254522703844 -97.53645280272998
42 67.41244394422162 -87.9403078493264
43 -78.21004107434942 20.829770457553607
44 74.59844561100425 -22.53530269293023
45 40.404078529858936 97.79204657130174
46 27.75766037114846 56.096177005026135
47 60.05867865783955 -75.04861507297676
48 -72.62682625485843 0.6917870277712126
49 -96.06001168515932 -17.818592529465562
50 -45.59052308072475 -84.69123925150821
51 39.643269812988166 61.526407216983785
52 -53.859947101281705 -76.67354931625805
53 -6.558423104129886 80.951730135172
54 28.442597382231327 -78.32123243368878
55 -32.77119356069262 -74.91360846392456
EOF
