DIMENSION :55
NODE_COORD_SECTION
1 -17.62445480403602 -5.117830609540562
2 10.657806807192813 80.76189675868557
3 -57.42369673525138 -66.28599266984243
4 86.34582378727484 97.06520976399511
5 25.997882494214068 -94.06509613045723
6 -67.37877919337262 92.78804494890105
7 71.72746898345389 -39.76181614634504
8 76.1368342814896 58.56855997020344
9 36.10683958484779 -90.35188929832707
10 75.77702711089046 -43.314324190420294
11 -67.89884100652705 36.8780583625464
12 89.63700366059996 8.38030198670026
13 -72.16073850265337 -8.301393516910622
14 -51.545555201195015 76.7417563639327
15 -73.5248992822194 9.154617818622881
16 91.72525005606585 -97.388156961845
17 37.9965288873444 -32.49039559688913
18 -23.16342449408664 -68.37703480992054
19 23.334250415252185 26.084477619959358
20 -93.09802113837402 -17.599152158314652
21 42.10026246365544 35.69708161218023
22 39.58509510116622 49.12641565791665
23 67.51168476958952 -1.8021884700630864
24 37.04973553574064 -93.93449636984847
25 -54.46750337124833 -33.36421151316411
26 -3.724050487177948 87.33905481123975
27 69.99212027169548 -76.1209750534489
28 -40.6669437558941 52.120621961839475
29 21.416583054539487 -44.94882411971626
30 44.802358825040955 -86.38800669157037
31 74.53425592476765 37.936447973209454
32 64.39365692347846 9.561794359356114
33 17.895052877790988 15.54338904231443
34 -7.09866979641491 22.756067283558053
35 48.76823091387206 -13.692757949224216
36 44.997340511687185 -78.17614765182934
37 7.460726549287244 49.94968923385889
38 -21.040023678471286 85.86478472321261
39 97.42441512100916 80.80385770682483
40 -4.711190881329699 0.8199249335475258
41 -99.00275213303618 -34.548522948098565
42 27.25786815559654 71.17100043426257
43 -54.650189283611695 -62.191782189643874
44 -69.18941047993961 -22.532714028223438
45 99.18540424280579 72.33221441504952
46 72.80165772927236 28.343530312394392
47 87.96829313773566 54.8199176943304
48 89.44243607197419 -94.89373489706425
49 3.9313695006473637 40.29245349815071
50 -59.09174519240696 77.62995510932313
51 56.84095627730622 -71.23533131165834
52 23.41733747214323 -17.78147950066264
53 -37.52680897851148 -57.77173490409271
54 16.692776728492646 -4.748162180446386
55 97.98278869830963 -30.03074592795349
EOF
