DIMENSION :55
NODE_COORD_SECTION
1 -33.9719466738061 60.13858153806913
2 76.05116823705478 3.5468090562219743
3 80.36231474541117 -49.28365914762101
4 -80.25002391555304 10.175832291170494
5 -22.212025210614257 -58.10526929070387
6 56.866600920819394 42.28658803624546
7 -66.5339772491414 3.7977399065064077
8 27.220521287833492 20.635784241320863
9 -23.690896410550735 -51.88471009690314
10 -53.485791423719476 81.25017749166176
11 -23.60829866038499 63.642276666594825
12 5.493768997582123 -73.93225001131015
13 91.20825108206739 81.73653848654573
14 2.875198829611449 -41.09146522150897
15 -84.61010211566062 58.93322043760472
16 -99.89610936263207 7.000879393287548
17 -64.28301996800865 72.74213659472807
18 -91.13349440436849 27.703072635092326
19 -68.25899109794341 -33.30615924583552
20 26.376070546175526 -69.27572979174808
21 -17.943608328670663 -48.01085132784253
22 18.80252725649798 -91.93726100610473
23 -62.7612526286089 75.6458663229852
24 19.82264692421971 57.043531389329985
25 2.69327046964014 -1.1743964903607775
26 -40.88523366447039 6.251645337087581
27 38.13302631756096 -5.937367618235712
28 -35.2747013952375 -90.17897091890326
29 -74.86618283716811 -33.594264637494035
30 93.58563567209751 -37.54649242226129
31 80.18860581371848 31.023085274891713
32 36.059528129129035 -94.2938786428273
33 97.91124603640756 -61.39068029788908
34 13.252664066021083 45.49917313359467
35 -2.4843126204918917 29.972915119225462
36 -60.08232553411008 81.46150972282416
37 15.423460618778705 22.471175170815386
38 61.13937980844938 -39.356548018575886
39 -62.17124028793943 -16.50094460429294
40 87.58669840093228 11.292101374057651
41 -0.7229117494616162 -69.97276513845722
42 -48.030914303842984 -13.2024940123586
43 -13.210127720286735 8.22384865229084
44 88.43704397484424 -44.417470406897344
45 -16.205886982611588 -46.5166595514775
46 -2.982197543882066 9.623081358312334
47 -35.907325013653406 -91.2749528815003
48 -3.2212838236765293 -67.55037654361831
49 3.3373502597088986 87.61304159089039
50 94.26263143018946 66.89477740950716
51 13.943416827903718 9.38798168975164
52 -2.159039775579302 53.51605023078372
53 29.111021517975104 -96.70934304621896
54 93.98175831247403 72.53664097145457
55 -37.40485212833231 -16.90393638857823
EOF
