DIMENSION :55
NODE_COORD_SECTION
1 -15.919873210436947 -59.004376766434554
2 6.106268009683973 -56.48456799787047
3 -3.1817179407454006 45.65179149219759
4 -87.8468966385852 31.536337841699662
5 -9.409619641773844 94.82457169751609
6 72.97957255537128 14.983256153573478
7 -95.07013956818184 -42.69568694790959
8 -85.92193083322108 16.518121028123176
9 23.52328998686295 38.36658788307892
10 71.79045695608534 34.7440605093031
11 34.83564160545163 -66.4388309590092
12 -71.56593997734844 -57.50288122993681
13 67.02541115347634 -34.93121236783389
14 -9.419512699754094 87.37432773647373
15 82.77589930134144 94.5038803718424
16 95.82049302921578 7.614616417143509
17 89.39535003240002 -72.66952055902391
18 -31.300269478052357 88.36303565845168
19 70.51535534761803 -23.402339695730404
20 63.111743184911546 26.512933986304816
21 -22.056594323057553 37.489805401524364
22 -73.7138386638533 -53.265337838383296
23 -64.29791583048758 39.22616862219948
24 98.61159446266646 -83.03642203404942
25 3.013854151582862 87.1331992442087
26 23.884248387467323 48.53404402488954
27 18.967182232541347 -14.74782290843855
28 -13.825016489398934 -65.68966464547081
29 8.826013518576744 -61.366208088768644
30 -87.6410980828808 77.57926797178695
31 -29.578616560639958 -25.48968723679647
32 -16.54671578066211 -4.866442848774469
33 -21.20952927230087 92.82510445201598
34 -16.73885518859251 39.88890113985221
35 48.20488269224964 59.1382520672463
36 -20.580647659222024 81.54188224172648
37 72.95662272502884 86.71623764659691
38 79.80164016249495 8.189791421328735
39 31.74668124221256 19.65247116925319
40 36.32864247546706 -32.50234961314979
41 85.24781597195397 25.15480129057042
42 -21.411597067772647 -47.088354967855864
43 22.389595337237836 30.67492106408929
44 -48.72742063948745 -41.41772239125532
45 -81.85964857075692 0.3438745039717901
46 2.2849346479254535 76.07472650201333
47 54.03729394477347 35.216814834233645
48 -77.51952359633628 -13.392227353011265
49 -77.5574367985599 3.1191997645332776
50 -26.655026879611327 -85.52316073110345
51 86.4795204720127 -43.574195348665
52 55.52625343097358 50.480764636848164
53 -0.16973677159859335 -20.10713224498437
54 -31.019777227116577 -71.41412604390744
55 4.051779322413097 -74.29722977955444
EOF
