DIMENSION :55
NODE_COORD_SECTION
1 -47.03859742714997 3.369274077349232
2 -9.96868144711894 4.448890120911614
3 13.149358326671944 4.7496526711955624
4 59.64971383036871 38.494224226789015
5 94.22966296730507 61.72774957719443
6 91.38429531605485 34.19208232422557
7 -67.00455651063395 -19.017484004418876
8 -30.028103096044532 44.56650838398076
9 -57.58942423200626 -11.11085367075519
10 54.632014040551695 -62.65609110342785
11 -55.0100877067466 77.26391418238558
12 -23.460220060708963 -52.172717161395376
13 -29.92185715210971 39.03457422419385
14 87.9569255629732 -99.50456189957235
15 3.290241626429406 14.569991224081932
16 18.17830857825396 93.98665046056666
17 55.47803947423344 -24.93332586957584
18 86.17802525148903 90.41526797921725
19 78.93895951720157 -93.69596659704564
20 -4.184390046919859 -72.49124010088377
21 -99.81549445299991 -75.75588092537816
22 96.68963586834815 -19.158124675499224
23 61.437787510263234 -46.63419689172568
24 -67.79771851153137 43.48352566744012
25 67.13075134755363 -70.71269093454784
26 16.125255943641577 -38.3387989781913
27 17.02343834478053 -50.85485526377005
28 -20.0661101749009 -32.41335027231416
29 -25.83078678861135 -13.63851035836501
30 15.40276306690238 84.37573184505311
31 63.801318294107915 -89.15380554562789
32 -99.56706611910964 43.03433316885503
33 28.317792628159083 11.343587555693333
34 40.807199663311025 47.77136633658799
35 -26.10662764902274 3.5483862864840177
36 86.54655363347624 53.43884379764711
37 -64.15161710952685 25.778974303203924
38 -11.23254400693392 -22.311754133310984
39 62.75640655449507 -26.589465854426564
40 51.41618052569902 60.47120157482436
41 73.37396133590622 -96.06559528477598
42 1.982981083140416 4.801878742662296
43 -24.17302485893545 -43.575774515738466
44 -43.72455762996444 -14.762737543879936
45 55.090442525237705 72.35343818127029
46 -15.443087674095096 94.32073995146882
47 32.64925175218579 -20.8772131812419
48 -0.16748581659183515 -87.72658064310733
49 81.32957487171166 3.3205167048346595
50 83.79173806256276 31.5066282124738
51 38.64203049577972 -82.34794767465108
52 -58.10679154321492 -54.93180963126454
53 -96.42089264323421 -6.360020953393274
54 -63.69615038679439 -83.07595213917335
55 -75.33885652634584 -68.39078784313797
EOF
