DIMENSION :55
NODE_COORD_SECTION
1 28.07542066058616 44.15553964949544
2 -97.76991986338676 -38.62960952295729
3 -80.59157576693073 -53.114671988029436
4 11.937839710128458 -44.680686055700704
5 -4.2036688836867455 -76.7292315945342
6 -24.693213918838268 -64.57221715580636
7 92.02822108591414 69.31168440786317
8 -24.605761346688354 90.16953457065608
9 83.93948475172948 -43.45757065340561
10 41.290612204709845 67.06593677115416
11 -0.41883798520308346 -14.22937988452884
12 -50.69385571162752 -77.16669830348728
13 -50.78657173738428 -92.70217283901331
14 -1.387674071458278 95.27637613456312
15 9.065952569757172 -70.27694472603562
16 -39.94983998713817 64.82977394532247
17 16.659244660744548 -61.15605286647887
18 35.294017636514866 13.687895570626353
19 -60.417234039022375 -21.16539366579822
20 -16.713682876066514 61.75313317664927
21 64.97714112083591 -90.20688242899983
22 71.83490096660077 -38.82882693242018
23 -76.43072409155221 48.91576788411709
24 -5.508453630550463 65.01119623982405
25 9.960931896518943 26.969225521002073
26 -43.6934725855918 -49.312024113392724
27 -10.027342634175952 47.39574315756823
28 -23.219216514170668 75.01179451510484
29 -3.8033157085324945 22.300776588004283
30 84.31380114029491 65.29126272197598
31 4.513939706240038 77.73625612600165
32 83.6718744495902 -90.296844019708
33 -42.81821550399503 70.10698608727836
34 -33.5220905844031 0.18240528994199678
35 52.20084140290629 36.19152980572798
36 4.450628708753655 -97.62545683279843
37 54.02062422012105 -88.81678530813211
38 -83.90251245564491 79.7318158659113
39 -2.7545873222758672 -7.679279533207662
40 29.792178670484418 -17.376595902310584
41 52.85326775120839 -99.90802693394652
42 79.64427227686804 -71.63085415512032
43 5.542723929229609 -5.340967390628592
44 -34.70504652199962 44.395234429333044
45 -48.82678754938936 -57.93429119716416
46 82.74947463459966 24.249444662650106
47 64.86681465438326 -7.04621795806159
48 90.58351028974076 -44.99748332105964
49 13.190591886476469 -64.0723089440761
50 14.337097850563694 14.601368156928004
51 -12.059810150646186 18.37164831840576
52 11.63644913744281 9.028843856909191
53 24.39704637572075 -10.562792326124026
54 -78.43948371866662 -78.3361728040906
55 33.53310989624984 13.083370457441305
EOF
