DIMENSION :55
NODE_COORD_SECTION
1 -35.68378856695797 -88.237467740865
2 -85.41617715003756 80.26369067407424
3 9.89065863615643 -26.71661329546329
4 -27.768328833327843 97.00918893347131
5 0.4966556171550849 -70.36289689125451
6 -6.111661901438566 -7.323281883617312
7 -98.37053074448269 -23.805683234362945
8 61.05859001945535 -86.31836105911694
9 -68.10325073984185 46.16887039172653
10 -89.90629992989176 -40.5147874961453
11 23.709001847987324 38.24825358355986
12 -45.147849653206976 60.89844329307738
13 90.52313977167131 -91.82388399684571
14 -58.38770200989034 9.779996392720207
15 -40.68776479596292 -11.91309090382424
16 -36.63293524013478 41.916544170189525
17 -65.83894000492829 56.18174694477577
18 -66.51761843137578 24.287904891353307
19 45.36372041473501 69.37364851016633
20 72.8026431598532 78.58342789997948
21 -91.87391238541049 92.81943698954794
22 99.63797054949214 -15.249811329547043
23 -34.04754472464076 12.794554444459806
24 28.66965490343958 -48.48249363322892
25 -73.97776319746305 -96.84379774355867
26 -17.338272545182193 -84.74352307411885
27 7.339258263574308 30.67914694043185
28 -0.03179836322321705 34.19721485757245
29 17.162642455992412 30.837790719781196
30 81.17694826204698 81.94055235470975
31 47.20485513030758 -36.85305099918943
32 59.832928761265975 12.365048976135398
33 -61.690872080358126 -36.03696603565783
34 -94.96503343304606 67.44419095008553
35 0.7949276493062456 54.68622217473262
36 -32.19828351508622 30.15276400076985
37 -2.6131981948410328 -65.40652882498753
38 68.45426455068028 -13.44466493325885
39 96.61839865827056 90.07103353868345
40 -11.135823067508042 54.33406511491586
41 -13.169919397929291 85.80447264839742
42 81.26742388148313 -40.573187670372654
43 4.355174625337725 68.52299200181383
44 -65.55378699279069 98.11093291013418
45 -25.783748601949142 -89.81587039818872
46 -51.567705194046496 8.781870327609425
47 87.6296541464828 45.02384359757178
48 60.48682391608932 -4.160047176346524
49 -52.157098631869125 -86.3138907451794
50 -62.03645512743101 -2.48719626030325
51 -95.69387026970398 17.685190674451846
52 -92.23654373486994 70.10476459792932
53 -35.09454498935921 -91.25717310459301
54 -72.55913131520677 73.07887380029109
55 -73.03750292605304 -9.918375514418415
EOF
