DIMENSION :56
NODE_COORD_SECTION
1 -50.35123314931875 18.6556604015814
2 47.43441291294616 16.43893765117133
3 -60.02509684441415 -30.38012816860372
4 -19.33428909527977 65.03605490620222
5 16.153755091137228 73.70205969552853
6 -80.58276062336486 20.79480776484546
7 -27.703727110185426 -64.49954918107572
8 -77.3585619903431 51.63628020041503
9 -99.30020250995597 -30.30716299542229
10 -35.93392072823511 -61.160531763297364
11 88.96812934894618 -86.4597654056478
12 -58.06845095956756 -85.5995618618191
13 -30.29480809673902 47.99590908329884
14 -77.92131469714441 -22.35795828555733
15 72.86163285618125 88.8761045283986
16 95.42357356586217 53.01871441039091
17 -36.95975766508983 -6.662170179439514
18 28.707202973702607 -74.5249824647231
19 -42.45729053272134 41.94805140858497
20 -33.49048149385992 -4.619330395667177
21 15.666701963417111 -97.08207124065913
22 2.868917632371776 -68.0212460805034
23 -34.26111445255282 -37.38551783449926
24 82.44981324226481 72.44802531448477
25 -6.4039368541356225 15.251414097466395
26 14.052447039601404 -86.90589913778621
27 54.703098663020285 44.69970186062605
28 -16.63924855262087 69.84862685316733
29 -8.177034819207478 -97.35226176283508
30 37.17552078690784 47.16929296581344
31 41.13072911848835 -10.120243872697074
32 77.98176803417653 47.597875227268815
33 91.88989896744232 -18.76951404664146
34 55.55076877758057 78.64742313325505
35 -71.71390874594461 -0.18711145315575095
36 71.37870558318832 -30.646206357668177
37 -73.26043870204025 42.40499533173147
38 22.115581120709237 -4.259238896296466
39 -92.00532199187381 85.4208979891514
40 -0.26060476493994145 32.61211805776358
41 50.511027489744436 -40.32001206222442
42 -60.91756964101012 98.4980772488995
43 -39.84266025463734 -27.772380892608453
44 -42.58224739477061 41.24749509807103
45 -39.06396600029789 -25.2505413990159
46 66.1658390798587 -76.32864666907749
47 22.44272512738567 -69.33922623679776
48 51.382673470980166 11.807190254929111
49 71.991600822343 16.74106998295784
50 -82.45775176986638 -57.21199661314624
51 -47.18585136451583 -89.77654021465816
52 -31.772029977580345 54.96343885881441
53 -15.534748959184384 -41.46271407768296
54 -42.30093991920478 -0.1650597526072346
55 -42.45275916538591 6.441511427208454
56 -11.10044654880123 23.530763778858656
EOF
