DIMENSION :56
NODE_COORD_SECTION
1 13.077494703222655 81.99384106014227
2 30.006527216644457 7.747356148989624
3 77.84430658952985 78.85924105857103
4 5.1317767129001055 -8.870774933170196
5 -97.03706120526454 3.9837996114539465
6 38.06050746685679 49.215271860458614
7 -36.14587857732554 -89.69847445273908
8 -27.094045722301445 86.2315558239867
9 -99.11711006276292 20.739410578411736
10 -12.177228161016146 13.931063256707588
11 60.160793540194504 53.51328870366436
12 95.97282843963686 -87.13430678304705
13 70.88159676046385 -90.67501002697492
14 -86.58914772183081 -64.8109611744022
15 2.238669261025777 -56.36420021259389
16 55.39513819597218 -39.84669814826054
17 50.1986080997481 -94.01961753880057
18 -4.520057307358471 -37.12228323542184
19 92.88246209564295 -81.67566762613383
20 -24.152127718417347 -62.370013102984025
21 23.032201372467426 -14.24245841067291
22 -7.30796331886927 28.77617863682815
23 -82.98314246025156 85.35474747937167
24 -2.9406423965580046 65.71870581365863
25 32.059222822707056 62.823595982074806
26 49.41800526560411 -27.44397240959043
27 -63.1594131979867 -18.400376318454988
28 45.3133709164176 -71.13821980071064
29 -24.632504324671146 15.336692128673306
30 -10.17119487054805 94.89509889285011
31 -60.038760871582085 52.280344433932555
32 40.16853315839168 -17.282069945875406
33 86.45707219498865 88.80081869333787
34 58.53213973652842 -45.89069626324622
35 63.1770384273149 29.401252515640323
36 21.551243627531647 56.830437614892446
37 -55.033417451156886 81.80591637817108
38 -82.08927342172694 72.7087466182812
39 -35.43816551374748 -61.72777033896322
40 -67.62159999133729 44.17280196837464
41 -84.21903906116395 -31.940555998494517
42 -37.6814817437066 70.28441528770782
43 -33.49042528218398 -88.97412461475764
44 41.866159941453475 18.978034804699774
45 -35.823274093616504 58.615739092708054
46 59.29106194007235 -10.868295726691187
47 42.394520136570435 36.03557301500783
48 44.68097374609064 74.25795703182837
49 44.6611444491794 58.209377939075324
50 77.92628083218759 29.01698902139239
51 -30.496619392720774 -77.85930408314412
52 -78.91085749096361 20.418621279382165
53 -88.83852079531715 19.59876460736396
54 14.591902413842007 -42.50648685615408
55 20.895720983332765 -93.4148251231373
56 93.261213100932 -63.62176359546488
EOF
