DIMENSION :56
NODE_COORD_SECTION
1 69.32718407991288 33.41349937726383
2 74.36831608663559 87.99211512256849
3 61.487430902525034 69.83685420365799
4 1.0737722741970117 83.08762442866438
5 -14.397214291262443 -76.78689580358437
6 55.897499301794255 75.7328921475858
7 67.18334383449724 58.12971195607523
8 0.3526980162947382 39.512695483501545
9 23.54198694781313 -63.066333941929244
10 77.81688059787527 53.5159465438239
11 -63.06320954329259 31.76820314487972
12 78.93016769684391 76.28844748730344
13 26.28310834174394 -75.1952041770239
14 47.277734503833784 77.06360248992868
15 -35.61029817263541 30.00161995787161
16 -46.73219100465191 8.090512129535483
17 -80.10019923769826 53.50894633550334
18 61.96810563093055 -23.706817165034266
19 16.594541166004788 -75.11916489688744
20 -0.23472975278797037 -21.84142919128182
21 -2.5571312800399824 -22.458397106916678
22 85.06336678267056 98.66512049466726
23 -43.24152920067013 34.49470458293814
24 -70.1610124388488 -56.77224246382133
25 61.050879093319 -35.949507879854565
26 41.72227278643484 71.04914761188138
27 17.634508367213186 10.388654949621511
28 -39.625507103663104 -71.06880747454245
29 69.78589162166483 -24.939955270428555
30 -52.715402271077316 46.5148100714253
31 98.21591363921422 -71.92840148897248
32 14.708518046928432 47.08001959985657
33 -9.149447116465325 -39.012621797946714
34 -72.67326093442969 -47.54746217678891
35 6.390003333517981 -40.482503466643664
36 -60.70289149655024 -83.77292606360402
37 1.8427604664283876 69.35600953439086
38 39.73143440059198 -93.56847394557353
39 -79.79224103172137 56.567810766863175
40 -28.773951667737947 -23.0794601323785
41 41.7041971650668 -77.38641654137173
42 58.927934174674306 16.200680016380815
43 -9.574665759799544 -75.85892755542969
44 -58.28019442775874 43.05378039382637
45 -41.98105361631341 -31.040160305890097
46 32.458792448246555 30.238909839237323
47 56.9738552725415 12.155834411831748
48 -49.19473498275882 80.71760723004527
49 -51.681542712667806 -39.908875994135684
50 70.0296056063136 -44.73905381614509
51 -97.98637828251093 -94.92675403242023
52 98.28651301774747 55.96123115491375
53 43.049123031699764 59.76759957617173
54 75.19788352451528 7.084997336631972
55 -87.77091135595234 -62.034488395234774
56 -93.81313184538642 -57.131804241578756
EOF
