DIMENSION :56
NODE_COORD_SECTION
1 -98.809991662379 40.81741021614425
2 -18.50381877980371 16.871991941667574
3 -5.1178932306661835 -32.97016175387239
4 67.23762011193094 94.76205399798408
5 83.29041853266509 -18.25336281841794
6 -99.93409402592428 -29.417886200118133
7 50.235899008263516 -5.1545704495785
8 61.63420593002945 87.79582088531234
9 -87.93215187203648 -52.40603671248583
10 -58.96565578328763 -48.98535732084919
11 -59.454618562753645 -20.67904346495257
12 -99.9437450929126 29.90212511871627
13 -44.76409755522815 -43.25497427032159
14 -77.66492274668605 23.72520217763376
15 -59.802710040409224 19.6055791624224
16 -92.89016471371403 15.684565407640918
17 -78.06265571833404 30.028432689396794
18 16.169064482015315 -29.429724682752152
19 9.120382826801048 78.098181188188
20 11.660471321678003 84.95281371664421
21 39.21751389337825 92.39823105280723
22 -67.20688047793047 86.03384273569299
23 3.2737696538456476 -68.18143414547748
24 -48.93769223822757 93.44499246161612
25 -72.80839068757403 93.7203888558764
26 16.47882660347358 -92.30291323168436
27 -23.592804158982617 -36.414234668844905
28 -38.61417907264428 -30.35375348678788
29 20.562050109949666 -47.43046908156543
30 63.7981011292018 -52.74259695045003
31 -54.25043452402198 -78.09024361596767
32 88.800283647486 -50.890218187908864
33 34.142205061652646 -23.05785398609244
34 -75.60835325000426 -61.49699030755163
35 -55.718093931632026 28.502774168750676
36 -92.73270660945074 27.686568639799574
37 20.04269936467891 65.79261877692741
38 -5.623405180729151 -31.35067733964985
39 32.251116305102585 62.31653898044706
40 77.70159022582271 -74.93000821929603
41 14.17659826259748 45.29817803562645
42 -37.45045570458289 -90.55656045673545
43 -9.419390718347628 99.01158040668037
44 33.75536815419039 -99.93828136549578
45 -80.26033962741079 -56.24083009490634
46 19.541262627080442 14.442931645455246
47 68.83424157126072 34.76496030395077
48 -70.61756987690671 8.964955756020942
49 -74.67807372043491 59.04079650262912
50 -9.92069705839495 -1.124825161906088
51 10.389689761228155 73.32260735659645
52 33.33832618936697 48.51144981840744
53 5.306971291879179 -77.53738611766529
54 98.51476379955233 -31.516454256660367
55 27.47754709904345 5.202560168365807
56 5.772805773538735 74.72840794682833
EOF
