DIMENSION :56
NODE_COORD_SECTION
1 57.07735457612338 3.874019262135292
2 -55.3319267017647 -95.32831073210505
3 -25.478965452437905 -49.89988831834826
4 39.47943282308432 -29.393489654449056
5 -74.03056342801841 -38.786502608524586
6 -19.608388678703847 -23.130551209024915
7 39.36322136511697 83.92874740617358
8 -10.170596717158404 -93.8623617528173
9 30.31434906177688 2.3149940518765106
10 42.905046089878965 -59.790012593956135
11 20.427462730159235 -48.17068256386064
12 -46.21106490446487 -74.48043705297155
13 -84.65178234929762 -94.4459310166464
14 85.78738882822987 17.823290077692405
15 90.27406526415112 -51.999162355196816
16 -73.6799756036605 84.4197431925661
17 87.88973958892325 -39.36746132568221
18 -9.159051022288935 -58.34004093692755
19 -27.833898654435913 -16.705626045984644
20 23.849560321798208 -63.81980044268425
21 -98.81235380910451 87.03340189946894
22 50.48820892365441 -59.800305653597704
23 -16.84947629123279 96.3254441116072
24 98.82563477423346 -75.60953070730032
25 -38.10051084051964 32.51729253304069
26 -39.22336951466923 96.24032978861271
27 -58.151289812617875 -84.66894901854454
28 -11.290116423447444 -52.50570724892385
29 6.858049907196275 -44.43333915226313
30 35.147616451718875 41.17368003291577
31 13.612785750691074 -0.3223944464928934
32 34.56212141568221 -13.163790692779912
33 47.28157932480727 -54.31603129874174
34 -0.8741279475595718 2.154480774228773
35 15.703825347698114 -60.07405203784568
36 -45.626490123937536 -60.445654241288025
37 28.084135797151333 85.45013707366172
38 -23.914552238925552 68.56861037801099
39 -44.851597573396674 -54.640214184999266
40 6.30452245154909 47.7256898714503
41 99.94226914954345 -91.75049397452331
42 -75.75134681407872 -5.793096231348741
43 21.929501707671477 97.88372980820319
44 26.98391156448426 -34.830006530050994
45 51.77431385430765 -44.43247383168878
46 35.07419050065448 -98.44921915436476
47 -89.83179107680937 -98.80277940154426
48 -19.975003385418887 -46.68134414683587
49 -98.71147721050374 -12.232509108295076
50 53.19063905540216 -95.42408458898859
51 -10.047629553911477 4.150599923489736
52 99.91547659626644 -52.44520994996014
53 91.25629742876919 52.25248820482557
54 -71.96836484965215 -83.51973627606766
55 -97.53154180291656 27.189532024306075
56 -33.563001609724964 85.43072285773806
EOF
