DIMENSION :56
NODE_COORD_SECTION
1 -41.252759106527925 -41.111344138150805
2 89.38063290065904 -90.95733377715538
3 29.67711008307697 -30.088667480618497
4 72.5463046560599 -31.29156350370792
5 -41.414997682266616 50.52925132171285
6 39.7492699184001 76.68436239447703
7 -89.5066582816977 -84.32577391359504
8 -29.80997267115704 -6.798612045934675
9 64.70887356711705 91.33333206571842
10 -41.90392640462834 -37.43869762839034
11 45.850806781362934 92.08858532796967
12 -56.57217277980533 -68.11064211071884
13 87.04241155280607 14.195573577661747
14 53.962425071849935 92.0084926932063
15 47.22037859092708 -47.46761127417469
16 -38.333148704130046 99.25475988648796
17 -63.25714471071044 33.53917169584932
18 54.12323676426945 11.46757560093134
19 -81.04633253533873 71.30774585308026
20 -99.12908364249328 -22.947438091699055
21 50.086678984555476 -99.73021227249616
22 54.88128924138749 52.928665091781255
23 95.87096773514659 -84.5289187572535
24 70.9830336921066 -4.664577576294121
25 20.423950664741895 60.208514202849045
26 -54.09298758686412 66.89030469334338
27 -18.503866323740723 40.84541854637504
28 -11.278537984735507 33.94998925951441
29 85.8578356587224 -80.08992112950999
30 15.779897061940915 -9.75627995392081
31 -40.40529086314004 41.12109024528752
32 -69.09444442327325 35.91067470281254
33 -29.694575919380256 73.7725768063357
34 -0.6121841214509232 -34.51236451048227
35 -98.32845298327342 28.951040969659005
36 53.46764225936204 -25.94292490407868
37 25.5961366991055 -3.6550532524351382
38 77.34052794899085 -22.32008136615964
39 43.084095860079714 77.94701839551891
40 -88.69281189068855 62.401391665078535
41 72.26402691227761 -46.26158255111121
42 -12.446436101666222 25.53226697944622
43 -49.57228363849473 -95.51710422915293
44 64.14349951967958 -46.42800152738084
45 -13.309869601037633 -61.95173316751852
46 59.15880587099156 93.05425570027532
47 -47.15082325258291 -81.78862019230291
48 -96.47679688574414 -86.24054686089801
49 -67.74879152256104 78.69205267360638
50 28.89794316196415 38.15289359825411
51 59.944670456355 20.200331600246386
52 86.13875902397578 16.5712288454952
53 -17.86896474768392 34.57058755785161
54 -49.84490467296698 -35.40595342222501
55 38.898482729518605 -22.40501738208897
56 8.614287835747092 47.20135150315909
EOF
