DIMENSION :56
NODE_COORD_SECTION
1 -98.74197866350332 75.91983535013634
2 42.965506130428054 -65.16429651577133
3 -31.638252933785523 -3.7071636580338065
4 -0.8412649449737586 23.168544473937885
5 40.34019113143256 66.55029199091632
6 71.65662112474945 -87.71183532952
7 81.41782615545335 -56.189820281963335
8 -15.453055872491333 55.78588251665789
9 -4.9376741985210515 -88.29472087146435
10 -23.388066425650635 -94.91184166735442
11 -88.12386089352562 -1.1073019052257678
12 16.680808091035132 -88.58462669919287
13 -2.7508625392876525 60.85626629091334
14 -5.479667369038637 -63.32136221194453
15 78.851670705208 -63.54190356793663
16 -81.70016390024388 -14.740789443379128
17 26.27401793516225 74.48474202774801
18 47.51864628889277 -56.97084927175125
19 28.594586919685327 -59.52772334852359
20 69.38531879336415 -84.36404730901954
21 -89.61399606895381 60.3838378784136
22 86.98991019968517 -5.012125828186512
23 2.6446027949948103 -64.74780536932553
24 -70.78824133165989 51.04082303102726
25 42.35555192841437 69.68891235043446
26 -84.84296716365043 45.4017030601737
27 -87.11774039220323 -2.7991865167881826
28 -89.97815663528739 -6.072853565500807
29 -42.904576617338705 56.543452581071364
30 94.62811158229835 67.41066392838425
31 96.13348078072406 -24.119551416072696
32 -62.51879808517957 12.615295399276548
33 68.91293983816863 55.306446463582915
34 6.049672946547943 -99.6771009940379
35 -29.016455656060415 -96.66925607924932
36 83.06917580492947 -37.26472482936338
37 -83.95021514310181 79.2074890333783
38 -35.9759249109632 -30.52356295448162
39 69.45684591452758 20.537511158114725
40 -96.4381059299741 9.60927180487164
41 -89.83428481578795 94.35593533805041
42 -48.55269735573526 96.49408415107101
43 -33.78143535098495 99.9587112259367
44 -27.236117217479162 92.98039550578267
45 38.422317821603485 73.0102846103513
46 -17.57654389790811 66.33757788811215
47 77.95460166935214 -6.986197631221643
48 -59.355548038410944 -74.50614770438044
49 15.823144136176424 -19.985938225500902
50 -46.08789834108966 67.5673394374266
51 -44.414032507358826 -18.55724317910918
52 -94.96488142391748 -33.66318342988444
53 35.46644559340936 -3.695539918967512
54 96.26481807069672 -27.785974810735922
55 -58.02610293214092 -38.55912085533018
56 -68.95566600028422 61.44324802999952
EOF
