DIMENSION :56
NODE_COORD_SECTION
1 31.335968238124934 83.02776844071298
2 57.94132838841722 -0.23887429416393502
3 -31.64703405097336 -3.129020762444057
4 38.08527471900004 10.841904646495351
5 -89.91036472538283 10.58470392431434
6 -68.3244563331189 4.371962810952667
7 9.215117493983982 33.206264464319105
8 -50.29300243010895 38.19725230413354
9 -20.358263905043913 -69.76813846887268
10 18.858349093250197 -95.27835020631092
11 28.686896741614305 22.541461530143764
12 3.7370624928981613 -98.90150347474975
13 4.943305146350326 48.079397238612415
14 -26.73413936274119 36.72925565794148
15 -30.25057795658961 18.059606206011125
16 -24.940342160970857 35.326448029253555
17 82.37848292301672 -66.74674958524649
18 -70.5066003680132 -86.78805665216878
19 -47.458866099992726 90.95573016716989
20 84.26281545872286 71.18589930865625
21 58.52313032831063 -90.48097694346177
22 -19.408387075923514 -75.78449048289022
23 55.25627612426595 24.874447204372856
24 73.84025222284424 -88.64304532801737
25 3.8472233790385104 72.25987496493835
26 24.12304418185775 77.73798692877352
27 -57.43466712339023 56.40469015632158
28 26.64171240997841 -98.90752565177733
29 -10.982584738854428 -65.2853713838514
30 -13.204639727444217 47.25258091694914
31 -85.78629833402549 -9.46217750207164
32 61.728116571622564 82.16802962717719
33 61.45589421082326 -42.61755189286263
34 87.82746120667068 42.436164404453024
35 -3.545152607996144 69.99536118499253
36 92.78771594357303 -28.009489544876516
37 -30.188145805228217 64.50020695911311
38 51.20476547755513 69.50957161564588
39 -51.02584059267756 27.332595784660512
40 84.26959824824115 -40.728299496241526
41 34.00183352353338 -98.5011042540852
42 26.979933566949967 -2.404017966787734
43 -90.04021203204336 -1.2756520571524703
44 90.39062921725437 57.67301030568106
45 8.475117672224911 37.345269267549355
46 31.775194784633356 97.50362728790546
47 51.97671930363845 28.33906532090751
48 12.172281477320723 8.827690924950886
49 36.36050763618533 -34.32499176003769
50 -31.35736888997272 -30.660978367196307
51 71.30028371967583 -57.79240014902698
52 57.66341277697066 -23.85329763529198
53 42.150693309235066 8.623626513702703
54 -63.561406365270834 25.35705448936318
55 -16.63455016055937 20.492821228884537
56 -59.494603976676316 -79.18544827018938
EOF
