DIMENSION :56
NODE_COORD_SECTION
1 -74.08565873545525 98.26494676114322
2 -8.34204816554174 53.30932686278098
3 15.657722588882919 -32.403261492692366
4 -14.843990799206523 -54.44987129386239
5 52.37606182522816 84.74155587950568
6 -43.363468682869424 23.227048686672134
7 -56.77495186024186 43.494674031461756
8 -99.80571912423832 -66.47084714596261
9 -45.36660567799966 43.665620510740155
10 90.61387744234736 99.24055251725412
11 -89.61270337406447 73.58913314081789
12 62.626132354531165 -75.65085625125532
13 -73.72719304616382 19.600914598530522
14 -48.75069040885312 91.0151466791269
15 18.855553506564178 -48.56558181163484
16 61.75171180274407 -2.65579523869242
17 -41.79637010070745 -83.71593636517343
18 35.62349904065937 -40.176450546426246
19 -52.16378342696917 89.31931797699838
20 -41.95270898299404 -90.05594814985609
21 -90.09312803697252 74.723050420574
22 12.708566067119278 -48.55519724912929
23 -70.39280870592165 -71.13316705055652
24 31.38854774007774 -87.21881511272052
25 -29.997117662013096 86.02468642495876
26 -91.36634650780584 -71.16878180861144
27 -93.0089155450798 7.0660022515218515
28 -44.10257073792951 -83.48079012005857
29 53.79411932269707 42.85737065291133
30 54.902100117533195 -29.050322308504278
31 45.38160465813837 -93.35788975245659
32 -63.4312401319046 1.8086464769734505
33 35.43925877583675 83.45534244661502
34 59.71656175491492 -45.79651675465692
35 21.979438603853808 69.67155975237301
36 -7.167080649348279 -86.22359907747862
37 -37.5851092635181 -67.92932586515907
38 -87.43169686532157 82.84102286424292
39 -35.10615103014018 -96.65243412067845
40 24.21076557801696 32.45518371215934
41 49.92109808695841 -10.220717028455468
42 -17.75315998330487 -15.24249154051654
43 -35.233738680907805 56.80302780386495
44 -56.78287017296102 -39.44088381110162
45 -97.11291328945921 -20.45280215326693
46 -81.57367981054482 39.096027298317466
47 -68.42795437800957 -2.1032393454523373
48 10.669086183800431 -79.98819317563635
49 63.233204234299734 -0.536683002328985
50 -83.01525033416415 52.05415238815337
51 19.256791113562315 68.86933307236532
52 -41.44475823583178 -1.3669345733400036
53 30.045527240149966 88.04492945633652
54 59.212412527989926 47.30239365182288
55 90.86329348375187 49.774852092408224
56 -64.37767792661123 -61.60938798386577
EOF
