DIMENSION :56
NODE_COORD_SECTION
1 -33.42626196395324 -70.6531611579787
2 -26.203425269314266 -45.835702228695105
3 5.071514279564511 -55.55175438282458
4 -74.08170979949367 -91.46210460636107
5 71.70332366932092 -19.09683527489024
6 51.43735862658755 5.034382945331046
7 70.3563642158118 -32.68260924054998
8 -27.723121418155074 23.699898457106045
9 14.415346117839817 36.52641901365274
10 85.2527951553817 21.094595303377133
11 73.58883220968258 5.304150541528372
12 -26.736956902333503 36.89543133824969
13 57.8550801068526 -22.503696161465925
14 -56.64246872451075 -62.071799189414364
15 -49.67457251842995 -87.49637158550988
16 21.94412548545563 -70.4578689486995
17 -91.95003124302153 59.82896042852545
18 10.237233553991686 13.654449081053201
19 -61.733367991823364 50.44134694915371
20 -42.84267250870335 -46.54366350084764
21 27.321541937772793 -43.00051500539528
22 42.2411860222752 -83.31413027681332
23 50.46494379118113 -12.484294568897283
24 -22.275784618981504 -87.46260488472504
25 -77.04635949500324 60.83094232013559
26 36.80780549898856 11.691146239713163
27 -33.63261261642276 -72.68991440750017
28 94.22626389767606 -55.38935009937611
29 -41.22671276281571 -55.54385318741228
30 25.579282761837845 10.169804641734245
31 13.34877325716046 94.68087858913032
32 53.497705043831985 94.83538909095103
33 87.30037019845372 -58.74159298826977
34 -48.43833997730551 2.0449517010402474
35 -38.6080980870372 -41.472444915670195
36 20.991897148213013 22.08396394893761
37 -49.87754598881695 43.697585266365024
38 40.486578419512625 -65.31965678655808
39 3.5709868675318717 20.151199069733863
40 -43.82253381584009 29.69834946597223
41 44.150895196310586 -24.072395500461056
42 -73.46910577917606 55.728030608380436
43 -55.005404765133314 -53.89238314630826
44 66.12052569652803 62.03042946391784
45 -98.58539462291493 -55.8882536762791
46 42.55050921501541 86.21279624211567
47 72.86425039680353 74.46134498973376
48 -27.59088445425128 -41.827827896786474
49 80.04762807321418 18.34193054041171
50 34.98456182609314 -59.740322136182364
51 30.305053596193176 -26.653201783963
52 76.57625970302428 -95.71795863735133
53 14.126814766707923 -49.93173186839144
54 13.586322938021624 57.87079706220945
55 66.6245032183339 -19.25724548159124
56 59.17771625014103 75.91381794773503
EOF
