DIMENSION :56
NODE_COORD_SECTION
1 -52.72790368605798 -65.46538294719431
2 26.84961791461336 -25.6667401332344
3 60.3974415599038 -90.3230973859378
4 2.7188181913543303 -47.65017536175673
5 -26.188559095206813 48.326858633083646
6 3.0526006981315845 93.31704098890711
7 74.56119348600353 78.35991319184652
8 6.50276308107432 87.3950027436185
9 -17.174589940582933 -83.24239447151666
10 -37.79530686136396 50.56519680222519
11 79.31174630034093 70.98832704577788
12 57.001336812414024 -35.88856591897196
13 -90.62677753766506 96.77178486907576
14 45.241432659960054 74.33270859091013
15 5.329323514626211 -28.66026336514787
16 -23.905480480405416 74.58889081357668
17 25.703978663761305 50.09455789161365
18 76.17698611600997 -8.805916985254242
19 48.569068326099256 -85.39363171977573
20 49.38487236732743 -74.66332372370658
21 -24.091194533715736 91.1784346858189
22 41.1807468578142 -34.88099487209779
23 -93.10318412373933 -78.25035190158954
24 -18.816462102679637 74.97381527655233
25 20.204317324554964 2.6919167748159083
26 -34.23821187344032 -5.871428486480028
27 -31.065636731911653 -27.900552310320293
28 -28.567735126607886 -68.5471069220424
29 36.50372365264931 22.45585681912108
30 -99.78244897262476 -69.06167122745362
31 -72.22956154105383 -56.89582459828462
32 -50.28225911494613 0.22384616472083962
33 76.93175372651532 -44.266143391126
34 -26.497128097685746 43.994385073594714
35 -57.806361563209286 96.13799298251084
36 51.53443624820255 -75.25603011440225
37 -73.06033003835945 16.78289710406888
38 -74.32429499444501 -14.69114870527433
39 -81.89638024673135 37.271438181521006
40 71.95226183429247 -89.25967760522508
41 -35.32332910654452 53.57046357294337
42 -20.9242518827173 81.50079750753477
43 -67.2432701350754 -68.08834288288827
44 81.84521903465699 -24.369136995536664
45 68.27384288189862 59.564465386527786
46 -41.60775495711426 -85.55089796614837
47 74.50236682646027 2.218507597819297
48 41.837387704714274 -85.48949712352668
49 -31.30301280036727 -73.49787141710715
50 19.77717114381305 7.963305809744043
51 20.666340723883508 -13.797183808383508
52 99.12240496275422 -75.89164300630422
53 95.82454560033142 42.04412946666076
54 -0.8399226631581485 86.87881203423038
55 -73.76258736722083 87.41300403709761
56 -97.68724762416537 76.12244537422154
EOF
