DIMENSION :56
NODE_COORD_SECTION
1 85.98857304928032 -34.33364384347557
2 -61.44652098530745 -67.32957030803442
3 43.83123386634011 21.495249479240357
4 -66.02711730739377 -98.41920189448126
5 88.46156234550617 -14.104463532701956
6 94.21667605222842 70.66247093544669
7 -62.90809671116078 33.389484302928196
8 -82.04197912539615 43.229072046855464
9 70.33003574121648 80.64680103541829
10 -70.41459145434834 41.06118593609395
11 -70.29718248352894 74.56891775285928
12 11.230742861190677 46.752855565335835
13 58.59818132624784 90.1748871385926
14 56.25834650207824 39.39553607001196
15 -12.513981901353532 -68.22343746896699
16 88.53249954333441 -69.92469236403608
17 -78.49484806632802 39.71954804146202
18 -85.3672850029936 3.073261565327016
19 -73.01994118665095 45.005704709902346
20 -19.712514682741016 -0.6769975909674599
21 -66.84229463513358 85.40187794554902
22 -12.351164911326862 40.59327524873751
23 66.43125583629669 -0.8213190597425353
24 -3.3684423552245732 -13.97217519852218
25 16.544142162952298 -53.58783159449072
26 -18.607440291715108 -62.91140615358599
27 97.74440428301827 72.82034500692066
28 -57.87270573208498 62.612522874204245
29 12.585857908333779 -72.60450257797397
30 82.71192019600505 -97.39388149555526
31 52.04922184569605 72.63236869070874
32 56.321241859839375 27.566249894730703
33 -27.117246750674283 84.94133065278234
34 54.004130024402116 -20.47055419113771
35 81.53877205098678 -67.12531046681957
36 -34.7002466342319 1.716238994703076
37 -76.19129311710427 -57.91661487431845
38 -24.67072222948164 -24.448980519668766
39 30.23610550893082 8.460353280636753
40 -20.60039062306946 27.001980574526925
41 -0.38654546371323306 4.715970820757562
42 94.00691995325636 38.59985021713169
43 16.345355287883947 40.66994290448724
44 -77.77035653253591 9.158037914085199
45 92.18700018839198 -16.1668664793643
46 91.85184172224976 40.13103190513263
47 98.843600781504 24.391932871532248
48 -73.84031246332931 95.71182792842728
49 15.142924933390304 77.49672637913463
50 -69.79479057403918 -16.816666177546196
51 -49.030357674588544 55.79514416999726
52 79.43302579411602 30.702617266335153
53 29.87676591911398 -83.56016953458266
54 82.91742625853874 -98.38886866981935
55 -86.73394095591567 89.33958065034113
56 60.05865107824104 77.52790124822826
EOF
