DIMENSION :57
NODE_COORD_SECTION
1 -50.74185231001223 -70.61415241650423
2 -95.49552464364332 92.2839697353273
3 -36.733076316735016 46.852371081721344
4 59.16341114204758 78.60836639511811
5 35.5232074859299 -83.34605424219465
6 27.282948691075276 -1.2820765033878132
7 -30.184781428277788 -94.83136524044305
8 57.96490360813357 90.49125656942073
9 92.12215606692257 61.11956389753098
10 2.5958206461092317 -82.30092552760019
11 -72.65602848745023 87.87621098936901
12 85.37067788045724 -96.7794128781746
13 8.536339461295597 42.183405121454996
14 3.5050824395316766 81.98897235640058
15 64.04272256812715 -71.413266713996
16 58.48474934399135 -31.57706528805369
17 -89.8581100601769 92.61228248162212
18 -32.447197481461544 57.515567028515534
19 40.30592950030777 80.79760786752371
20 33.73680987831676 34.415631364445886
21 -53.10981559444245 31.95990532662759
22 63.06915993463599 54.25063151405914
23 37.05334045865746 91.62648445324356
24 9.255925792911384 72.104913440502
25 11.932169180051957 0.3416067230709814
26 -1.099143021365407 -47.51975875980132
27 -33.42769273274426 96.60286548952104
28 -55.50721904030726 -31.769708413346123
29 37.84272957890602 96.46937854840272
30 -12.283768784321353 -89.12542791902631
31 -21.461674636115262 -35.576928222560895
32 -67.75332461301883 -22.638646139028168
33 -31.89853181097145 -26.146618062110164
34 23.043247734687952 72.7632685063893
35 83.87005440793465 70.57487262855483
36 -91.74642036892291 -25.946743295194736
37 -48.51395509142235 99.07619688091631
38 -19.803342520229066 -62.97735716316921
39 -30.9249227013555 -71.26203873004486
40 -66.5085223586384 -3.4328259254173332
41 -42.96562737348661 26.046126170839926
42 -98.74942450632645 9.980904764228796
43 -76.25741543521853 -41.13341786532625
44 -65.640759679416 23.56190128738909
45 57.23191249980823 90.13569382398305
46 74.2127127867607 4.7477432359835205
47 53.83933276446089 -79.13947198838545
48 35.88526090613044 -24.837052030211822
49 77.08031353141723 -23.888300634420602
50 -33.4434768878255 -95.6255505677354
51 3.4650474649330363 -7.269247403725942
52 73.12218237078812 -20.18471164859193
53 -43.296343201668996 63.7629874697632
54 -76.73250908991434 55.250871640256236
55 57.72354642534876 -77.83409864697283
56 -84.11617275060699 -1.6739458810738341
57 25.14852668107173 -94.86775780264094
EOF
