DIMENSION :57
NODE_COORD_SECTION
1 -10.440132104718074 -92.85455708997131
2 -50.634128728496485 -69.59407572611735
3 91.98075992765621 -53.496559110015696
4 33.03422457825155 37.258020452855135
5 68.42001451555237 66.29448139852252
6 -58.138426354530196 97.32909877644619
7 44.11053964549251 -92.20195949302064
8 41.709274441863755 -15.666682486959417
9 73.13271783010453 -22.052875014268253
10 11.554552897593723 6.658669539365064
11 5.559086800565254 77.35286275968073
12 -83.42943607086792 -46.813146083283726
13 -15.053383296501138 4.772030034115616
14 1.559554050863028 80.19536646276683
15 -70.13072406133172 -71.13169805001338
16 22.201322660653375 -24.006627902389383
17 -23.964961190887067 -82.46785329850763
18 70.055679891755 79.9820626862626
19 -40.366903939728175 -54.31170150327445
20 -33.015803555960304 -95.88078003323872
21 7.908560641669425 64.43383925924431
22 5.63308999256445 -92.69320340087575
23 -30.436402571902207 -92.48605347653272
24 94.84565918593012 -92.99061683337595
25 -34.564621033996644 -64.44348369540829
26 32.34921220711391 77.45043616648343
27 -30.997149233889715 -25.84923366518983
28 71.78805860448176 -19.97767484044364
29 36.62593156147304 88.7691540577056
30 -22.849356084805265 99.08520205558122
31 -0.977788949523557 57.695953818870635
32 -35.13453853071189 15.118795382820664
33 98.33787804093151 53.53980759696009
34 -77.68296869526165 37.23034725742579
35 9.271110292767588 24.57179736923547
36 61.25962577327243 38.31089459729722
37 -81.94224805620692 79.0444917329774
38 -84.41680215561844 -11.328803723158302
39 49.730643203749054 -81.18844500740722
40 -74.88767930219905 67.77768432192227
41 31.91553644314297 42.98161131138565
42 -39.4042985430513 48.74782817522339
43 -37.47184327301605 48.00398964588314
44 39.77022491801574 96.55347301884782
45 9.088369068180285 87.49820194553669
46 -39.639835437795654 -1.5804009116043147
47 8.96918034628915 23.30289272208978
48 33.09870606601871 -46.30480741879006
49 62.74969781739995 -1.3657511140451533
50 -63.66447777327164 -9.488138480416168
51 -83.05716485942136 94.90775051514174
52 -66.47934621562221 47.83496351583045
53 17.72006277136498 -4.308689244906503
54 95.83154898054485 -35.9489969857939
55 83.85706892094541 -25.578105986138382
56 -45.563302500206724 47.024201277978335
57 94.97580918919797 46.9317173442862
EOF
