DIMENSION :57
NODE_COORD_SECTION
1 19.267135046643972 -20.039207434808915
2 46.36378223215419 25.202917046955406
3 65.81370299167563 -0.14554911276982807
4 -1.4235241613425558 5.296863230337294
5 91.91114560363891 -94.02381086165805
6 70.07033575353537 -64.92138853930524
7 74.97266591315258 -13.925989805348877
8 -11.239618923300384 -77.77959154055233
9 65.83421088513492 36.55932190659706
10 -32.99974210227019 34.19987969782014
11 -63.133952675300485 -32.54815454727833
12 67.31136590864176 53.913740273334696
13 80.08534444971599 -40.13389516721369
14 91.32155029007686 -11.199486977196386
15 6.618564368908778 -79.20349580396481
16 -30.468216053652483 86.52998898981622
17 -53.28586529129862 4.372177850314117
18 93.00578622382793 75.35650635636642
19 -21.39262137893263 -75.58316254002169
20 72.80413108104514 -56.47813995410582
21 -75.10871049951223 70.06281066042038
22 38.96094425612 -0.3669509728966034
23 46.64827616633539 54.33268993993906
24 -1.9721740381218922 14.728885098084675
25 38.44955247411576 75.0159060400251
26 -43.31375948295963 -63.21137734158091
27 -18.569578813615607 -52.16825592733196
28 88.65614106202423 -10.275053478529642
29 -52.998697518403844 83.78428170501834
30 -26.894819779501404 -78.55751921066707
31 60.35584561594712 25.77883156763457
32 64.98942770758984 -50.667703365618635
33 30.789064477085873 33.983553570062185
34 71.23304961067973 -33.3882382690891
35 34.94002294918735 15.083922353148054
36 1.3809848255685182 19.20829670090143
37 -0.5748596955640295 27.49181584104346
38 -62.66479854687066 -59.575519055324655
39 -29.070309753542304 62.735067212183
40 24.01174309827678 -60.5887733217924
41 -15.32327056776694 2.6673796864830024
42 21.232222683909384 79.51464103370506
43 46.29422022775435 -17.19747953604444
44 -23.10992893281059 -46.148706096607285
45 -72.54738758271012 53.99086278158839
46 -17.59159859913086 68.0057458659125
47 42.24678647959104 27.820314495841586
48 -46.26709979443939 73.53315741410799
49 -80.85217770999735 -84.46219346536353
50 -55.42036305523352 60.98890774637843
51 -87.54845233432124 25.951513991800624
52 43.38447997310183 17.49622573777731
53 7.5024496582207405 -25.311876279814015
54 31.377038890929697 81.4018684309014
55 65.57312208034031 -24.656582808453308
56 86.42894944129006 -14.641052013826908
57 27.130835359692895 32.478626344496206
EOF
