DIMENSION :57
NODE_COORD_SECTION
1 -60.46779398191629 20.938541052035518
2 9.425931004826566 -13.323966754478334
3 -5.416960635555057 -12.182574152966794
4 -13.620775442875498 89.98772463839603
5 59.85106324837733 -81.42740500082226
6 56.29622589094029 50.371644420205115
7 -39.280341230732255 -36.46846523269571
8 -61.19887738449397 5.643411600848069
9 -74.42207160932614 -23.406541723753563
10 -25.12599155495812 94.18854637905963
11 48.139262157381836 81.78032909968567
12 -27.10738071056271 43.744556373699425
13 -20.88423603306724 73.027095919924
14 37.07252046577844 51.957919565625104
15 -1.8909362030660475 90.69865262658485
16 72.62330496582032 -84.80815899223195
17 73.80467786686597 -72.88992673157566
18 -15.20993932171973 -38.52530342263827
19 -40.96630374283032 53.365950796788496
20 -6.949228795960963 74.14307312060004
21 -13.007993354083581 31.123381912612132
22 -32.90794373425254 -45.35255090973749
23 35.88394462869596 -24.577424988450346
24 57.78706612892623 -33.84741415824273
25 -88.51622167201006 -31.482204376689808
26 -55.74900489576109 23.978807867467083
27 -39.415027551367366 -10.319290796738414
28 -52.84878851788939 54.594290073726995
29 73.03377929947604 22.236963425598162
30 68.80056417287088 -68.21726056199833
31 -43.979729749818475 -73.36379924414416
32 -87.8360069339726 -83.22530889382136
33 71.52642976452503 27.144498399911157
34 3.760149621823629 78.5448815873064
35 -83.69243265810323 -50.21250190514923
36 99.54125792156009 -48.857883198758636
37 -6.490198873406143 70.46136325805782
38 -11.813963480217865 -3.1678236909440898
39 76.00297796932048 -15.33200959276661
40 -77.1579374060686 86.9983337869605
41 -6.265054506443207 94.11969951525731
42 -89.79448706295754 -12.841909723213888
43 -9.110393927010392 -79.50205265124804
44 64.92779406910253 -61.88108936468426
45 93.35784831965191 -97.06054653962164
46 97.69010760743211 62.20963019239363
47 -96.99311275394116 13.362358669150936
48 -53.11140269551462 91.68847614975317
49 -7.539785385304953 -67.46601104115173
50 -13.27573731717591 15.842459461298674
51 12.576881674732988 -30.17910007486813
52 -51.40664240390289 73.95722130780044
53 -55.454646459768206 -19.149035705507814
54 78.02566337281263 83.25027735773833
55 29.483830937423875 39.85626609704295
56 -83.98056389460464 -15.975232348256412
57 -9.334576022876234 -42.74530562279084
EOF
