DIMENSION :57
NODE_COORD_SECTION
1 -67.302954731038 -58.346126567518255
2 27.08789433214376 21.375263238212767
3 29.54690832840248 -59.793279363425135
4 -87.82128201352486 99.88084770904638
5 39.78418914341992 -88.62552895373403
6 99.87957507595365 -16.899289610985875
7 -18.907623854498752 26.677899542554357
8 37.55536232003533 41.69486391522588
9 22.358795317748985 34.1881583485677
10 7.096694087625536 69.54061465881321
11 78.03320034922638 -88.25871646112031
12 -70.97899009013614 -99.4218042860884
13 89.25189586258142 -49.843019518981826
14 -71.93859632446369 -9.436331460471976
15 -17.177741361889233 -65.44134669484339
16 -61.454779478108115 38.564296155543275
17 -56.11070451570437 88.18065079674557
18 -61.78399199609517 9.94565588142919
19 64.08223224727234 70.58780088593775
20 -9.246059407219235 -59.23619160455422
21 34.16588895378979 -18.978704488703627
22 -49.89863908024381 52.889943908698456
23 -61.302049379213905 7.624156145978461
24 33.80177029745474 -10.141066499367014
25 -20.079940912633205 84.58847920285945
26 -92.08800999798679 -4.6527029962001905
27 -90.91308792750417 71.80576068669143
28 42.648959235964185 -0.6497745265286738
29 75.66442382469015 -44.60929433339083
30 95.78406804244437 51.541215892440675
31 -81.69568508213541 -17.51212947212086
32 -40.100530121108015 -53.03790501745309
33 16.22919871359842 90.05970262186702
34 69.97259233183482 26.105155617570276
35 95.63879721383813 64.89345470272184
36 9.356287723031357 -0.3867525882730831
37 42.97437927174511 -19.146328634147935
38 -24.926039983664566 47.237743977806076
39 15.355164455024052 -0.5541840641957236
40 67.4503247471286 -28.641712456072582
41 -41.77296513317501 -8.954149894144464
42 54.45019111887967 47.28237617047748
43 41.24028995211532 36.68957223995179
44 27.699063826980193 5.706828249286858
45 -94.40003820127814 -95.8955009520801
46 15.011075407474237 -92.86267331381322
47 -20.391432921358742 56.70630457781414
48 -56.648767414850724 -76.27379712607674
49 63.8479171898808 50.570731969779615
50 -43.48952168602403 30.90271396194163
51 -86.57699278510857 -98.06894273009709
52 -16.626189203216327 -70.66578742371046
53 51.91769775851719 -33.45974085722318
54 25.51304185202585 -32.829489006176885
55 -59.811638915020836 62.27595904211796
56 86.93751826576869 13.187988935795403
57 92.84833425479752 -12.344526218910758
EOF
