DIMENSION :57
NODE_COORD_SECTION
1 31.994457828549088 -29.739804146582998
2 24.051583853248545 18.681221640028184
3 -46.03305068863042 -99.53960428134485
4 27.25026381347932 59.9937994282555
5 -85.92596874984422 -17.530680567647437
6 -52.68285741222378 -82.85997172669977
7 42.53822886459821 37.14673898913978
8 65.38481729828328 9.55911322524679
9 -24.902375152748405 -47.34078874382806
10 12.897587844148276 -0.5186881243100174
11 -92.87676944526918 -5.213911602302559
12 -75.38077464468383 45.149751498528644
13 17.2899223628701 -22.52115205064726
14 -33.22400446182658 -10.567068164072495
15 -92.63531901462143 -14.010553689035078
16 61.60562837321913 -29.618165199345256
17 -75.59762480115005 -83.82758321630779
18 -85.06539261629355 2.1996553930084133
19 32.6159953409219 96.10449245076444
20 20.007643556289594 68.25628062219658
21 84.4146638215829 89.95466499322441
22 -41.35525466082341 -7.806400655376436
23 -96.42050404578617 49.07653068247714
24 49.90290293058598 8.831880332701303
25 -61.72626058280714 71.58400113728959
26 6.770967992311256 -56.49850137660724
27 -32.439631600138185 -40.78968667694891
28 -46.97217698055485 26.58830173197761
29 52.32673967308054 -80.9604167502926
30 -74.75443225895697 19.495039645349976
31 9.99256889628208 -52.26103384180507
32 39.02092595611407 -91.11469682759758
33 -37.89603100030161 57.20869482217202
34 33.869761693385755 -62.0095088802777
35 -45.10704285057765 -46.89366354896936
36 -72.17903003862011 -13.075622587342224
37 85.1082504805355 61.490573324363595
38 10.597804784369956 88.3639283389789
39 -23.100073464124975 -86.13106204207509
40 -16.623935587363434 -29.380914168382958
41 50.266874136847974 47.22304744319041
42 -86.53978140960128 -42.97174765424672
43 -2.447270237644844 -46.876210098201824
44 13.820121309587677 -81.21964966337822
45 41.70237577942436 18.838155194236577
46 80.28247907805522 77.67829552526746
47 88.46778233007777 43.36836117153402
48 -76.72718014686046 86.02290846057144
49 4.4784261682185615 -17.347009690647
50 -83.64467154448289 -27.289786470255436
51 -45.93180590492694 80.69894500999439
52 50.419345045601005 37.79923921520307
53 9.97708412364868 77.20210551565913
54 30.213026051402636 2.221480415412614
55 -83.47721407899975 -52.74640649712359
56 -20.973826113707815 74.96716966533143
57 -71.43640354715306 25.01761729188101
EOF
