DIMENSION :57
NODE_COORD_SECTION
1 -18.49022897646782 -14.252266459043
2 53.813699322907354 -54.84372842368028
3 89.73091930492762 -63.8597977354036
4 19.728229754226106 45.445628036335194
5 29.202193932822013 56.59540184487955
6 -8.1554467132013 18.328051171013556
7 -31.548833325561972 -86.20396665455024
8 72.90584279310357 44.56569581275579
9 28.65623066488257 69.74106093313404
10 73.73180460676437 -96.50517605235449
11 64.96029894558637 -29.776935090930422
12 92.87040789334014 32.35781743453819
13 -26.19831724044421 69.11435574922206
14 -73.42109227450081 13.280488351435537
15 74.97429560996457 -93.63654997594976
16 -83.07158652497455 59.40962562163483
17 55.60597196466276 97.64257252458714
18 -50.07229889354736 -97.6103782486124
19 82.9700932947228 64.87596015657297
20 -99.08637859632003 45.27133260464714
21 -5.977575747317857 39.41771144062247
22 91.0569346119718 38.11014505949072
23 -48.2184284138065 3.4370994619163895
24 66.68407498207728 57.92443832324787
25 22.14799944185033 0.10821967435849444
26 42.2167841271513 30.34966732582265
27 -30.516846531250934 39.489994314051074
28 57.88322976410453 17.237275271293925
29 -4.753201330892438 54.521583430465824
30 94.95568437296208 12.6118074461194
31 -48.78278111160319 20.347271949644437
32 64.12151168467298 38.81362193261387
33 -52.70451100772186 40.224067714233456
34 -63.304328473623684 -84.68135814817843
35 43.62163500380035 -77.44580648819262
36 -76.26545185989524 84.64063537790454
37 67.70698183925754 -73.8761960617252
38 -75.28745874091354 22.885672176707914
39 -70.48635813263377 -65.5817073771886
40 65.27427369499489 36.94233049637262
41 -79.11142240271627 -65.07644862947559
42 22.677003381723097 55.9554155765274
43 -19.513687837533908 -74.38821969924052
44 -2.1107709343354912 -38.35510333430881
45 -18.709168896320506 48.34928036221285
46 34.91316701737577 70.19597444283752
47 -44.92611218557365 57.75293009653657
48 -89.24973749321465 -22.13992513644223
49 6.603390564278143 -25.939050443016384
50 23.53051215934707 -86.92919707359923
51 90.14218974961398 -60.12725848107425
52 -8.322123744630815 -0.20715420871026424
53 21.75406317080308 -96.84840627260007
54 43.58569494798979 29.98588247008425
55 83.16038424874074 -17.326917786828915
56 -74.87249088491129 67.4796892656463
57 -63.632659428095614 37.14111679174766
EOF
