DIMENSION :57
NODE_COORD_SECTION
1 30.99523548135258 -76.17175843571582
2 17.557064415672258 50.76617274118041
3 79.21317788168406 20.72874394146153
4 -32.626705977637215 -59.150359382750615
5 -25.20636382409775 -83.21008833751276
6 -28.977860049194675 82.65687044239101
7 13.9684471057151 -2.9196949641198984
8 -85.48619061323598 -15.502128091552919
9 27.283599186627754 -6.502991090794666
10 -59.12023589976501 9.671337246982347
11 -7.135846236974402 23.288871306724587
12 -97.92739944077171 -22.822917324123466
13 -77.47440806017977 -36.73053813971971
14 24.010833718363585 -6.480822023095925
15 4.697618676420873 29.281532201380003
16 -33.12089250350385 40.33741947541179
17 29.728089869506732 98.63881895738766
18 -79.97890465688818 -48.606351009249174
19 45.98622057882858 -87.31492782847707
20 9.238676794312767 -47.521293189061794
21 -0.7141610349610232 27.274253607807267
22 -85.96218069098593 -90.90540537581231
23 -6.498992902438246 40.88994242910343
24 -6.662119889583067 29.30585008194913
25 -23.152130663679273 23.286011801309
26 0.38782225889279687 2.9428094846997226
27 -93.84179909927983 -8.055257869265645
28 31.109293186244827 23.37881630650969
29 -29.42841894550739 -60.68746392921645
30 94.81306562088037 34.39224834819012
31 66.42488389305865 -99.31243762106381
32 22.21199916943219 72.16352533267445
33 6.719075259338766 70.79756293318098
34 -67.11987309204534 -68.75386339878848
35 -78.6049045900072 26.52036835980776
36 -27.215913355279284 -26.610146133716
37 -41.247946718650084 93.8633724830901
38 -97.76024498452071 -80.61656871143902
39 -66.30744869885123 9.232702970112967
40 -34.37667588103453 -83.37697308630148
41 -14.918511937853978 68.18649472610278
42 -93.60720405689808 58.90172594315891
43 2.356340551532881 -70.71901588909768
44 4.4523573637714975 49.95462727959978
45 -39.371661532870796 -53.71786373908569
46 7.6186628635985585 48.5829166376075
47 -36.13429350605186 -61.07045063944372
48 4.9245979504108846 -89.28049185076756
49 -62.64848773581442 80.60348735604074
50 46.722724881868515 52.58789081747045
51 -66.53969050613154 80.65986772586535
52 55.027091266020534 -0.8552008379189004
53 -81.10057266153854 69.86229074927766
54 87.25872433167441 -46.71352560071684
55 96.91208859121033 -40.74602765374582
56 -82.46338867811463 23.837322298791847
57 84.54131284203942 -64.02320801735405
EOF
