DIMENSION :57
NODE_COORD_SECTION
1 63.89436942559374 75.25205550221588
2 -0.08798873727432976 -57.37180391774825
3 -10.279881546169307 -43.85576661566879
4 92.26757947326243 72.55373820684113
5 -22.477314332324198 62.18869185379236
6 -41.27497584129678 16.104237680433414
7 98.36695961224265 -63.70212183993207
8 51.375356984771685 58.4117373253211
9 19.356301648827156 -48.998112914589974
10 -0.1720991452117886 51.77726893476634
11 3.2006025518278847 44.83641522062308
12 72.59753668289125 -99.84805768233242
13 37.79017655045638 -75.71505441326305
14 -59.46549194156543 -12.907217176699803
15 -73.96937844820937 -38.81149603273435
16 61.32146205513217 -52.092530724354646
17 39.04535229115629 -35.049636212993974
18 -7.46099962408573 76.74111692382252
19 -10.045994423293706 89.52719687435385
20 -89.4726221481922 -19.352658867063482
21 -79.21341709238281 -52.887883325082406
22 -36.75111010915275 45.224946631973495
23 11.694689842587053 -56.42073240176706
24 17.58167616281783 60.190508566202055
25 19.472812857512636 -74.82645726517782
26 74.95254425738361 -31.703600305941677
27 -68.49588807187719 31.593189678808386
28 -76.0572406085929 -52.7073914446381
29 -18.403150283436815 -12.472986205375264
30 74.47744257523064 -87.82996463932366
31 -84.22097497299319 -67.1279280889454
32 75.43572459486595 33.711746004993216
33 -81.02956258387329 91.27169027473602
34 -44.00462697260414 9.417973935595356
35 17.55290301020949 -92.72219941563411
36 -49.24783618583457 -5.840486951770259
37 58.21097863597245 -55.64440249265563
38 69.63087919609654 -99.54662020714534
39 -69.98294484483114 29.11259482922918
40 55.8313012537721 12.04352994494667
41 -55.413802564793755 51.548238678714796
42 38.52917927084235 -80.49138209080367
43 18.22785524621844 86.78426252202871
44 -68.22126041810657 82.9077266659618
45 -89.62708824015002 90.65006500040758
46 -42.96022285270937 54.01421098888602
47 64.15620439333722 -60.33857293754461
48 -26.020962297484715 -50.523382217401206
49 -32.113726034731656 35.344984389452094
50 -7.327925432500564 -43.71497697373283
51 10.235523495066062 73.52489177492473
52 -89.94160027993749 72.20986872949834
53 -62.6643703795644 91.10218605000111
54 -35.52078626900901 -63.58025875118602
55 36.564586917654054 -53.978514735833286
56 34.35371085908935 89.2733241036353
57 69.66331249910075 -39.46644388618334
EOF
