DIMENSION :57
NODE_COORD_SECTION
1 -65.63671313006918 -31.062601335954085
2 -19.390257137566167 23.663285995507266
3 94.83891077449911 -44.765414509083044
4 85.0471794055467 70.77936354475116
5 -9.95974673492448 -73.5743837660342
6 98.02594864607079 -42.075990662291886
7 46.516909663765546 -3.953706311385787
8 -6.963658491323457 -34.299023832689215
9 36.150434737672754 99.44394834286982
10 42.77101796931538 -45.090474911110135
11 -32.91747366527575 4.811003852250977
12 11.075233991771569 1.3486060557296895
13 24.36333979690386 28.53010089105868
14 -64.79135596945392 11.095325042027767
15 74.55954945524158 -96.89651615879052
16 -54.82217640584652 -70.91882429419904
17 -91.08684759642738 82.85343998374276
18 -57.12502132226898 -68.67141712400509
19 -58.75637508271825 -59.25540686054431
20 -79.01489560632217 -6.136061671213611E-4
21 99.6377204755172 9.092933134817542
22 40.10025958651116 -79.5540844272975
23 -44.9274738915856 47.590597126441736
24 -97.79373057751764 10.744406834548272
25 -84.53079779049379 83.98934048104795
26 -40.31633949492057 -3.27044609757327
27 -19.723777022191413 65.94986809890241
28 81.19128888897603 -20.661935472579657
29 98.53258977701188 -13.02196154762791
30 -40.722408239905626 6.108119834899611
31 2.46298174756528 -94.96668288123358
32 89.29102720540419 -45.02922621566148
33 99.00844990560148 -40.69141509227086
34 75.13775346873038 66.00827504390844
35 -6.702254253309235 -91.15525942507858
36 24.661258263034227 -84.35650819903205
37 90.91601596672155 66.05743351409623
38 -14.10486860179951 -82.23646179923887
39 79.92904859007191 -21.082611718848426
40 -54.83325159279961 -42.43007962658152
41 -71.02701848757127 27.43988998686116
42 59.00624238820217 -83.51356759364987
43 -45.67927044873432 43.302926567173415
44 -75.95831838236683 30.24519842898755
45 -93.3118090233976 -64.17230736275741
46 2.537838649131416 37.310285789145894
47 -92.355343842136 -86.78085658177652
48 15.962720025949722 -78.91264487334297
49 25.84348360587778 24.87835901871604
50 -5.057671322316253 -73.09308036545754
51 -75.10924484931485 18.762561669543757
52 -68.80911960158475 43.55779402808179
53 -62.479046608940166 -92.81735315451367
54 15.48018817768066 79.18645319557123
55 -75.14942379293805 -34.90774782307841
56 65.43849438387807 32.66697825697085
57 -35.168129366556045 -53.16370965352524
EOF
