DIMENSION :58
NODE_COORD_SECTION
1 44.38892684607424 49.68306755754682
2 -44.19449915038691 63.73261788689061
3 36.12082835028528 -44.021246734980025
4 -57.0145962977497 1.7502738770936332
5 9.181606302558194 41.502982127362316
6 -73.57675463204536 -68.79966030854507
7 93.82670860078474 36.32927411270569
8 97.72959867227695 -39.425809596204765
9 99.44844544023559 26.110005020596972
10 -68.58845938766225 -32.874064866291235
11 -2.898414260729126 70.34540341764398
12 59.24825259626567 95.37717840643018
13 22.199015740028443 -26.241321368646453
14 -27.530909143732487 -50.802739786778005
15 -44.14482189313558 -45.93053653445915
16 25.54395590003466 -19.38550704123074
17 94.33164918234317 -98.00303725932432
18 -68.00268027475448 -78.32202543528962
19 -51.73418501711629 -86.88693643105758
20 -59.49116997751005 -19.89638331590662
21 26.840021031923385 -13.795090356940648
22 -41.33497144488807 -74.89790280884867
23 -43.22466334030952 29.095417079172194
24 52.0782532790908 -73.29949401728524
25 62.01043992686428 -9.590794429838141
26 -11.809714744353144 80.03350862228692
27 -12.84715412693562 44.56069207646374
28 16.930014274195955 -54.506081623539046
29 -13.733857498515817 97.27986716636855
30 84.49583662504273 -33.70335924427626
31 -81.71641863175884 50.28060737943986
32 -38.11492110792807 86.92401789637685
33 -8.68520782985614 66.2152841682726
34 -63.605644312687936 89.08460532359382
35 80.33910764076933 -91.1514988386906
36 -37.83369334698694 86.2315932756402
37 6.255424167413054 98.42192535493436
38 94.9596724569783 73.35101863326278
39 -91.0148740950089 -81.52880442735807
40 46.67132481609676 15.644063522203538
41 -26.69881600682949 37.894900411091356
42 -13.259669004446835 77.89176607446939
43 73.28311076011514 70.8648414447234
44 90.41579319701151 45.70454453839804
45 -10.226055104155662 -12.794354403645997
46 -12.02834754341346 -29.477043409198075
47 -75.05792090319727 -92.83896481908526
48 4.303344078403072 -17.84973985951177
49 89.0272454196944 67.00302272010546
50 94.94260079019213 55.76132103870813
51 -33.42334451889968 25.72941128152641
52 82.3784257108278 94.74650409018764
53 82.95361327783453 98.13399947736087
54 -24.32633194326121 -3.586699838403675
55 86.6277956929361 -54.17698695955651
56 16.71830844978477 4.482399238221973
57 -61.26732663647181 35.29025279936883
58 38.06206857002914 20.47907163187554
EOF
