DIMENSION :58
NODE_COORD_SECTION
1 -53.893444279410474 39.7922996515787
2 -96.33449679480994 -64.18012515890837
3 -6.535162031391323 12.001137392820297
4 -86.70950450617704 68.24390946795603
5 54.425035932949896 -57.936552459138866
6 26.663235517754487 87.28820686028135
7 -19.296778405291562 52.231639160345054
8 51.12726752677162 -76.83467400225757
9 71.38856380588649 -42.589379749332615
10 65.67860516647048 -2.986206967175221
11 -60.25886077614726 -31.176426438786265
12 77.7244897753076 -29.486871295963283
13 24.750810303548192 85.97058532962009
14 -19.619767559380648 29.436899498725836
15 47.53658132545249 -11.663516179684706
16 41.34046319467748 13.088389017530929
17 -55.10775182580843 22.093233026655383
18 52.21280981321408 75.9775084252569
19 25.760868631528552 92.0812482616956
20 46.30340077285993 73.76166637500336
21 91.14711153048037 -84.35678148715915
22 -46.804637812508076 -97.61263474674311
23 33.9529816611784 72.42291085339727
24 -99.93714172565886 -12.466688184306292
25 -7.550805042482864 93.03057305447001
26 92.51490349298203 20.870049784053734
27 69.5708531487808 69.51566168188324
28 -88.13530402152581 70.31490496416865
29 -50.04728177474163 -58.123435676074074
30 51.07176804812764 -46.62459189581827
31 47.595918370461135 -82.6238355314363
32 -21.794158738764935 55.838188591467684
33 99.28456687352488 13.221083799632865
34 -35.8671548124468 2.474519177348469
35 -17.652885199731983 78.20153031389918
36 -59.77494295086372 -57.9023220632551
37 -19.915857803160037 45.17776246543477
38 -37.751020820320825 96.22147498629252
39 -55.83941414255123 -6.161836906193514
40 48.18602622724589 38.73317934109329
41 10.487031059527041 61.94311213222849
42 30.592770383354917 -76.59172230591034
43 -86.40859018362288 -66.69225559859906
44 18.208943619027806 -43.24144220157429
45 -85.79122771833376 -47.93408703629958
46 96.87304711979326 25.6189732651237
47 -94.20648821702777 65.29658792915035
48 16.406921149602766 -67.95710292198501
49 -2.1149999382001425 -20.116895704140703
50 7.982239738128911 -37.510578127172735
51 -12.265963404204356 -65.48537328587376
52 -44.41659473927339 -76.04962734794259
53 26.324162200831623 -65.97159321720608
54 -94.46708109969639 -83.42115013361683
55 60.89849105739296 -29.169732388224887
56 -60.3531191033533 -19.454931000285967
57 93.32909806335789 66.92001193450366
58 -39.560257025354886 -45.740531115449976
EOF
