DIMENSION :58
NODE_COORD_SECTION
1 75.25790419217287 44.6488912095497
2 -87.96099603237168 61.067799536680525
3 -68.2652412615482 -95.58118897948249
4 63.65742463805503 -98.33174624126902
5 -75.44610375628602 0.5129788843153449
6 92.19908224658886 -79.69496588822253
7 -96.3102633431163 -76.53230275829657
8 -93.05683163189411 -28.319586454617166
9 64.95398540584597 75.9930030062063
10 25.464035183525425 -33.248942872087156
11 31.08231290904004 56.563052463067294
12 29.404851976419906 -3.0698950057610546
13 37.805563092752294 26.630131925992885
14 -22.600631029026943 58.16356899692477
15 -15.054312067121217 -31.18283915676554
16 75.51420224276058 67.09905540333298
17 -86.4466952733464 -54.01762818082212
18 72.18547973081249 54.72888184832672
19 52.33023937652413 -95.16088009956931
20 92.47527048666606 -52.69624407402442
21 -59.942921391790314 32.85269276417921
22 -44.425161995653404 -0.022814787000925207
23 75.47223719920595 -26.574881535474333
24 29.83325285187678 -64.44507636053349
25 72.02558840094562 -68.08196710105892
26 -28.808518533494862 -41.11225020306899
27 2.1564498486354324 63.85271091467024
28 63.75370409980397 66.86000808322669
29 -95.77803400687255 -73.33457231261802
30 -64.6709895378745 54.59032252315106
31 94.92882586821761 -2.314617209818209
32 -43.87159455237413 -69.62496543996382
33 -18.90241113001609 -86.45847302669141
34 45.40338899567678 95.06895186388155
35 96.81551649882877 -30.00642156236424
36 -91.3358522683442 16.01199379262019
37 -94.48958524437847 -63.778260597375855
38 -92.78321995495364 31.274521973029294
39 -98.79548845458967 -16.101485905976176
40 22.11068000075649 -43.09194318177578
41 -80.81603092326928 -91.0947494998176
42 -83.81133134307646 -61.9477698293009
43 -76.45387125886708 32.34497538114306
44 -79.2159375312969 84.16287090702002
45 77.56335102312002 7.542176333858009
46 77.71049424381951 59.29021029392064
47 22.528561824157322 31.009367476780454
48 -47.458327559847 -39.74986358917063
49 -8.275533227134531 57.89908564113887
50 1.7801096152510354 -91.30432197369358
51 68.38482441729369 -43.750692165060286
52 24.365130451330927 7.509787383232307
53 -40.00730378531174 99.36915980139219
54 57.07224792999173 67.60468598189047
55 -94.01272742615647 92.0009000805729
56 -16.29260028956378 -1.8730285928011199
57 -38.072677565247325 -46.56676604007701
58 -80.39873109168096 -28.7681219330899
EOF
