DIMENSION :58
NODE_COORD_SECTION
1 11.617150364543917 -84.93412275987802
2 -82.63194298659576 -94.07390912614373
3 40.03031179970898 -33.78354614664103
4 11.487968377403575 -11.582505447569275
5 44.16408516345001 8.074123805083715
6 49.213456516251085 -0.4529331171550126
7 -14.326066983981306 70.1088247517886
8 41.35395929412911 24.884515942402174
9 59.20175523601557 34.010353771843995
10 17.375423494803826 6.6711604262643505
11 85.69042798365945 -95.57739023559392
12 -80.33790795924057 39.067878833522315
13 -64.28667296146575 69.63087826519597
14 -77.36716959759143 -99.4362315258897
15 -13.97680952922478 91.78346289012012
16 -39.126766517638046 13.615055847129682
17 -55.24877511721398 -49.981997702650396
18 48.29654721842073 95.99791029075527
19 94.1639468278008 74.90193275799174
20 49.44790810051401 -25.977125927195075
21 94.61173342077544 -41.11445043185069
22 -75.58214727507419 -35.327344859113325
23 -30.72023558801564 5.005215098852432
24 -89.56710137341179 -98.11083230775024
25 -53.421564347485415 -15.136623201203506
26 26.042233657999716 81.64961975027313
27 75.4870069900324 16.950995262464488
28 87.92134833296106 -68.8643066496379
29 -51.10923084208494 -52.33283327373255
30 -84.33509620533184 69.21379205225787
31 70.92852615293435 19.929726904354922
32 -33.45731152486289 18.608425106020803
33 -13.406096467359617 -51.94030573675814
34 90.04417312599247 -45.43509130638563
35 55.310315937205246 -17.338517884976753
36 21.13855717053093 -69.53843590289495
37 94.92625004118892 45.509862401312716
38 41.52899470709281 7.745665182405759
39 48.5538973348624 -58.006279394229686
40 -70.21897126344874 35.73150343189948
41 -66.09921886491514 17.455745575661027
42 94.05696089556702 76.21296081950933
43 23.220664356722253 13.806174318609862
44 35.2894017301158 48.50697168270099
45 71.73646339886676 -95.92211508509874
46 23.97887540344061 82.45850945051114
47 63.364486643540204 -64.87089880280593
48 90.40171718974528 -89.89840599633763
49 -25.203951373023287 -7.5109194551379375
50 -74.13365576254078 1.0849660255683062
51 72.46872727388933 -83.61880759693416
52 71.7573462194488 52.63519706670101
53 51.68646251924628 -55.75306419917938
54 33.458418075543875 81.74390745452496
55 -96.87597410240262 32.63332859964058
56 97.84686758938042 -64.56998809911123
57 -50.82199261412392 20.09542086869709
58 55.903733624568844 -65.65815692314754
EOF
