DIMENSION :58
NODE_COORD_SECTION
1 83.53664510195782 74.60688271400275
2 91.35340317956346 -22.699620734401876
3 28.599792785781887 43.722813958096225
4 65.66088739594557 -16.426660776032847
5 13.825425248796861 38.64935642895122
6 63.05607081084793 27.67576840733892
7 -1.498660477749823 -68.58994127180901
8 95.77303806402284 -18.311172991296587
9 -36.11093949395405 -27.68510073263886
10 37.194762613428594 91.61554968154962
11 64.50381539329842 38.6704293934624
12 21.742773151419343 -29.223229616533118
13 15.769393927017063 22.47850606318002
14 49.6139185836696 -89.15132331257558
15 -3.357146151806603 12.720713831047206
16 -37.833699505853936 -27.122758275744133
17 -9.469463599470501 -75.88568202512619
18 64.10793788621945 7.518751639774308
19 -86.2064148714925 51.7649019573588
20 60.243234635676544 -28.080239195762303
21 88.36754619832848 89.92974261947177
22 47.383999428719534 60.06391400873156
23 3.497322756303319 43.14513309096401
24 56.13323653706911 44.07703147128598
25 81.31521403405944 -20.740152767195582
26 72.60152334949211 35.89601032260268
27 -88.03352220770692 -73.5439186987876
28 -13.282616975992866 21.8711245413578
29 -43.78681358402818 0.12823426191248188
30 -88.35545338021917 -2.714670768082655
31 26.923978722159305 60.52891699555062
32 -2.0793770086372945 -66.56166524612486
33 -44.41631831778952 48.38070788832522
34 26.283265845550503 -53.14283716407815
35 -74.06663469431112 23.191195340001684
36 -95.24855730740025 -91.64098213362921
37 14.07807471423537 37.797906615515444
38 -81.61902572318074 -70.89356484380356
39 -87.1241195594937 -77.2911738429815
40 -15.78485071131297 91.45855973864116
41 38.148561503860265 25.093202968649123
42 49.302680382200606 54.336651308064745
43 15.2307894698191 -50.183534535620986
44 -63.74310352604713 -44.01414946110806
45 -73.39883384159351 -16.29787856414086
46 -11.318378414416188 -38.570608136802505
47 64.81515710864588 -50.757488388461255
48 -2.1092682865507584 57.57540251107332
49 79.686365594455 -69.73050923745821
50 -97.30005884888007 85.8506432069818
51 -65.36064238846073 39.63498210211458
52 45.67096921330804 -79.60057069840518
53 -5.61644572844186 -42.259389959887784
54 -57.960232854583516 -50.69980714559392
55 54.534558787087775 -39.205478885859016
56 -28.337937639587423 -3.0838897787650126
57 -6.46441005627689 -21.037338908005296
58 -60.33901022468593 -62.58967162603199
EOF
