DIMENSION :58
NODE_COORD_SECTION
1 45.742459431328626 67.127342988044
2 7.166888688952895 17.640275033988132
3 -18.408328216064746 48.43051294594039
4 -5.641887709580047 -35.86532000621368
5 -69.81755137103009 -49.936316952786
6 86.54395945186812 1.079546012337687
7 -60.58248727117548 -57.763566642383445
8 4.356367041492092 -48.45811269985645
9 -8.342552248922061 -93.76067788330964
10 89.46472402625034 77.99008814577601
11 7.913431251648987 95.53171417835969
12 91.13980167533131 -37.277266525307496
13 -21.845217783306254 92.89227250395533
14 -40.19279168742469 15.259129509037024
15 -55.43146205205276 84.65870226185746
16 83.5094751768114 -68.66855440936035
17 3.0847197668145725 13.122485482076655
18 7.297572790571877 -41.2176195361059
19 -91.79233476743845 -60.56675763814741
20 -39.075821936127106 87.58643278870568
21 67.17014364857909 -48.09337987219464
22 86.8125131625392 74.37682509420213
23 91.6537839143214 -11.581518127890746
24 -91.87370363151486 -63.72581514584552
25 38.79571135761245 6.607405953788842
26 -94.13230733354321 4.477273548773979
27 17.927958110642095 31.89639017536402
28 84.28189352768177 14.989951281761577
29 -34.527261201243036 -59.116100734568434
30 95.4484744175839 32.02277573332694
31 97.64321880570813 -3.5566981549808503
32 66.79114480544334 49.021534100602
33 39.07605941116816 -59.091116745955816
34 -70.66080095955529 92.93929258078529
35 95.24846589983548 75.01571322212288
36 -20.074519851553745 -30.717653318571664
37 -12.490903372113877 2.799602978336196
38 27.10719995397301 28.62475961384598
39 1.7787745833336857 6.45256859570398
40 -31.55239563087757 -90.29992969159686
41 -84.54658439286085 -69.83181789655839
42 25.897916310654807 -80.15711908543639
43 61.76826207606254 -1.6996733962334076
44 -73.62929861478318 -49.532875187050784
45 66.85898813514117 -29.302112782442038
46 56.197234857681025 -6.568177512466562
47 -48.01817946945415 46.86699688941309
48 41.013040583119306 23.559200114863586
49 31.831450048685184 -29.348483440069216
50 -93.28258374939935 43.234156542473585
51 -40.37806080493773 58.41145998114223
52 -37.495783961764275 46.92809030043253
53 -29.427434294215573 -23.781800320330177
54 13.562762419460768 -43.34583243174399
55 57.666887361905935 25.374273842835862
56 58.89935139861615 3.775132216989576
57 77.03015948115416 60.604779060884056
58 58.83134326502028 -11.751058240354382
EOF
