DIMENSION :58
NODE_COORD_SECTION
1 88.12164337344572 -0.028579157486348095
2 -78.30687310280277 61.28127306433285
3 25.176914957407106 -77.22472321249067
4 13.86874852385101 71.6896307115513
5 20.77587552600704 81.92491686891765
6 -43.194369421656155 91.24627814393273
7 83.30821753133924 -3.8284082139206106
8 66.70736977386485 4.771063568963669
9 10.981746731351976 55.43409475824194
10 -63.47015707142092 41.517120360496705
11 75.68850009789486 -88.54071658738346
12 -66.26900456147544 -34.14526461002771
13 -16.97767811838517 12.140440738106022
14 -53.742344442967685 19.660582203413696
15 -72.91809276055734 -60.80795878620546
16 73.23548120356133 98.47408277197437
17 34.66998042135663 86.41838012918782
18 -1.5703952681507474 -88.35327402077822
19 -49.274283124591925 -75.39722625790795
20 -92.60479969195991 76.12422510606552
21 -44.69588766778936 39.082903192090754
22 13.338748339806997 24.165508879622905
23 22.1426545850301 97.36714278413655
24 42.06225050046183 67.21651148980138
25 29.832052364881548 -93.31443022558632
26 -7.03567149123208 -48.67913370888397
27 -81.1654835319084 -44.84140614864089
28 -59.07638535593782 -36.13633166202064
29 -48.93050240586951 95.30511147722669
30 -27.008548256176795 -92.89154159014095
31 -26.48656758148138 -75.09887115321783
32 -35.82754346926144 40.90174610781159
33 -86.76336674418998 -52.26102998549631
34 -11.826924202551808 15.083374318090478
35 38.526923616868686 -44.373887729695774
36 -68.15017042447246 61.555126884794674
37 9.226252174716336 63.00190554809555
38 -63.80949318768514 96.62402881885598
39 9.133111448577736 46.83930174200714
40 22.01306190745163 96.15087022180168
41 -95.69994749081224 97.03802112237548
42 75.1687093681278 -50.80149702799615
43 3.2822331441012977 -33.695604304033864
44 63.88702251296746 -29.711393176361625
45 8.869469156673858 23.55240403636587
46 -59.99735659805792 -43.96044084215403
47 -54.43921292485061 61.14933223745561
48 -63.84541589810144 -91.12775594145658
49 23.0171684119084 83.86864236062704
50 -87.34914238235982 -81.36539603681001
51 -47.04550272417902 -83.79839033571096
52 30.542465000342673 -7.59022813497117
53 -24.584425367044417 -95.28151550805732
54 -68.44732892680112 53.43686696904237
55 -29.91360818936832 63.45881943181874
56 -9.141262571768877 91.98733319776119
57 -70.70144596358617 -87.13014624051722
58 75.32508762480487 -55.796010241466206
EOF
