DIMENSION :58
NODE_COORD_SECTION
1 -82.42755207740694 77.27277887122278
2 31.540158828398916 35.07271584910785
3 -63.72404190005236 -97.95644274130095
4 65.82950150144725 96.27519604492011
5 52.59532059421551 11.995142932000988
6 -82.85884834287698 11.720281429453365
7 11.63402604757897 50.16574801044996
8 39.707540978665634 7.594768942396655
9 80.30499276711592 -87.35293417490698
10 -84.44107573055742 15.90660461854425
11 -77.14564712767292 -93.14845328209576
12 24.22255634592105 10.284024698196689
13 93.10059480112969 56.40378543330323
14 -34.12867945867188 84.53233123499874
15 -24.304920945126014 47.90151298679575
16 -33.19030133790095 60.30687191216998
17 22.186366029273913 29.830534403808286
18 -24.71334572262475 -84.07497358965486
19 -77.6026140342122 20.20712120803529
20 15.976475481909986 -34.746118761884375
21 -72.39898503070705 57.060403987779324
22 13.070125193117349 83.77445709094067
23 99.20630926935618 34.65639757500651
24 -85.22855515544205 -21.662597568526138
25 -4.856002264541573 8.404289264245818
26 56.09378675354765 -72.21094438990336
27 25.86662091203496 22.67478239677297
28 82.20453336501623 -16.4390471721548
29 12.855072230023069 18.29923207001123
30 21.166299953877115 -87.52017578592877
31 -35.2499487792944 -89.69249838102007
32 42.7752695108768 -11.530785005434964
33 -50.296719197239504 91.50139227575141
34 69.29871085384298 95.47796799273831
35 -12.7298646980786 13.74970240696986
36 -85.73482975138162 90.88481216938266
37 -90.85830935421606 -73.5700973646557
38 17.06252916496183 -3.2075956601151745
39 -54.759102847193496 -89.76941545116983
40 -86.04942934785609 -63.961817162805154
41 -19.815909194324234 34.567833378214374
42 -59.80366174853842 10.413533251492908
43 -5.164387538579177 -11.842221937455548
44 93.39207654290408 -69.50325160914328
45 -41.3400979355693 84.82657392580373
46 -95.38283830977814 -50.33061470547937
47 -29.198054536358768 -69.57174908097
48 -38.04306577519421 -70.70034500611413
49 -38.69641947236839 51.779787866496434
50 9.992925528934222 -32.259481856507264
51 -41.410330458066724 34.81193021000689
52 -90.76940873946276 -37.29565829438988
53 5.334736898689755 -3.3266992758282328
54 -18.967861430201012 -55.26019019014665
55 62.04724160109066 -74.68563015368596
56 -13.526378346896209 18.951151911582144
57 76.18520608396861 -39.88292483540352
58 -8.352856770984346 82.76346730732826
EOF
