DIMENSION :58
NODE_COORD_SECTION
1 -89.56901238368738 6.901660744182237
2 36.288656136320526 -97.55731213568171
3 -43.5690044631146 51.089490537974314
4 69.9724041942072 59.20232932726762
5 55.85957543584718 88.1701476669588
6 84.48142097299672 -68.11790512974478
7 75.764646763153 72.4062769670171
8 -76.67141951104432 77.1202900203235
9 31.253935423651882 5.845675568813064
10 -44.77320287651503 -28.26829765439605
11 -70.77274825191932 -27.74901507402609
12 84.14328374043907 94.87534876478531
13 -67.06819713496574 -35.41656275182652
14 -18.928894705098415 86.72615892642847
15 9.529366726978822 -61.01854261545845
16 -75.58624405199556 60.82958116848073
17 -57.40946201270669 -0.5362715465003589
18 21.23003088034558 -90.76790626219757
19 92.40796008239752 -79.87436842251662
20 48.18812126154239 -67.35529100941216
21 -30.75314558574638 -54.61316287740408
22 98.92936992501842 -47.68937978460428
23 -51.872068092676614 -26.11298317673115
24 53.643641187337096 15.912204224587455
25 98.4641376491173 27.91566241146822
26 -2.990064087657558 96.76661920428174
27 -72.15066085040887 -62.19897537649417
28 -97.74269786070111 3.7233486869978805
29 46.523653423033124 29.47234295415805
30 -28.047163503340443 68.59109884405723
31 -52.48342113627804 93.44846661991616
32 -19.775096888562288 58.58545460631484
33 67.1957915197639 34.79516559935095
34 -3.5185209342402146 -26.797124149754012
35 41.92583350540778 -43.86759439955499
36 -12.715030055197715 -71.90944324023494
37 8.767732830702002 9.561928266948712
38 -9.103582597727012 2.8958175865503506
39 -88.37306308246195 -31.57537702280935
40 38.103659494394776 -64.25723771921301
41 68.98363011631838 -83.91390775460428
42 -46.700591242013154 83.89789102803721
43 -64.68398588318033 -73.51198243215285
44 11.376987619866583 -61.64941194364344
45 45.55371556026827 -80.00806219391555
46 -51.1371601962763 79.44830122319016
47 -29.62494199976453 18.08107244347667
48 31.80656665724655 -8.609559455367318
49 -70.1115520560191 91.77496457831421
50 -31.699140523599084 15.298931082243783
51 -85.78525607367263 1.1507389469747267
52 20.10513712167578 -86.25242163714624
53 -58.28596942842963 57.15379675472835
54 -84.30162132397652 44.046339767757814
55 49.076715326007616 -98.08006724042646
56 96.18812847223205 -6.759271132763331
57 -47.774454606771165 -99.88017586010918
58 35.85424950225956 -85.29940142992764
EOF
