DIMENSION :58
NODE_COORD_SECTION
1 29.037922553980735 36.20769680110746
2 -4.3627965045936605 29.573032839253102
3 -5.000964860752433 -15.914956903389992
4 -77.39797608590051 -89.4634777807
5 -56.03964507149668 -45.251435891545675
6 84.55120467073272 -96.27500363065325
7 40.38510950673273 -0.9466232956442724
8 44.33688097489798 -54.10082032049041
9 -67.75483235748527 -0.7883148647485712
10 21.701297403745556 60.58850156775054
11 -59.890941909217375 75.92097418637599
12 77.35817415703909 22.377650862790844
13 -31.707857909488894 91.01770111667324
14 72.66701145468599 -23.476033614741468
15 -27.281489430892236 -13.004282288691257
16 73.63215584340853 -16.141915059454192
17 -91.37907649559429 94.76746316476459
18 -77.94026252603223 41.58427369893258
19 -49.068538708307784 -37.664724303367755
20 32.05737720253714 42.510964730367675
21 31.192347801957652 -90.42094809322538
22 86.66304007581195 -21.59388624269087
23 -32.95722024790547 -1.8443498234877325
24 7.240935007105719 67.58596801713733
25 73.81423653106245 20.544431942365932
26 -52.61601115533372 -7.490004807193046
27 -57.506643324693286 58.562475333045
28 -76.58604906227893 70.06870626617356
29 44.287917651523145 -60.788051336969204
30 35.171772652873926 -54.58477528186816
31 -20.741903847396784 -75.48868316999173
32 53.64240905204133 99.60549220614945
33 -75.04826041832439 12.001000891858936
34 56.059854472416305 91.97605802086849
35 -39.29105288252324 93.90325511584663
36 -25.51034036144719 20.102458377784544
37 44.27775727533262 -74.54493738568218
38 -9.512105193708294 -26.654694418221638
39 99.60937681807249 -13.27809154231339
40 56.28686861703679 80.40518855683817
41 -61.82205134649621 87.23933212389389
42 52.059753076418474 -93.02838171726435
43 -19.103650059885126 -40.88171532864748
44 -0.832423836235364 46.46523630147698
45 -26.323876234921315 -88.21071532873232
46 -59.10627792206529 -34.963276881225354
47 96.9062264665514 80.34957111557944
48 -24.97730114224379 -88.60035068082439
49 57.60179410384623 89.51631902402005
50 76.72132122806065 -17.261143768077275
51 -77.29929399709891 76.4782414845809
52 -14.467796898866595 49.84983068985554
53 2.9623030368376675 -31.52317978085715
54 -53.10910836375336 -12.171382612307369
55 29.149158638841755 94.73759641774839
56 96.4296336081753 -66.95401471947682
57 -24.350609105949488 27.410824445001907
58 -45.56780793609745 92.80351844388201
EOF
