DIMENSION :58
NODE_COORD_SECTION
1 0.9932541604823513 44.37201358870604
2 -80.09007552547371 62.91168266303083
3 -67.67252477696758 37.41497289417319
4 -16.062944324593502 -52.08879603702632
5 22.825420884996035 -19.09344289369936
6 -69.25693941167832 21.138478452401287
7 -29.919070979363312 0.3838829623690003
8 -77.03795228588592 -73.79385596123267
9 10.943124418474511 -69.88709208646699
10 -11.646094972739235 54.037905803589126
11 12.755015009161625 -48.60604418096261
12 91.47013155294181 19.83573220701564
13 -21.628307513463497 -46.39167912672113
14 -89.57680404740229 40.85514009544434
15 4.881295959923236 13.056100030965794
16 -72.86053235914227 -51.972994150339844
17 43.17835230402767 -56.57572690014276
18 12.327485527182617 13.878227960745676
19 94.01573708284405 61.76326139463262
20 -59.505215356451124 -40.13232062854453
21 -54.111962905078556 -64.86083075593297
22 5.698094016359363 18.168053218386817
23 11.07565296797614 -74.3319588924821
24 -74.68669884511758 -33.91191063089596
25 48.40555484093983 35.42747044393991
26 -83.03693100636833 25.743870395065272
27 -25.23884869237898 67.77997446279204
28 12.841694025886909 27.251881755811084
29 -37.899671055732085 67.93165378757229
30 -63.971796939456496 70.6306251144704
31 -7.28274932560484 -16.91133132998192
32 4.980325045537782 89.76157108481749
33 2.710016602226162 91.36312377716277
34 -44.7464483345307 21.174379724689203
35 82.09302322911711 -11.380914423704283
36 71.5910278596557 -88.91466150112551
37 -80.28081373293215 -6.261599315768279
38 8.881556584823656 56.03202320869093
39 -17.846064836483407 -64.67480677754287
40 -52.91533760814677 -34.38873737578841
41 -2.130608718795486 16.65680712292898
42 73.07308403105145 -39.75842966243568
43 -18.396343224512535 20.728240716303574
44 11.444731202258353 -27.46478278437378
45 78.45679572905232 -86.47408634358682
46 -63.2923367450412 7.779251463110583
47 -66.72840902219315 -68.79405854774615
48 90.84323077527912 -62.81125240957959
49 98.07368810568659 95.64096923355743
50 -96.89593377637604 47.00971430074239
51 -21.17758551021592 -7.1612657772245285
52 63.005108168060076 47.21311346421359
53 -7.549959666386968 -29.975382495900348
54 -67.18237698007445 55.435483964996166
55 -43.856228265714805 59.719474306194
56 2.4774289556697795 14.985775953685334
57 63.05147604004958 -77.06690648294597
58 87.67039715364976 80.1520309208145
EOF
