DIMENSION :59
NODE_COORD_SECTION
1 -58.99757156673846 99.86803226563202
2 68.8583060272226 83.9740814225035
3 93.26374413453215 17.698403370187933
4 -99.65778289968176 6.5162701632694535
5 -62.70530936915024 53.919001270627575
6 -11.942209210963497 21.368708585538883
7 92.97072863087627 -34.81394361892052
8 -61.38007595884043 -9.079684759682166
9 -18.184895339064468 -38.352738380986516
10 34.88659497948504 -78.78926157050283
11 19.783269329562742 -35.167196699779055
12 -96.98032416317442 -33.44658728245449
13 -74.77847695566284 5.038585746069529
14 -73.67284778080685 6.45419912944611
15 -5.479237471526659 -73.99433292013899
16 3.4268963558424588 39.68032354831763
17 83.33756435856344 26.613876645213082
18 49.24899069318471 42.87341978214528
19 -2.14349353957482 62.47172081289381
20 19.61989787326317 -25.110468885315555
21 48.41915398284877 -45.30130629069375
22 3.648501322678399 73.08802821877939
23 46.94676361796044 8.860228038200717
24 72.86051787161313 84.08037433643312
25 39.93517434731345 33.929546021386045
26 -97.99556678208587 -1.0111585752484444
27 -39.597880991193925 69.31471778328111
28 83.6785541585439 22.054236297849215
29 -44.98143803718362 77.40332212948522
30 -52.59458933852616 91.47086877585582
31 -3.2426382774936258 -60.25875247768941
32 -36.493647472167254 92.6159374484622
33 -71.25593293639724 6.875969785294785
34 63.10559078291641 -43.6203092315425
35 -98.40382544179798 95.05912287398431
36 37.8196843784701 -80.90832310579705
37 64.38889542014039 -2.58322170994181
38 -3.835132067100375 -64.42249353130987
39 -51.513193060005634 82.86029890507714
40 48.441287889982334 -16.830309793242293
41 43.83253905133094 -7.075535155700095
42 -32.170236710881525 -27.965011321339887
43 8.885094846022952 14.88370355187223
44 -67.33681814347443 -14.030046143499348
45 -21.748000997788267 8.911344529088055
46 -6.688709036708801 17.855342862679663
47 -63.83901043335025 -2.2891951170625617
48 26.844142169175484 35.249085325280305
49 -90.73133331679992 88.96178978578254
50 43.61605686069626 -85.86331352022239
51 -1.0951557210628522 94.08854499622785
52 -7.861506737684195 -87.3531907624226
53 20.703142932917217 31.271278393477445
54 72.08682046673044 -78.42089248739444
55 -51.33021136406541 56.286038269915906
56 10.01249573507424 -75.11986590403936
57 71.09417934425716 51.67223730120551
58 -21.69121673742815 -69.25745582903697
59 -42.693647558890405 -77.10882684879562
EOF
