DIMENSION :59
NODE_COORD_SECTION
1 -87.31758705955401 -72.08108414371499
2 80.28770603074332 82.04937366073167
3 58.466586182675485 39.61838676704053
4 -46.57799673455967 46.63671226822896
5 -15.809681571610895 -25.631055014412894
6 49.169317824886264 -90.1887686891902
7 51.97462470695356 -49.82064612872716
8 58.71495426715322 22.289525481006578
9 37.94296584744774 -73.79705143976518
10 7.51597822259717 87.40312303348176
11 64.7408601597252 54.99491513374221
12 -91.54346343922893 -92.5031352292296
13 -59.27239774997513 -84.09391132154514
14 -56.19035186415673 -0.36176374574812087
15 12.852989476872693 -80.90309238986214
16 -50.08700714784939 -55.95291907954121
17 -80.66639866172369 75.31921396058442
18 73.19266151697047 -25.055828450094594
19 -11.405314386017906 63.52770284360295
20 -57.8544657777436 1.0561942179139123
21 72.54526512147018 -3.4532006556375165
22 -42.882602640620206 -48.19626013044043
23 -74.8943333604522 84.43293822526192
24 -61.809458183842914 85.23801427243512
25 41.00820844259832 -74.16392811356317
26 -8.778896550074776 65.08096465566194
27 -44.7565889968708 19.57859624715836
28 53.04302019042032 16.7626401216514
29 -29.874487223451737 81.83358543398069
30 -40.91799071222451 6.138638341827814
31 -75.19716609671636 78.69863527938148
32 40.09949077012632 49.60958617000583
33 -48.86008010629255 -60.37454288857844
34 -0.4869220739711153 60.65359271460494
35 -29.74994136900702 -95.92056116690726
36 -51.28336617893361 65.32178322543598
37 -24.441696054627144 -28.032389557438336
38 -14.950392833486717 -21.964016557774983
39 -78.87335301276002 -22.21267580586624
40 -14.458119200608749 19.06672252728474
41 88.07468213402348 -10.887870725382996
42 -40.71312361789954 76.35884511497795
43 -62.71953413618103 41.94538185927556
44 -47.727738986072346 -33.08904224064524
45 73.1480278568041 68.63611649828616
46 -69.27577923967971 36.704129183417734
47 41.07946914941857 48.465882189441544
48 82.49768509191827 53.214249332418234
49 60.391082410284554 -83.32079207602526
50 -29.22836761494372 90.8315094512418
51 54.76464804598271 4.64447749859724
52 -49.715026346248514 87.0496002027661
53 83.9264723582096 -48.00395558879558
54 13.575253558830894 -43.92381609967
55 -96.90162319667625 -68.97751185329676
56 -26.84114905966078 -13.444620405742484
57 80.86638378460077 54.22993456771823
58 5.317946719080609 -78.61807378765309
59 91.46443526920007 -2.0764976544598284
EOF
