DIMENSION :59
NODE_COORD_SECTION
1 -7.884656911526108 70.45967894940651
2 4.8430298305187165 24.4975003259092
3 88.86956088915417 66.81513498731496
4 78.49225343457115 62.795245170533065
5 8.342218820296466 1.365995129418394
6 65.11203794193446 -1.2009813500354198
7 -81.89722916263267 -50.08115181231467
8 45.116659187024254 -30.76684315471101
9 -58.97366237528918 58.741313312568906
10 67.80299733064751 -42.39089958776188
11 21.611053549556345 -32.20106866192873
12 65.12703528102398 96.0317773079559
13 27.49230770365952 33.66795041867377
14 -98.13567270825013 30.3934854850919
15 -21.384027580620725 -36.22427070319352
16 13.698697824188685 -85.77985853058017
17 35.009459831170574 -86.34068448083656
18 -11.115128226345632 27.098865591982673
19 -6.184253449112305 -29.777983833853952
20 34.482372723918616 -24.47005169773672
21 -52.76768500950455 46.50670819204791
22 -65.2404211485717 -72.78977813980418
23 35.223418991890554 -52.7062024418308
24 57.21835307357267 -45.83099292783177
25 90.3505279767842 -70.12928923587106
26 -9.208757489567148 -84.15811983882176
27 16.792652062274655 80.60890206860506
28 -88.88514557471652 0.08143881841692746
29 -28.395468075637467 55.52348927215337
30 -40.61550834753837 58.26848898783467
31 23.487330405391077 -8.220471848808586
32 -5.853255706564724 20.100981256531327
33 -47.17680411053215 87.1481995103679
34 29.48833715138423 -45.69780609144869
35 26.45126936473288 65.70507426277493
36 -91.56904291165921 -46.59637914860397
37 -68.36031680539469 -99.39821531603758
38 76.94351700478478 -36.07775238001785
39 -14.06570872959972 -51.46853235440505
40 -78.16520980434876 -42.334256228286634
41 53.041758590388525 65.5473923283013
42 14.89083566965978 45.56334006917453
43 89.6308823009598 -79.81674743826612
44 -34.026597168151966 72.33415613400541
45 -76.08712351771061 -2.6373074569189185
46 29.396828525748532 98.46880571068255
47 -75.91230302445845 95.3746637769892
48 -69.24731492085559 -24.585866045427224
49 53.22017161829095 58.23029092864277
50 -14.54706883671652 -49.48489587204581
51 26.836175095845817 57.00597442135631
52 65.61380829933253 -99.8181899957419
53 90.50573961916518 -63.68345043398338
54 -61.49553493277586 -17.086315108958956
55 -83.09351396116128 -24.14866640743574
56 -52.3643294764957 28.227113118720183
57 85.33733917818168 81.94502581920426
58 -63.33436123372902 33.19655390376195
59 -48.62091838891476 -79.55562462072656
EOF
