DIMENSION :59
NODE_COORD_SECTION
1 -73.34846837409663 -74.76646115313972
2 40.374842217208425 29.670781206515272
3 -51.223185076037446 67.89179665363287
4 5.630109618402685 -88.93219874066828
5 7.5360295270958915 35.900965499990605
6 80.70864578239721 85.16184611538537
7 3.460372080254672 -33.70471825962045
8 24.92688442516406 -78.24675413809553
9 -20.1811590577218 -95.58218614410391
10 12.126328753047659 -94.20598040819695
11 74.33127890054988 6.744807546925017
12 -54.970245426214895 84.19764742038487
13 54.78132842163694 36.888754149566495
14 90.963741814868 -46.134645946234485
15 96.51875881440827 96.80294374087504
16 -70.54346457348137 -2.497672893345012
17 -79.80775502639885 -27.875778648152846
18 78.19685698459418 51.33646094652275
19 -50.34478494502792 38.75479917795553
20 -78.93419631327778 97.6411550357968
21 -27.16105618385444 -22.801978656060598
22 -99.56942741223378 -84.99701132085285
23 92.48869414355497 -28.172985910976138
24 -44.38472012374844 90.56386259056018
25 -60.989839923363306 34.17925471632856
26 90.44073888186216 1.0064669747158206
27 -15.724869153881855 -17.46584999241972
28 -65.04842672559607 -97.15903322846233
29 -56.913213346593054 34.444755863451604
30 29.925667281814327 37.589769135863236
31 78.1066481757365 -75.44118742769626
32 7.48749304332182 53.756382613630905
33 -65.60324870731685 -53.021569435124945
34 67.12335112720456 75.00345639344889
35 21.332121195105287 -60.428314868113
36 -46.3767388599573 2.7540329125655774
37 32.49032619697192 -22.936416073949587
38 31.950668398744767 -68.53073074885754
39 -51.773732237621694 20.397771033792367
40 23.767766665111537 76.1447771711994
41 0.9920949377014665 -18.225391541627147
42 -78.67920120631308 -35.89302216039229
43 0.06355991100697622 7.93506871780238
44 -73.3838042421744 26.97975890300765
45 -89.81417396816427 58.67422996985502
46 -22.704887843275998 -56.269130395868274
47 57.75314301094835 63.2319462035486
48 -84.65973241488804 -68.0034218608906
49 98.48852712909238 74.12256034673575
50 30.725806869625984 62.42210273065848
51 -77.80895998936452 -93.87055941699138
52 -30.65271910599516 -20.45556851041421
53 -7.030137885744921 -52.39577506720641
54 33.0454702595533 -47.216774014184494
55 27.48590688323111 -38.125222580638976
56 -80.73567762587173 -47.605485153254754
57 -0.9267099921691937 -41.520187903431925
58 -51.140093315482616 47.78102036020212
59 22.21455548179823 7.112307350982007
EOF
