DIMENSION :59
NODE_COORD_SECTION
1 22.005572679123105 -1.042060533589023
2 -1.4289573982273254 -43.35683525948848
3 -85.86866684192975 -2.7334676131293776
4 5.117782001280986 -85.33887257220256
5 48.87351966182786 -41.658195048804615
6 -43.38770862348598 87.15374362615364
7 74.59089513981124 5.868754300436223
8 -15.289080300491918 74.71251800318578
9 -90.15590509315447 1.0663900812253075
10 -41.84112037878953 -36.89971640551464
11 -92.53458648980204 76.27242699815574
12 73.56876680047714 35.51677595190293
13 29.927203965022642 79.19334322067968
14 -30.719519797495636 96.78999454638728
15 6.693652052453885 2.850256288013057
16 -81.36810628439044 27.19946662444363
17 60.84226442823831 -80.58477092404183
18 91.19616828259305 67.42694933698664
19 90.09310837116166 -89.45338898001012
20 84.01819452318091 51.16886208043147
21 -33.514819688017866 -7.503813143896025
22 -80.3908245138793 -51.76599317622337
23 79.29108236922383 71.1748294122826
24 83.43500334940265 58.48910507948517
25 -12.637428190495655 -69.47248274338278
26 -69.13951696399117 5.803737579889329
27 69.95116137723056 -43.01736342379823
28 -68.0117553799779 -78.8145505728142
29 -30.850428755457074 -66.5955336540412
30 -57.4424723814077 75.58460861715707
31 2.451331806872872 -2.1081149328304747
32 -9.955242795113477 -74.6120384567054
33 -9.472634335526237 -44.069554623220554
34 -53.665744259532566 67.4086663272623
35 93.17006503578054 -41.18117790640747
36 -78.19587306192992 -34.78024405995535
37 75.45680733170187 -83.0450349680131
38 60.39876606474803 -95.03301260334463
39 -63.46349754119469 -96.51880793142608
40 41.23619584821563 66.33618673056054
41 25.044288946416216 21.95147693408579
42 -0.47521408005104604 53.13911455179908
43 38.00107400208293 -38.901557788764784
44 -31.95938612587112 -81.97887105001092
45 54.1561616451593 -59.558573740122455
46 -89.85670849534912 37.08276626192867
47 -11.917207245931905 -37.60882850051015
48 -33.71546863518108 -57.253345909778155
49 -32.06204629690508 29.670739581393462
50 68.19042410384981 6.990020864608397
51 -62.350566649993944 61.28621436067695
52 -11.625161627842061 82.10230664648327
53 63.394586028038475 45.94502346294152
54 -12.631959847648375 52.41628659301628
55 84.58688295763417 -91.26649910798616
56 97.02106840686392 -71.99968263089724
57 -8.812093550873627 35.02966664270218
58 -64.52692422667849 20.088271381281842
59 -67.98609322675168 -4.959011860272284
EOF
