DIMENSION :59
NODE_COORD_SECTION
1 -12.15468842878191 78.06287806235827
2 62.807755279466505 -56.97883247764708
3 -93.54794680346434 39.09717004949405
4 -71.80144719906605 27.133930888694962
5 -14.70465734392809 44.09784491614812
6 -61.7272067414373 -60.904106795797695
7 -54.16310670683253 7.383409404573854
8 -51.66749512067739 57.144686653668685
9 -65.48279370245685 92.56903842574667
10 79.51739823117074 91.54250984292639
11 -22.781654759621063 -56.58089521636482
12 -71.6804434253911 -71.26063048247693
13 61.84354971757472 45.96745175110317
14 4.620812494547309 88.48439336940038
15 -72.58673241199335 -43.00546271640877
16 10.734507453608217 57.58754005701397
17 -73.44609508937943 -76.01043313662143
18 28.03485462132943 -55.3018007410416
19 -2.018013196005924 43.01489610071209
20 13.108748232906592 12.381220669510327
21 36.563197389587145 -46.57096182388454
22 21.966400041747974 85.93488103006325
23 -19.247962393682144 -47.78649865342437
24 78.69870369754716 12.809511458047254
25 -49.305240650783034 -74.31194225232326
26 -15.929107961651695 52.14941810210681
27 -34.99554099600492 42.68778305655613
28 19.893481841691568 -89.10504855310842
29 -59.80599037889844 -69.18547384821832
30 46.613166413076385 -88.95455117899292
31 33.97896674619642 66.16430179275022
32 -85.58210634564674 72.09802396460873
33 -67.8608457255678 -53.02858090130324
34 12.2517695235167 -76.6588636634526
35 -1.6457717438830457 92.89895989761399
36 -35.51280650724415 22.59592563484712
37 -92.59491635227894 14.244487314955293
38 -48.39690383849271 51.16244972907967
39 64.35945793061677 29.11878267752718
40 79.06964933211768 -20.858087124788824
41 -24.163238448927473 -28.30539623175909
42 47.741546342428535 -49.02986110429575
43 -15.826374062491439 30.91139324058372
44 89.41333008731905 27.911489885702025
45 1.2883077562111538 -13.43900143667858
46 -77.20802765590582 -57.573344370993325
47 86.26852670371096 -31.53145314322063
48 -42.006695768128296 -31.258380593237916
49 99.18408888535558 -45.47840126188001
50 -68.22934172309127 94.60928002695391
51 33.351921249990056 -55.41013206359426
52 -8.964558295564956 91.16929324409341
53 -20.74199161466788 99.91675947941022
54 -41.16892180775433 20.975646552501928
55 5.567033838178872 -78.64686983715295
56 -85.22678848625675 -1.3243546695987476
57 -43.872735495582106 -45.157355779643105
58 -98.92928177592175 24.48801977860012
59 56.60466328019683 -41.14272795057901
EOF
