DIMENSION :59
NODE_COORD_SECTION
1 -46.18465460412118 85.4682633510348
2 -59.18789921494998 37.16357143277972
3 3.167641267860688 38.98769393174791
4 4.746812079637891 -13.57796614441284
5 -16.81757392904906 66.58447773149888
6 -77.71219051710642 43.458790945365365
7 -96.40752608191814 -99.85631628520426
8 59.132607984268105 -81.20149677490596
9 29.406585218435737 19.24328513287267
10 79.04250023859393 -6.217483144210377
11 92.3207347199978 -50.57206015755389
12 30.976696997492496 20.585662502394413
13 23.028665625074723 -42.63974750306934
14 -85.29049653362364 -20.547020368408965
15 74.53068845621047 -43.643404751741976
16 -78.70110825070304 14.964142989662136
17 -45.60874953528425 60.22864339966904
18 8.251469812233964 -61.827398288203405
19 12.997160568915561 -20.98420172978402
20 -86.04463219744795 -22.24466145558395
21 45.22012187713227 -62.89220875654553
22 -58.070849137103494 90.84838459117816
23 54.4886579705165 12.420811761990663
24 52.66139562177534 3.0320983678913365
25 1.1261209721256051 -55.295498261965584
26 -10.70783055907107 36.969475869245684
27 -89.08694874349494 -58.27867296515063
28 -66.88580983935744 -89.51032338540887
29 -44.81630934387759 23.95380676641807
30 -64.15199704509155 37.44807165324511
31 30.36801962407864 -8.340804110535217
32 -92.12790703097143 48.48318995224744
33 -37.257705983429986 -27.49473865352377
34 55.06542190007946 63.82997138202836
35 -56.747470909634586 -86.3151407522661
36 -48.35363494970648 96.6378230255491
37 -42.372958184593216 -80.67893146863432
38 -87.63129914425016 42.78101049552015
39 18.595633230578628 2.138730778152393
40 -15.338190160056882 21.938034442980907
41 -70.1153243666893 17.792267172994343
42 -80.22125874318364 -25.244396919969446
43 -84.24124472873802 80.90375591032745
44 -98.25747609211213 -7.797977388358063
45 -64.76873743225578 23.779239079426446
46 13.85746053858567 55.75368994959592
47 66.66779291301205 51.93541208275519
48 4.77894558159862 -99.15230937165748
49 -3.6422445229200804 74.98276900032747
50 79.61162716541364 -18.927709979074294
51 -26.268749088561222 47.07542873397392
52 -13.767427891927213 6.856385943123939
53 6.2497404011540425 38.05194526378693
54 -6.987556011734725 59.957957892719094
55 -41.39935108656514 74.5553960236719
56 61.33444253621889 43.84060780990177
57 -6.322410774474349 39.83511512710922
58 4.787084773692143 20.06635293750911
59 46.92946471181139 -98.40338321021692
EOF
