DIMENSION :59
NODE_COORD_SECTION
1 96.63379121024448 2.121980592118234
2 -38.98673379590163 49.18012753061416
3 38.138452076659036 30.63516470226955
4 -75.7131053119587 -35.487627781734815
5 32.55300332832587 37.7257678944909
6 -45.46995037924979 25.690212917604114
7 -76.95058058575515 -76.72326149325832
8 -51.6174141920763 -52.281111323631556
9 -52.394816420170834 12.198087007944508
10 77.34142763544125 1.8415972089725727
11 39.82780058067593 39.296495533987866
12 52.75872077769003 -76.93876569938176
13 -38.069430846858786 17.152150792876952
14 5.135356579754529 -85.13075719102126
15 94.54826584734911 -17.556471444968096
16 27.105600294553042 -9.139571680028695
17 27.808057894244385 87.44977546400074
18 14.860240585120366 54.826874825423715
19 -0.9524969774005854 5.9995882814991575
20 -90.64299583856072 14.087954452465581
21 -95.20196030527346 -43.075630356798044
22 -13.481216444223904 45.227594483669435
23 78.12886248637861 13.112652243369169
24 74.721616760937 87.07402841104943
25 67.17288384574695 -39.44830768250998
26 88.22601425518295 -77.32871886889649
27 76.63267837635564 -0.7185910950733216
28 56.806725642511054 30.15572890052303
29 -58.70876979648645 36.974617420222046
30 -95.31229444659024 -68.1349077379281
31 89.02860785861759 15.896877228230835
32 -14.009567475583665 51.67138237441327
33 -79.42760929080654 35.288116676753134
34 19.255484133856626 -97.55674747093033
35 -15.813820830634981 -16.252647163843363
36 -19.801314697858302 -31.292633931988817
37 55.72710894659156 -20.009174907433973
38 -90.2851825658423 -76.00756926060157
39 -52.02018861537285 -64.60694255347903
40 73.24333013168061 28.003586956058825
41 -32.09909767586731 -1.9907467964635117
42 67.962184550449 85.68892411528776
43 16.384542797989894 -84.68339624680685
44 -84.12256891530032 18.423939732113652
45 -17.613734143079313 61.70110732393496
46 -96.27234784748902 96.95389666262469
47 -78.28124082443165 16.755618153031435
48 -65.27584371831894 16.39791950169038
49 -69.44005127563497 -48.25621659806305
50 42.49909210351447 55.532963941977954
51 24.690118535082135 84.12374823348677
52 84.23543776697457 -44.26031516437139
53 -82.29838016794903 93.81441674208895
54 77.80433186733705 79.4063129725333
55 -45.09902585092283 59.92627374007694
56 -23.163357062924604 63.25083777286861
57 4.350087359744066 -27.032338017021544
58 88.00746694659821 -31.064342986793505
59 32.46949092903674 5.076632875191734
EOF
