DIMENSION :59
NODE_COORD_SECTION
1 26.41357058430671 51.51311360107172
2 -1.1465980647491563 79.61747085061393
3 77.7755593791544 -84.34574879554653
4 -6.577238639225953 71.52003645383235
5 90.29795423292717 10.277275316474245
6 8.769027787535123 -8.97083424459872
7 -45.627978428339674 -75.89377737855527
8 -8.48187640157127 -43.929510781674
9 -55.09224248236353 -12.145557155686305
10 48.77037724614158 42.22794115265566
11 98.93288714619638 63.14147797502616
12 99.14897745664769 14.367437031218813
13 -19.8014916435084 -96.08386745029274
14 52.71595403508678 90.23020249324424
15 42.88227254891558 -86.92759176153709
16 -20.008715483005133 63.858274311769634
17 -51.91808058469549 85.10921178834695
18 87.53730685095385 -74.4961536279076
19 9.643205764736763 25.098672807897813
20 56.04708534107348 -45.28698164790179
21 49.9680401254173 -35.107939581830976
22 16.6021295704341 -65.43616045291512
23 -68.19983686005926 59.406301846030516
24 -58.258799365104295 37.5773059022562
25 98.58718924204183 -61.00181872573547
26 -89.79133065608352 67.60926153085515
27 3.869492146811112 -81.65263485572166
28 -32.27257597499069 -92.92992322519653
29 -60.75206742343011 17.933475532266968
30 -49.13224641160514 15.108131175091728
31 80.8339731753264 41.10643870234446
32 67.06044630660628 49.93210134827379
33 -34.31266746170172 -32.086513942755104
34 31.028643329892645 -52.76378377747475
35 82.59783676684418 76.26016355405335
36 -53.61026611249626 76.73163476372619
37 15.66975349048488 81.64682019298647
38 90.90503135925607 20.076132835179877
39 14.518401457932043 -1.36390027382609
40 -85.16837039957122 66.03349327456513
41 -18.509572795561496 -29.628991104895334
42 94.05731069512905 -97.51711211954624
43 64.17065609986773 -13.122822690329699
44 -6.824046258206053 -0.062308997438108804
45 -79.4599182119322 18.547080718075293
46 -11.612462383795119 27.522235058604338
47 84.50097417370455 28.11791921789427
48 -23.916711427224072 -80.10598548335295
49 -98.91317503845313 -7.3809565153563454
50 50.20314472111082 -77.61199787644793
51 23.526240753056598 66.17876294313382
52 -30.070741586444896 81.69869285891633
53 68.43158356640717 -54.75542252031453
54 59.00582082743975 20.70467832419216
55 -89.2653384091127 -40.315297920369034
56 -21.04795629917497 38.57947039896163
57 66.59332743361603 6.403167269629066
58 0.661713006064744 11.121522136139376
59 60.344461966765095 -33.48555173538628
EOF
