DIMENSION :59
NODE_COORD_SECTION
1 16.01009289966855 15.376262454258466
2 -4.209072496618461 -46.89154618611291
3 -80.95536524575255 -53.17840185099183
4 -2.952914307434213 33.34518068195317
5 -13.411888749993793 12.17884048302578
6 -67.91164083066283 80.24525240039137
7 -15.29414561182503 37.9789237136728
8 -24.435842574949078 -76.75876726613544
9 -10.560508920151392 62.14219604942741
10 -61.11425801792307 -19.52601186781058
11 -87.79474999790551 8.032864001375287
12 12.866718602995235 83.16502265471604
13 39.53041819358705 -30.418373386540793
14 6.992257770319711 15.637612426351225
15 -23.046672570302107 -7.727410903668812
16 67.03708088741809 54.7087807637065
17 -83.9860951120148 90.45466104779666
18 -2.521320838656635 88.46293442084956
19 -46.38665618622024 28.35173486214518
20 41.128935167778764 21.957371755878114
21 84.62300769529705 -89.69001873073353
22 75.63370656147384 -63.801334962273245
23 61.47428479910943 75.2346150442147
24 74.9667135974558 56.768151698313375
25 -31.437387231487563 -29.167400041442065
26 -46.22960825771791 9.763718891896488
27 94.65050098533709 -4.808159084244565
28 -36.62683950664729 95.26424485129456
29 -96.94404555058598 -63.60858879931235
30 40.53893743907449 -7.688001647280245
31 -2.7357976642986728 15.251456731793908
32 -76.51860110148603 24.447441152234987
33 -41.29777595994894 41.995496864458204
34 44.40206476565817 61.11995335589236
35 -6.232805243237124 34.51189967609179
36 -16.212312035507594 -92.16303935126658
37 68.80141196657226 14.065321944701296
38 28.929248282780037 46.70313680243453
39 34.557945786223286 -6.2769569329254296
40 -82.39884353776439 29.040340852857838
41 -54.19727305502202 5.425143571017642
42 -32.43396712403825 93.06799400802407
43 -32.94961702443773 -26.458468330050593
44 93.54681337647764 82.16273949660896
45 -77.96722144889867 -64.07710941355788
46 95.53471588885333 73.00519991677885
47 92.35054319699154 -62.13327996485083
48 65.7779316476558 87.96082670428379
49 99.85979676892114 80.08366107592767
50 6.522616118407541 62.330715487504364
51 17.697415366697683 88.66336459575828
52 -23.44573156100398 64.64757843319859
53 46.45015389567044 -6.796763690891524
54 91.81417884532695 26.98084567407433
55 -35.17581726927716 48.67746240044468
56 93.84214795732916 -67.74581456837281
57 -81.72661659831078 -82.71224897334488
58 -30.476782517759403 -73.13241485309901
59 -55.603865810233714 -61.54866195927886
EOF
