DIMENSION :59
NODE_COORD_SECTION
1 80.06599488738166 73.79964401341016
2 -72.3700935161358 30.612470257157668
3 -94.43620227774248 -89.8728250429839
4 -51.44459398750894 -5.996988732606766
5 90.43945677669882 31.229105271765206
6 -0.2878695253262862 40.01162708947683
7 74.11824557173912 32.283958437643946
8 69.17109689962237 -37.639825944932866
9 -87.54173552245169 -10.908196512665597
10 -52.12411951805087 -9.004690176873439
11 -9.380396627306723 -58.142491301100385
12 99.57019048885124 36.58694862698434
13 -1.0040313630919968 40.475531988001364
14 32.23092324087574 47.1050276066041
15 -2.223592478706337 89.04202903791187
16 10.343845297411988 -89.99882975878488
17 -81.44366128587465 26.734194769575367
18 -14.164396983674507 73.56089188463503
19 55.51861790847778 12.86076771169759
20 45.20240433185222 32.281152813806074
21 -15.943034509854925 45.80175860086666
22 71.35213813976517 23.666983303586136
23 -88.68435910846743 38.71943100198024
24 -99.0965953456764 -82.36991032284794
25 -89.02922039949928 -0.6632586207401232
26 21.161401986737857 -55.28864400310931
27 23.680406659743625 16.74334712955894
28 -4.282810263690038 5.638209553017191
29 14.981715335218666 -54.89642775616086
30 -66.40655684369639 32.266925536836624
31 74.01569782723104 -7.695464896356114
32 24.086376753475932 28.748955260710858
33 -90.689178780586 70.99694810168825
34 47.92996459609756 11.799469702734442
35 -48.040939058397484 -49.855047454076896
36 45.13540787851994 90.23537593994459
37 -88.131002556105 -42.88443769244552
38 -29.164993996420648 -23.5109803557461
39 -50.61753057065912 23.50224495789726
40 2.6864749786178663 -93.40692667543465
41 22.392648248510653 42.2913644251704
42 -23.129859855785412 60.17087804052596
43 -51.79696460611427 9.644105068357874
44 24.43800356097357 -81.74413248528262
45 -20.281491696288214 61.480671676125866
46 55.75036036193754 -25.69748945863833
47 37.16097604022909 83.21764370570108
48 97.96201964573339 22.540467649331546
49 -40.64613288193242 70.42329845516474
50 28.996956511590355 87.8625724231581
51 42.72118429604939 48.81991212438993
52 -28.823407139638533 -67.27357829502884
53 -78.50153607174678 -76.0239531304592
54 -91.35639423748046 -20.91167580357694
55 -90.74549937527345 -75.80411962729032
56 -25.050357818169914 17.177536945617348
57 69.67427858936591 -75.47325296695095
58 -79.3480706905737 37.95763998296104
59 -86.34490628520845 95.47009656774824
EOF
