DIMENSION :59
NODE_COORD_SECTION
1 -84.50968598800115 -77.58891749767346
2 -69.88050460756585 6.895105135747755
3 65.69279657394702 -51.6780526637298
4 -50.44993060710527 -64.18169068699564
5 34.18425030497582 -65.97901204091562
6 12.102869797325226 76.1266269961423
7 -60.050436141932394 -71.40376175180027
8 -33.74235161037913 28.98525279258115
9 82.5289132184667 79.36127342786679
10 59.31476159687111 -35.41413233373487
11 -11.400409872390881 59.91252428808866
12 97.65011724185416 -10.945109811586562
13 9.825273577092531 25.896015886315936
14 -47.50892804900164 -75.24478033787354
15 14.630164732823772 80.64285326569319
16 66.07782590579595 -82.12064183214645
17 11.282102635371729 79.12205894883502
18 -26.573656663666668 24.14554850449929
19 15.64518527399079 76.19824397284634
20 96.51044679515059 -8.42717386832284
21 -65.8108956071109 33.97071571021385
22 -9.467735679582503 58.724868771003
23 71.31884111845673 -56.99024674729507
24 26.051791170325018 -82.5234348761013
25 89.81514434062555 83.59472994711737
26 -23.90214838295155 51.271364874101266
27 54.15245153226235 -44.40209470834231
28 -56.01560389695963 53.001459464966956
29 -31.312162777055292 39.4467587275945
30 -84.59248294078895 51.0569482758622
31 -13.809171328257634 15.636755497277562
32 -52.49982354791462 27.754194914969574
33 6.91070648084262 -33.44442236105422
34 17.873311317623802 1.2676419430516006
35 -85.6456572895541 11.918826307973092
36 48.273299940314075 -39.646591417518366
37 1.1742330952535696 -12.093676161828057
38 -9.662410745731933 90.56705676909698
39 27.04297739037753 -29.872805251697244
40 -84.96832337383582 11.342015014176823
41 20.116957322186053 61.830955783599904
42 -17.297705138390825 55.20912708685495
43 -15.331427355583259 -78.67907413776105
44 -12.716837254728702 63.60196834886278
45 -90.30705045163432 -13.684735776582329
46 66.04120455419297 -51.89351526233838
47 86.7715768515857 68.04016611101667
48 -54.6471551165199 -28.32224903301868
49 -59.79810130422205 -65.87141799272351
50 -46.64870452911158 -58.73942823462743
51 -51.62149909832452 76.93709235797019
52 -28.112401665856225 71.41474570122244
53 -7.362004177011201 72.68253772750418
54 -76.90046267867581 -22.04009750668925
55 8.2563593779972 -23.160988844518045
56 89.98416788183968 91.31886399567969
57 -67.98602092919113 72.52505887061685
58 -44.27865254951988 -58.847435377983935
59 41.720307426045565 -8.850197533667824
EOF
