DIMENSION :59
NODE_COORD_SECTION
1 73.43214097593571 -29.822046564981733
2 65.81023930057569 -83.169376778039
3 -49.34486820509649 -76.31360690011178
4 -62.83659057004884 72.94770240840282
5 -88.64979332435254 -58.73752220963586
6 -38.721140409103995 11.36312918672104
7 29.00785392852842 79.05004458716567
8 -0.654812239746434 -54.33011286036147
9 -24.017420211321422 -28.35069787702747
10 -85.9449700531175 97.33084315038317
11 -43.138438411505845 -52.8909675805179
12 11.242171353496559 -53.905317661124826
13 54.41057640389971 60.28364505542535
14 -76.00601272581275 77.13671610311636
15 47.356176256200456 -30.12134198316228
16 -73.66972606904147 22.611371743611215
17 -64.76022420481124 -37.95289423855135
18 5.141049254373129 63.467157607898145
19 -37.194252659576144 32.1885039585479
20 41.927606047537125 56.78900394405909
21 74.86228487550963 -23.35894809772701
22 -40.0075096794184 -15.403045295443007
23 52.280297763171376 -82.75323649726987
24 78.07573102936072 81.94421151353313
25 80.77219181764565 -15.691590446871388
26 -21.96374296664851 95.32160326921101
27 -13.681035234405513 17.24603889408573
28 -57.9711670695237 46.78964657620901
29 34.59051352186336 -92.69992914115338
30 43.72866530047321 34.923369082234586
31 36.43079761118207 2.916916958675884
32 88.50705853431776 90.56921036700024
33 -72.54414705112504 25.992171665381463
34 -10.936568753922884 -76.42273750750795
35 -2.960634007748226 5.935523941088277
36 35.8702514672307 -53.913661470142756
37 -69.56296029406266 28.560510000522328
38 75.88919754434974 38.603209658298255
39 -2.4725262382675908 -81.90862744695792
40 48.36836876196375 -62.96837151228842
41 72.62398331550023 -76.88165576043617
42 43.13187275040619 61.97066832783875
43 -97.96178624735607 61.12166891615735
44 44.624793468054264 86.01601251584194
45 -50.44698297540995 -8.776180522538596
46 4.077979716383112 -59.53805717269645
47 44.6886568171513 -68.88159720125088
48 42.50878745341856 99.71575242107153
49 -65.37706970809629 11.663262433358426
50 28.875323174699844 49.900432808421186
51 97.85232889121224 -28.585567957260665
52 -99.44657534605462 47.535517573102595
53 16.158016984630535 33.41660980028735
54 97.40715916550712 4.850057012602775
55 -78.83315776761492 -22.14517055374874
56 -33.92492244795203 0.19573427354615092
57 32.77430910977054 26.711229737441585
58 -42.30383404054201 -94.80784038092773
59 88.9228301664682 -9.640295511904682
EOF
