DIMENSION :59
NODE_COORD_SECTION
1 97.04304334242931 -67.60628030184532
2 -95.46846050103935 93.36740543940019
3 51.26231284375166 94.40554703669227
4 1.491549492376734 -57.843571465623086
5 39.9295544393797 -17.643508061156396
6 91.351989305677 32.145301436089966
7 -82.3328373351253 26.53052225312878
8 68.58556988199553 -91.44473714691081
9 -57.18442634479053 65.3984555918914
10 -95.42083310450138 86.25730741399224
11 -6.944338853777694 66.83312545809392
12 73.59531989073201 -75.39276191147309
13 -11.698599706050857 24.51626172619801
14 64.5836476544894 92.40463682998771
15 -6.10867971679987 50.66132175417647
16 75.01534041404682 -75.72414723898713
17 -31.291121859342525 4.340588485326833
18 90.14032958273052 -71.42994042467802
19 95.71347162778437 44.118978266912535
20 39.543413667563755 96.8966038288712
21 86.46532088122976 74.360956210793
22 -7.397933282292797 86.72086899483085
23 -13.420958434728504 -33.50887778115768
24 5.425323341636641 0.9749281543487598
25 25.6422696114752 79.65300694198149
26 64.07962548460236 -27.571622188667448
27 -47.01270164555229 -20.375223534911058
28 -17.615909883906156 75.60377264168241
29 79.80523680027619 -39.48553280183733
30 -92.71573991439355 35.31013522482894
31 -91.55628625240755 10.671615610313552
32 60.789925375618594 -21.59291894308481
33 -28.66920552750696 32.41604051522188
34 -95.31086475993081 84.20119827213094
35 -75.18072949358285 24.59869253242381
36 52.72718247406684 28.91534621320625
37 47.34712670375657 -32.32646642081207
38 -25.33418360832033 -9.039402437514326
39 76.66140184372051 -87.12654391885148
40 37.61449325388506 86.27961238878552
41 -12.545567494981952 70.24735067046865
42 -87.74785340841622 36.81935878702737
43 58.61285089349491 -85.27062316791938
44 35.034394500903716 40.23003940839476
45 8.381333461669982 85.07576605912371
46 62.207710802116566 5.176248429835084
47 86.09470925495461 -62.58166241069161
48 77.42870803659017 -55.81460015567885
49 0.733542565004413 33.348065851713784
50 -77.98687214609619 -25.25247389773469
51 39.40982883590479 -8.143854249627822
52 5.315822665845474 69.41966100100029
53 82.99113486533761 15.123922736457956
54 -77.53055022283581 16.97696282542607
55 61.42292415545106 10.067319756317872
56 -42.31372569723777 9.191985886391365
57 -92.08947411716038 -29.294805034982076
58 83.55393705217344 51.61235552839588
59 68.97357572274524 -39.16454839371133
EOF
