DIMENSION :59
NODE_COORD_SECTION
1 -64.48745865416403 51.02338221294954
2 3.509852840274334 -76.1436011432542
3 -35.69633688368134 -48.297787380872805
4 -53.69328730287879 63.24659109348352
5 20.690429744495617 -89.88207239247099
6 -99.51288295643049 -82.39037342371802
7 -31.48288568918494 47.68201451109067
8 73.93761684542838 32.41238758498196
9 -83.13547707688579 15.820319202308397
10 96.79691401822643 -76.52503545516795
11 -56.17289463319057 -50.593981274741374
12 -92.17578705123735 -63.870814417837174
13 -58.46268132639969 -55.77539034847856
14 -13.8975925514725 21.661760677742876
15 24.606497409744364 39.36081537567421
16 -0.36024660579359136 -51.642340377491294
17 -51.74707003281074 16.061368266761434
18 -37.83957168692365 35.748500408323764
19 67.73950699845352 -13.458352926186706
20 -9.649305592126595 -96.79027872502233
21 -62.655214902920875 -60.6316689795233
22 -63.94581514136255 -42.160589375548184
23 94.94290881412289 -67.5359012605555
24 -68.61382004549029 11.590704531316831
25 -92.63059785456629 80.4447036101459
26 29.46353866730351 -86.08121042370237
27 -37.898599433764346 69.91260012318995
28 49.423225164712704 13.74243840276506
29 -17.617580293286082 54.49545644294864
30 41.629200298570225 23.309374979160523
31 15.773386925796103 30.832023648718092
32 77.44388459853465 46.593435872160626
33 -99.78683212774739 -22.628263430916462
34 -62.333078428642196 -43.85905592882801
35 -52.976598701831556 -50.2314284794084
36 -75.27935032395456 -45.17752619998845
37 -3.1059685565076194 -30.186191560761856
38 55.88813184487432 42.735417616720554
39 -97.26253752103817 -80.73376976464695
40 -91.61370051113997 24.541794424660196
41 72.40084616543399 -44.39739171877171
42 -18.216882284897906 38.81472867058275
43 -35.42242840574828 3.625059457561349
44 19.244498497036773 -31.493798435016004
45 -27.139430483098266 45.02630161956941
46 86.32304894453884 -99.56231809998624
47 -44.26836108201102 27.42752634313635
48 -55.5226510659246 41.75425683378981
49 -25.61748397699455 45.067980887061225
50 -23.76286369351061 -27.427919328941087
51 -14.384949561765481 5.239171643234002
52 19.906160131981835 16.58787430231766
53 -96.33067736951644 87.72084645854926
54 -46.07888461693705 45.20836110738574
55 -7.319843685509312 -71.11016195748086
56 -65.538281414949 -4.203443823085479
57 -19.435972011377615 17.83704232861463
58 34.63331368596579 -19.07905970756063
59 -4.510071649329689 78.74170981215516
EOF
