DIMENSION :60
NODE_COORD_SECTION
1 -58.7959726000191 72.33989011876
2 10.01615649722308 79.89185598667115
3 14.010202984104353 74.36304841202553
4 73.88127187493188 89.82654281808641
5 62.58033533561485 91.39122836989449
6 -41.81445808518964 -10.69889998823264
7 90.03523777298187 89.30474635980644
8 88.64159330007288 -87.87735147242502
9 24.980840837161537 -4.803554426196939
10 -24.910659700310703 -71.57242633586324
11 -90.03870958379241 12.341176740402915
12 -7.3555992438647735 92.70962484244427
13 83.89186091364326 91.4268997689482
14 0.10332053506114391 -18.745184842119997
15 33.551050852712365 44.503728558484084
16 1.6419965006445665 5.9276646261103565
17 21.437770136176553 71.89628333346118
18 -44.304764830089404 -34.33253625036727
19 10.776114060433144 -12.636284631338611
20 14.006905304929163 2.717207383820508
21 3.1766762599225444 -26.919000963128042
22 -65.80815654045749 -32.477952665966754
23 80.44009826559096 73.55393480736282
24 -49.247975593957285 -35.60201269398273
25 -0.7850415294311262 46.36952813991516
26 12.341303188544941 -50.51417110245622
27 -74.30130449167325 27.722404131322946
28 -2.8256366871423353 83.16923481476113
29 17.296924134317536 -58.052973974578336
30 -96.17272474173176 -98.95003461870742
31 59.13293167782368 86.82443907288601
32 81.27852112562039 60.73736004221354
33 45.52577511030083 60.221488876723754
34 -90.1091168898251 46.12323026842978
35 60.03195261812101 -41.3406248024049
36 -25.863756511588292 -33.522698616138456
37 52.37219761892783 -25.302414674448187
38 78.21686649680149 74.61256089724529
39 -63.458531123514604 -52.44183089027761
40 47.33822918554546 46.53379752002806
41 41.626798017522816 80.20457854223733
42 -69.75984339169368 14.39667734519307
43 -64.66577215039193 -73.87187346285083
44 -27.30551471201828 25.268919530309432
45 9.952622480835387 70.38443418031599
46 -32.970935455151746 10.098990671702794
47 -28.541331748764122 81.96101103252803
48 99.3394768567093 90.46195311136296
49 -95.30596192791964 98.34648153381741
50 13.90143084217597 -74.93390048101287
51 -98.97792053709462 18.210772871555704
52 93.39829709348393 3.668046498839999
53 -70.40179722872564 -75.60520366497519
54 -86.07009729130104 -67.04188180930018
55 -90.63555993710344 36.94717423702997
56 75.37013225808354 27.14176923818421
57 -3.894605504053388 4.734602515533368
58 -69.5073714331087 -84.64296761035905
59 -62.620707632252895 84.19152493754564
60 -59.61475424764944 8.731849883594236
EOF
