DIMENSION :60
NODE_COORD_SECTION
1 29.267315700521777 56.800428016711294
2 57.25229658883865 -30.894843319824417
3 -7.0165866178760155 38.57870599750507
4 96.18430761677843 -24.330045220176572
5 -8.827866192308392 22.008338389577432
6 25.960166135837625 95.90714623942085
7 35.06808963144684 -87.33622327696722
8 -20.162906919583776 48.88274746879674
9 -46.643689341076325 -10.191555465883752
10 -50.10825460628428 -30.44952846693127
11 36.9451054712373 -86.34492379394965
12 -76.6407207138557 39.88495226070498
13 -3.543373218002017 -74.89403353902067
14 -22.103279053385876 53.257163833374165
15 10.248698115485325 -88.46120512314262
16 -11.708616056243997 79.8560294925527
17 60.508347487980274 -16.50724515611806
18 82.486644044249 62.874240459759676
19 -44.06622079140254 9.64877256827306
20 -48.60106635779853 -31.65966478756556
21 21.748228851920942 -8.713282377823532
22 -35.14854625505015 35.893212273067775
23 1.2657137074023552 22.441488412127384
24 -24.948491427619075 -66.54073898078461
25 57.955126480991225 78.2689779762168
26 99.39014532561026 5.706391401791194
27 92.92584094534806 1.671955263741694
28 65.94410404223314 -75.68670030119604
29 99.98446816443666 17.02502523555563
30 77.9118705711694 97.506305650071
31 -31.111054298380367 89.87672396255576
32 7.317018283229416 -23.019671421825436
33 17.152807541302508 72.79615380762834
34 63.663676835030884 -87.76561030837297
35 -18.271052552390316 30.070269047227725
36 99.83052149592365 45.51631385638831
37 34.12874223205341 17.747357809649642
38 15.341172973153832 -85.01474497093847
39 -3.990899469911497 -89.43900449396564
40 96.25056778773256 -60.63529451797254
41 -73.01360580146803 13.558037586137985
42 -8.761666486429462 -5.727194319750765
43 32.41287958619088 -26.20683052666351
44 -34.89821740114469 58.58078097058842
45 -3.922209087325257 -83.75834847787723
46 93.6927455553433 8.564365970686964
47 -18.72816450101395 -31.87910228600343
48 -31.55601720084222 68.27719133997115
49 63.38029890483119 7.1006589036369405
50 63.98247846627615 -13.510830650096864
51 -41.853280131614554 -28.57943241501127
52 -11.071491754469022 -96.30308161622168
53 -8.024571099405705 3.7229632314717946
54 -12.169093794631863 97.12739696254201
55 -75.88198123510861 65.44786188527658
56 91.29055194709076 -52.68004542490925
57 75.31521329082017 54.92609892178413
58 21.6756399875821 -43.213970044396376
59 43.44226377639862 89.8456723663474
60 -46.56619213913624 69.40989544892238
EOF
