DIMENSION :60
NODE_COORD_SECTION
1 -47.940923826205825 33.66760767362783
2 3.299692103554719 47.53341978876969
3 -97.96352001838213 54.250628061242566
4 -41.67477587414332 8.505574475534615
5 -7.057454317105666 45.81346898585332
6 -4.069576517218223 -34.32047038109107
7 72.49990585567312 20.918205652688826
8 -55.96653023926199 38.481349687963075
9 64.09216268124669 21.93625971339219
10 -24.805357111908393 4.628876945483839
11 85.1661440915324 -49.395484324145976
12 -38.84125528937834 43.20302406948119
13 -80.25415606834571 -94.8141748894467
14 -6.854448588889113 -3.7969905043570833
15 50.60614894300301 10.909021770604284
16 91.893412377978 -77.75118173477075
17 63.880962554401776 -11.847567803642491
18 4.3127070186806264 65.5083526655508
19 27.356996971505666 -7.125816102282911
20 -62.292627624797746 43.590645854708725
21 13.43096622957654 -14.918531113213447
22 -82.12566121176894 70.06071421281797
23 88.6846028757459 33.670089030421735
24 -26.00773246121622 -29.604389261227837
25 24.258294391307018 -50.245349667616864
26 -48.9374938464255 24.61531937866232
27 94.68094039075262 55.648784185701686
28 29.766732438721846 75.48619144086814
29 27.539929269045942 -57.05603056567254
30 -6.042542425981949 78.1087030061598
31 42.35196341302711 -49.325581989205624
32 -72.40111084299357 -65.13464418507414
33 -25.778229655294837 3.344668000193039
34 -54.1725933059265 59.118630993922835
35 -83.64748733943168 -11.364421972786488
36 -31.097563075042743 41.71289212057167
37 35.19811790693805 25.893431239836545
38 33.169932885170766 56.24836126028654
39 13.024428356491427 -20.954044920296425
40 -0.23752268175331892 32.259144823764586
41 -45.127492574559724 1.3781252759915077
42 -30.388690826729174 -50.15852234789764
43 -39.60583532418127 -35.3603300616131
44 42.44739626742526 64.94246939575069
45 -94.24386874726696 -78.75473602125618
46 67.82001063738426 61.43349223427765
47 -93.21390782851114 75.86746363697108
48 -72.23696452014087 44.2566376817897
49 41.76011172804107 -98.48851841490884
50 63.59060048464676 -62.653409044807475
51 0.7078003104407742 25.200007519122565
52 13.405377673349903 30.69439635384549
53 -2.1621214179929495 -70.3147355320106
54 62.25429308055769 -67.16637873341537
55 -65.33639429267208 -29.85537452704233
56 -76.53194578673094 28.193500915776923
57 33.63388640464879 88.60518126318581
58 67.57243733363259 -86.82229585638648
59 -24.447444165022432 -76.11839763063
60 94.26083845871585 -9.50857371489586
EOF
