DIMENSION :60
NODE_COORD_SECTION
1 18.026228883709123 82.91523169265776
2 -13.785022345913475 -90.95621425505487
3 61.12477602110789 -11.533370669747157
4 -94.31464904797018 55.177421612764164
5 17.231326665260156 -9.595985002739042
6 -81.52753524782582 -4.608543451529684
7 -79.26684417455266 -44.47675759686987
8 47.235318666382426 -86.1530398016935
9 63.01611049066736 20.15192500419988
10 94.48929339989712 74.08762614165204
11 -88.34692395888241 -85.04720213865156
12 31.119611036506512 94.88886758834025
13 35.71830267543535 15.068350413834878
14 19.258536498806265 5.491697181243012
15 91.6037618762287 28.234817918608115
16 23.609566428785044 -87.91211869725359
17 -6.559652604272358 54.78281920062756
18 -99.3465611296473 19.3368666290733
19 43.20326580193222 5.980931653818317
20 71.7723374262984 -6.140951810135633
21 27.80749749271824 50.96756636483494
22 -15.819765506455184 31.064077911546804
23 -96.02416331227982 77.55556037609819
24 -57.351184555671566 92.33681444950267
25 86.38850876755956 98.48294840129535
26 -44.62982295736826 16.517808934204112
27 -69.40000143080782 -87.77747697571219
28 -21.10122225138508 -22.22095719704022
29 -40.56481203981475 -63.74824257090867
30 -30.033057812554702 61.40990405347776
31 -79.94638756387181 -29.276262893195252
32 56.06962730801524 -40.30773934785843
33 78.59701452813533 -78.23110303725127
34 -77.9342782033676 -48.042248759977156
35 60.31214749004789 16.19631064202916
36 -23.355120898677654 26.084294803307756
37 25.26714053315098 -26.847550082984938
38 10.360172976758264 23.102990184006856
39 33.25645761083601 -36.665735319953676
40 86.02870519536242 42.2506338504364
41 96.21596639998407 -17.357385763078355
42 -87.3463848967982 30.717068968019476
43 42.44622242638917 94.70112673163322
44 -54.37725265157598 -99.49925617080278
45 -75.83142251634033 55.45453227482437
46 -71.20946206195578 64.19984846903088
47 88.41542174055371 -76.90032508154685
48 -51.84852481653017 -37.76948418613484
49 0.9822585811459987 -22.108536025846902
50 -97.83514279576082 -34.12246513784372
51 64.14600420342583 28.90502101628087
52 10.392324017156056 -16.252763528945664
53 1.0803966556439661 -31.375591042280632
54 -20.038985016063734 -26.3938442210671
55 93.3760161612712 51.26736733951884
56 -71.53311408123727 -32.746824694014705
57 52.79891887399364 17.044509861138835
58 -77.71572064614 -47.01310225423014
59 -15.601515809529218 62.09060626731721
60 30.84933891122793 28.39416024365576
EOF
