DIMENSION :60
NODE_COORD_SECTION
1 -58.98654044334186 81.3410463130233
2 45.01358112953383 -18.012107717404334
3 -4.640840338493987 55.94479565102577
4 30.639124113641657 -12.75433913277979
5 -27.08815564887057 81.33357447765013
6 -49.32418637298088 94.06504681863862
7 66.63634939822327 35.81728111474365
8 -41.18791934454489 -80.10915811590567
9 52.62551397289471 77.21760094824538
10 60.35378618852815 79.74295553135389
11 -58.844489682885495 -7.209233652413815
12 43.93875234434154 92.9038992385272
13 86.32060180696422 63.370973190244484
14 11.20143362360335 26.815778634188575
15 -40.98579819934396 -54.621806128679815
16 -84.88832634590698 57.31887389779834
17 -29.750371128599838 -91.87671570778272
18 -34.43708603873404 48.77795522160642
19 95.29050339545597 28.882273136881906
20 89.88693537640714 -86.69346381127838
21 -6.212583724276726 44.50086166314071
22 46.323608722745035 95.21333449947639
23 47.093804269596205 85.8291621780015
24 80.07585909290552 44.95926571798276
25 41.16086845292389 80.07575108394309
26 -15.568503599584815 -3.672622624351334
27 -88.1123908286727 -3.79069973456798
28 83.53517800825486 -58.82785750903117
29 39.52884430103211 -70.17507436413567
30 -11.25474197380629 8.028687921849695
31 29.74054859527655 76.43160655569625
32 -2.8879553428497076 94.02646142903441
33 -48.931624161488905 -74.09396380002964
34 98.36520325657162 -26.033921661326545
35 12.161885915518184 -74.10270078365933
36 -64.09997120932906 16.081945815084822
37 56.72348578209886 8.255889836999032
38 -72.39657198840625 70.9275059109554
39 30.177689820156274 -49.90038888362926
40 93.96243936581345 67.9839061400917
41 -70.7271557201469 -50.08204960986635
42 -36.25065873120607 -45.99300233154495
43 84.30404676315538 39.15563421211496
44 31.679159275687198 37.791582627518665
45 -56.627449519304804 21.005075932087763
46 27.786878172085423 -32.05401978471214
47 29.073462396560785 -69.32347449617546
48 -75.1267462715133 63.433937279781645
49 20.230224038911416 -54.79622899218
50 -41.78039588816216 -58.94490382963811
51 -25.229270158704907 35.88234990662369
52 -39.126335407636795 -60.3008707466268
53 -45.43327349242172 52.7261966064691
54 28.159992663469524 -71.87709766948231
55 -60.965468521153696 -42.13217579644435
56 -83.32987802579122 -98.83606208334032
57 -78.47828588935246 -16.383839320469008
58 55.83908949136776 -81.28241684730853
59 70.98102082959599 -19.074856452976064
60 4.31664048377074 22.46936590686397
EOF
