DIMENSION :60
NODE_COORD_SECTION
1 -96.05397180126076 -66.67243881904184
2 81.63302102674965 -39.92214031024699
3 11.242763691493309 1.5595272198406036
4 -71.2701368765622 -84.70739118612272
5 60.975334593577344 -93.86289893857618
6 -75.08126201358823 75.5777149206061
7 -7.06783341942554 99.29274942383176
8 79.10173812899896 -83.13379966005454
9 30.944325132608157 -99.6998324845756
10 67.76850764750856 -76.9882408424296
11 53.865029985628524 43.293628607651186
12 -38.91439447278804 -98.55543451670536
13 5.865859636348176 4.224952426161082
14 -49.27979000104157 -79.12451403732865
15 65.66035052294708 69.19563270607424
16 42.46582660640465 46.27450569592804
17 -48.507939620075646 15.19075295367709
18 -0.41085396910665395 45.76325168778902
19 -22.799118842785475 14.280315859094372
20 26.91883393810876 -25.274443387056692
21 94.40785477422247 -56.35722480708103
22 -28.951464924763414 4.354119570549514
23 -43.1646805035983 86.30455858856857
24 -21.37196739754637 55.0153018625997
25 25.005857132389636 41.27839609614742
26 2.567897995192922 -80.77176923251095
27 93.03994737214921 -73.1775490571897
28 75.08474947463023 14.718389669690396
29 -36.00112628712972 56.83119513862951
30 76.86560613074792 94.92000206875684
31 -73.80396690856095 -2.0919500056797204
32 23.231469128799404 -37.534516176324814
33 -9.873779392217159 73.4590053667246
34 61.03186473140113 80.61440309996664
35 -65.86081965957456 -28.814741277936122
36 24.10356585855402 -41.76160377075284
37 76.71017294048713 -68.35778962932346
38 -69.52169203478226 95.89252483861287
39 -55.86309914644634 48.07108299545973
40 21.125885109249438 -76.33230927468375
41 34.71873643126551 91.49850850901882
42 37.87055619180978 -64.06725857550771
43 93.95066784452752 -9.86146395676954
44 17.220298884694003 -66.26105570467692
45 -90.00895957654103 38.42050652747139
46 -62.8001008227135 -77.42633631949778
47 14.6386840988864 88.50540689114393
48 95.88058991362988 -18.686034214321268
49 32.281553859793235 -14.057756800169258
50 -76.84961111644026 -82.35482112732402
51 -42.24435592350506 -48.844839338318934
52 31.370853213488658 -44.12678661045986
53 -36.220578188879756 79.74101258431227
54 95.91763216991382 64.97380045780042
55 39.60567176964133 37.09620659116712
56 23.20366403860791 27.88563203656247
57 44.759116596729854 -43.319336481231474
58 11.635434418891435 -22.53142086589139
59 25.204789660969837 -83.73417897108754
60 -59.94567248973639 80.21220409990221
EOF
