DIMENSION :60
NODE_COORD_SECTION
1 40.17401480785759 13.840552078476449
2 60.93946834156759 -80.53009450771873
3 -96.15585413954271 21.6021729202605
4 -62.85438263746042 50.56040841243262
5 -70.06539580140894 -22.24815749271862
6 49.391777119700066 -57.958027277922255
7 -55.79616224953676 84.51852278881546
8 -69.20508123057216 -20.19564801081259
9 -73.79404745284057 -22.106074899512862
10 -30.018636276580793 44.31375853606866
11 -76.72406397756164 -14.217517013438922
12 -31.82368044367807 41.63468839253787
13 11.168073162889286 -83.13641409146422
14 44.62194230920704 -69.85484717161414
15 77.59873274873812 89.669344268233
16 -83.71770586414496 21.686717596491206
17 -25.328614381982263 32.67006549720787
18 13.14492438745907 -52.19505239198483
19 -62.861911997061306 38.69874495778777
20 7.030484083245867 24.89980855539544
21 95.678432802613 -59.165006472800876
22 -70.32664982445309 26.519618803121233
23 27.853395112732684 91.90771247764278
24 -65.06232483291262 -23.30364783343937
25 -15.881870246414081 -23.934885549169095
26 -79.61499329178659 -84.8660446242933
27 -97.74573374449768 -41.60041280613811
28 65.01107454832308 53.225608131674534
29 -19.19106649784146 -12.59601160010142
30 62.82091500979149 -60.71026211173314
31 20.604170061156907 5.075096470321739
32 36.013127448843136 -17.92120871764986
33 -36.892950252151024 -9.231058509314138
34 -3.104478630361541 -56.47123820364157
35 55.427322177220674 -32.54823289631888
36 94.25609843502838 4.8815648662665865
37 53.936031330667475 -67.22043564091035
38 -72.23524732646476 -65.27361176276594
39 41.975017247390554 -57.52198891258609
40 -56.91728824802846 -56.82975685412648
41 -18.146075457282066 69.78390649201356
42 -69.29171277628058 -6.738051119100149
43 47.307701768434384 92.24804754475412
44 -56.810940537573714 58.95793190088165
45 89.81433762241011 -84.01127671749636
46 -81.81782135144 68.33218910386341
47 80.64902247024784 -62.4760086915352
48 -51.05395350576105 51.396862992909405
49 40.277520417250344 -35.40005427347414
50 79.1981739037299 -76.18597014166966
51 17.668088589180314 -30.02870368074602
52 -84.1243724560861 -19.05685288683972
53 -85.67213616891235 35.87964773247219
54 51.185944922270295 -48.917070645335855
55 -38.65379794904229 -37.98616783331548
56 64.43809152902162 -37.569732073273784
57 52.45395125515037 -43.9741655567441
58 -65.50554280377 15.193013171158526
59 -87.91567477424967 3.2148519798588637
60 35.2865934028049 -81.54254916269198
EOF
