DIMENSION :60
NODE_COORD_SECTION
1 -10.094500518150397 34.81835481237181
2 85.30456132213521 5.511525106856936
3 13.482712954207045 -22.916289553473106
4 -0.303180364623131 85.17603608450577
5 11.255080978194883 -62.738386604352804
6 15.872093858435775 -83.97533318386832
7 -66.51350506223591 54.25856445246393
8 -70.20492431469626 -22.15358987381508
9 93.43775815313919 -27.88659054672253
10 -57.138907970230335 -64.86109100142248
11 24.37016974950656 42.02620527598572
12 56.35204921585196 -50.185633278131704
13 28.343865058842113 -42.5323998712394
14 25.378290368257822 23.607659299180355
15 81.34341463857083 1.403081350241365
16 -0.9543252154964961 -69.04064448461136
17 -46.01028144601427 30.95563527021784
18 33.93910638503013 -59.93962732686433
19 -16.926242458036782 -97.63064159431252
20 9.615046542930969 87.90913346032875
21 86.37437937939632 47.92559580946326
22 97.64723114763987 74.6461062565927
23 -48.3011507313835 -43.49767070747126
24 39.871330254848914 73.09467431770557
25 50.811445869230624 -19.243490595215704
26 76.82589741800055 -88.64864110699313
27 29.891918889635605 -3.5518248706542437
28 33.988437227978125 -20.56749448978769
29 -89.60774386895238 -26.785841286125006
30 21.25706576986444 35.39849431430878
31 -2.3632889454541157 81.13838888431212
32 30.22975757608353 42.04077468498815
33 39.236627913869455 -46.24534198693298
34 24.18474302782934 52.13094937349388
35 1.3681540344648369 -44.34294894906048
36 -92.73282949416652 -21.604793969202802
37 38.18750454697269 -38.3179939212813
38 32.23873752188615 33.79155762027946
39 18.135002077714233 44.66526107417303
40 60.24856794968068 -91.66870808504652
41 -59.39434445997773 -9.934080640886279
42 21.435061029145388 -39.3998416760061
43 -72.55932445318024 -91.71109922227045
44 -58.22979390293972 45.29889925738314
45 5.9207421127611894 -0.6738391966888457
46 -0.5907732375411285 72.53675119988813
47 13.418606497408007 -60.62389949627263
48 52.910057070111804 0.27558703332914547
49 48.59497820125489 5.389628142161811
50 -55.961240924181 98.23653234592308
51 -30.001700243097005 -68.96950072111893
52 19.478458904943707 -10.255160345937256
53 -99.8443579253936 -3.6735815219502115
54 38.61104354684639 -22.597072895040867
55 -68.28166777308671 -6.6732930287878105
56 38.642300159639916 89.1455290083855
57 51.95268550041936 81.37118811287033
58 13.692894201009182 -56.855016328391585
59 -97.1573669124535 -51.88589703508188
60 31.078985155963267 -76.80123329908206
EOF
