DIMENSION :60
NODE_COORD_SECTION
1 -64.7609470639027 67.89371520110865
2 7.3604876762576765 -33.53281162901773
3 -65.9312170452396 -4.407968850355644
4 95.39677414222248 -44.94650553819641
5 -93.03446879077522 97.06427233181597
6 63.87051072907241 -55.092321703375305
7 -53.81769355457886 -91.69715890573045
8 -67.48771384882554 85.49128324493168
9 69.63536070642903 51.20918216975588
10 -28.602266246897855 82.97909659073275
11 -17.456227102913545 90.56689575899986
12 -78.22581302480023 -9.330671697653386
13 -91.97555870041927 -42.7870058283635
14 -65.02098558312184 -86.02854468312168
15 -32.809400606301324 -1.9176169523693432
16 -71.5450595351196 78.63505249436423
17 -3.4714906996817945 -27.410359235532766
18 -69.28110428328725 60.29705627480729
19 78.80355330179216 4.851308343777674
20 -58.75726812645314 54.088848758413434
21 33.47349149462403 22.54089196096936
22 66.55562307551057 74.95872267756013
23 63.563251243606544 -34.29208690439536
24 10.479428026302614 -77.47068099065132
25 88.1821693451895 32.6813164352796
26 -5.739892965164486 18.723611177214266
27 3.341105770097073 45.216726449913324
28 61.4595514171468 32.057229011282715
29 8.453509078320721 61.33596815067884
30 82.8239981985048 -60.59116754205818
31 11.881013238248102 41.8464723800889
32 17.946572355677844 44.24436012844558
33 -13.8892600641678 85.3171107633355
34 -86.60678531549107 69.68512426129487
35 -18.37200928458141 86.32615682534839
36 -78.93729517937021 -24.52642032144996
37 -71.72536385353847 43.08617356182134
38 -94.0969008256583 9.804887018798297
39 -46.139937134294115 43.08947830963103
40 -21.291503269320458 -99.84365493115949
41 -67.98194341495483 -10.792768205120069
42 -62.42849143636413 11.660729099215033
43 -65.22038888859504 -6.286097051144466
44 -69.33152073406931 -42.76608871575904
45 10.058160421085518 63.998221538483136
46 63.40604459562755 -69.41913984223025
47 30.220424929788805 31.26059946894719
48 -35.44093686750027 -48.63153564164004
49 65.14239295808449 32.28615960291364
50 98.88172103076417 61.26754068945661
51 21.626767416067267 44.421525969528005
52 67.77498365651405 90.23044890665193
53 -39.215374307396544 -4.82736325456257
54 74.9452474217727 -75.71512588034676
55 -44.03938400340508 20.379859585324226
56 -49.40944736459558 49.288343644931444
57 -13.992367288724509 -71.2842123659206
58 25.502283162031674 -80.49788771873676
59 -27.806578284375377 45.29010101332
60 -74.42808398521068 5.507124660333233
EOF
