DIMENSION :61
NODE_COORD_SECTION
1 -97.99406478082211 19.880998322526807
2 15.009455066257416 -18.130814775631052
3 -38.669892412914784 -18.72117583523334
4 -34.08249763730511 -9.346229630598742
5 11.929667172421759 -75.59233534238354
6 -76.91486988656591 -24.621748040936268
7 58.64707817230118 9.802041597953618
8 42.42514263887625 -87.11624910272423
9 70.53603111932202 -79.48363739254432
10 54.362498166246496 48.27916493002968
11 53.04207705084821 -88.98348682667157
12 -52.62057982668797 30.118636313693003
13 83.41052720836916 56.75138957937284
14 63.679954923867 -55.996278738796605
15 47.97520708515469 16.153690634861235
16 18.772147756323236 86.53532663448726
17 11.583153325622447 34.98326337230401
18 63.99243442259237 -19.670462499589718
19 22.261976613679906 72.34040488203522
20 99.4734873955523 20.850499528284544
21 -91.66187303018532 8.340583347923783
22 -85.2166774534678 67.10256662127
23 60.565877562519375 -94.643884250926
24 -14.560020198943718 40.76308989074141
25 -91.57159123752254 37.89432328898354
26 85.732706224324 -17.873899189965826
27 -2.3760891733532503 80.595840666719
28 91.75709179201937 26.266402654410555
29 54.85124752300962 49.50083147473771
30 43.29822164142897 9.12253575350033
31 -13.638780381400977 -71.3552152107739
32 9.172426117878558 90.73610512058463
33 -1.6589757919183796 -17.79022151439102
34 -42.135246378307926 91.6741728892049
35 -49.94881405743523 -48.12887791248175
36 73.77595946890031 -21.299669056634514
37 54.73561017495015 69.64327015244396
38 -20.880778804485757 -92.95078536536559
39 -71.3228446379691 78.44306771033644
40 -77.51652745948887 29.198209107536684
41 -44.627460580182586 45.75241533634272
42 -22.693270179473075 -86.18069196718838
43 -20.347924816509646 80.17647504748885
44 56.97944702933691 83.63294721247391
45 75.67118789906746 -83.64239679268371
46 98.02430292037471 77.17484100482744
47 -56.947694898319014 -79.38067123496133
48 88.77571114442716 -32.97412073878125
49 -22.942750846298424 -12.121320130024628
50 -71.79152530238784 25.84420210541225
51 31.52181539340114 49.77922866573127
52 -11.95795258314169 21.57757299427996
53 -52.614239560434314 94.66136692135615
54 -79.02703566309812 44.5233525133809
55 55.00308087920379 -88.0997539246855
56 -91.13500180240777 21.442348852758684
57 75.01888364707284 16.30607751641493
58 -23.047273034435747 -44.278136961483995
59 -59.54914853265591 -17.304700237883353
60 13.591194385493395 47.62243227023271
61 41.714747367078644 -73.59454684521174
EOF
