DIMENSION :61
NODE_COORD_SECTION
1 54.70334985029581 43.1161877599979
2 -10.416915777895497 -50.18590770400242
3 10.236878966173407 -27.098739547007384
4 -53.10018621076882 -23.708732237360763
5 52.423807773941576 84.0299336660778
6 -68.51930399491471 93.68986256170805
7 -16.47253872698566 -40.46851301681655
8 17.15023371840276 -6.162633275955386
9 -59.98605540672601 51.169582490836916
10 -17.45751054919829 98.09064625352443
11 -74.38382705270668 -17.334136172070203
12 -10.399079211025935 46.993470243147925
13 -63.85608328934698 55.8771646982122
14 -66.76598942561512 19.978021667270255
15 -48.49029733490893 87.39809631720038
16 -25.196391038352985 -30.679410883281236
17 15.167223418995007 -0.649868199461153
18 -17.525395570574375 39.47572716285083
19 -52.86476246979521 -84.34285251013343
20 93.05598835886704 -38.922788605023406
21 -55.99326832961029 73.89658092224582
22 -17.184914555920727 58.30813325556744
23 7.819475179191059 52.854332494237326
24 88.84812968345958 89.00666735391965
25 15.390798440031432 37.20073776798009
26 -42.05796371644048 48.787979758699294
27 90.69591236455429 93.24376482700876
28 -83.53625480311592 -86.37313503303167
29 -24.904273552129894 -86.49504491514716
30 -47.33495579661844 69.75975148236816
31 -96.30343431525445 2.9024178333148143
32 81.89244360215051 85.42878763486067
33 90.85086425125232 25.614418888449748
34 -74.45693460651606 -84.09520148214239
35 -96.2155581927649 9.236098418177804
36 -23.790714066886267 1.389875476661274
37 -39.437519327285564 -88.36907763968969
38 44.30622478747307 16.814576102517307
39 -72.9170379728441 95.91754125774989
40 85.57788473181017 63.20862680652519
41 -92.48718452671906 -69.67816140824246
42 -5.770735811138493 52.238168208952885
43 23.55863317580716 32.16286532634757
44 13.03326569870083 -71.33335906314213
45 60.19040494299108 9.030638670738128
46 -40.387091064358806 -0.08960018182516194
47 -81.0868496499947 -84.74734681826597
48 97.20078625154909 -2.475657925035108
49 64.4080709079625 38.03512353945709
50 -11.470620633892054 -17.63325774645847
51 -23.65873032982833 55.20396784034193
52 63.10732570744929 23.356660588129287
53 25.364706098385454 65.2597056886544
54 -99.01166332121261 -70.84868793517829
55 -19.189376872900795 80.49940526223395
56 -9.75897486754296 -7.265128828925356
57 -72.69281373777241 95.24790166572703
58 -49.32054184305939 -79.1758336509044
59 -81.48023842877734 -6.220379042868188
60 -66.98420693654666 63.16092528551286
61 28.448620945197234 -53.69864492873386
EOF
