DIMENSION :61
NODE_COORD_SECTION
1 -39.77348277947528 8.345504425638708
2 25.282078578680427 -23.25781562960705
3 -83.80052230193363 96.48227832915154
4 47.58905059305965 -11.606534057504163
5 -14.65031839547595 -12.25100667458861
6 -73.04305561125793 5.511982854137429
7 -79.71271071723103 -18.126346546109602
8 89.49197210373694 21.16845392509849
9 -26.000657498515295 7.573836656268455
10 -97.52505374870242 77.11114183495113
11 52.85734871196328 75.27019256011721
12 -56.60967626698965 -86.37659515314577
13 -25.50968415846002 -3.760762914435702
14 -70.45118524784053 -98.66132275745943
15 -57.77630657331312 49.876480640357784
16 -38.10139944927214 85.60981543854686
17 -23.11380226053413 36.40519282862468
18 -18.653350205281356 -29.68120124401507
19 -42.861886362889436 39.28002267433578
20 -38.11174952395411 95.55181101037277
21 -88.92382550959282 39.69878685315885
22 -27.930627559103115 -77.64617700019167
23 74.7217233978327 75.04987522555018
24 24.783152058128422 27.815881033967614
25 -12.899606963453053 -86.21332640827876
26 5.128224894184783 -64.96271548461839
27 -73.02683708960163 31.13455547571101
28 -82.96673734264964 55.043989380250935
29 -87.11990977204161 13.200008144723157
30 21.57866167553138 1.5335939845455755
31 86.00974101740303 -8.534461382828923
32 -46.57722252993104 -45.64369226538674
33 -25.49122766686483 -84.68193629844858
34 -3.533170243469158 -6.069575945830749
35 98.19771732900728 7.172565861582285
36 -24.13101140675984 6.32982741649424
37 14.260674414877087 12.916798553571425
38 80.74487192219624 67.57012008447106
39 27.327992713087127 59.817024811083144
40 -29.631879503049106 -44.340894424542476
41 -8.527231324714265 64.68860799575907
42 -63.5886400937582 10.266320640164423
43 -83.00653429562496 97.04963190082611
44 94.74440113660188 -37.59460944000228
45 61.45651413264409 95.13950013899722
46 -37.46694270150628 -9.68784789751858
47 32.32431909346781 57.098706971357785
48 -60.14140708125275 -77.25963097986003
49 -42.404283428285595 85.27001288616745
50 -40.19571252508805 7.18610920544603
51 -8.76257578440125 48.4952324267575
52 96.93224722267468 -11.90920704888714
53 -88.21340274708697 -54.55397980301058
54 31.30012294112018 -1.1380066749690627
55 -54.64380276449161 -98.55899955190756
56 -46.35607393675871 -38.409748409102875
57 -1.6235621682195784 -88.13425361514442
58 -32.920264585079906 9.629054597240838
59 20.75708153726532 -42.77393394993065
60 91.65367694879077 -99.25569683443743
61 36.75700875268174 -41.970757631143215
EOF
