DIMENSION :61
NODE_COORD_SECTION
1 -58.15376504788081 -69.73115351851449
2 -84.18356648905049 -56.20726882072695
3 65.50020889582379 -55.542067467637814
4 -85.96801755637371 86.03203246956065
5 79.3556308802905 23.437461339009218
6 60.38969644823996 92.64963860259931
7 74.49732811352555 -88.53155929045559
8 -33.69712234366904 -87.18690192170615
9 34.951585810243074 22.688490108455127
10 54.61047975702829 -80.34856247137242
11 -63.916404308547214 -42.24307595243795
12 6.2149160192104915 87.50100200848954
13 92.25424988679333 96.73828557835401
14 -17.833646746756358 -65.89871263912912
15 96.19847867960047 -70.1240920619542
16 -77.26225639585813 43.00564621884689
17 31.063854201458412 27.946226325496397
18 -70.8637159003543 12.135836180171424
19 -44.22529182195236 25.173529966342272
20 -81.15136161742471 36.323404662093765
21 -34.63633169853881 90.22398873675141
22 12.218828875295955 24.845054688559458
23 10.138950108175578 94.58681360909682
24 55.70917797267484 -20.62697209044613
25 -78.9675529246825 52.689444210571935
26 -83.60364035687142 -86.57418970754696
27 -66.79991927289966 4.3827713728945525
28 92.60608292135493 81.31837902073337
29 25.922583033373783 -62.02853343244345
30 -22.80843742800522 -97.22467949054641
31 4.081292216913226 10.753452902621504
32 -17.187546411509828 -81.21576441785638
33 34.96024929206146 14.071822195671515
34 92.67249013786346 -5.069150854531173
35 -76.14767404904575 -48.82872810978112
36 35.525679050278114 0.3713935846330543
37 -37.076237308718405 -51.309504985271495
38 0.36238012857849355 -66.23819918230514
39 -79.9819784841909 -93.58916986949521
40 4.038249500077612 -58.12264276272325
41 47.55640317985399 -95.07942144741368
42 -95.78947603302841 82.3205489579831
43 86.41948654183494 37.143514440207724
44 10.297731192193282 18.628825055122917
45 -84.33002298702704 7.2191006287171575
46 86.78042588893737 -95.74183669706353
47 -43.795896266888136 -50.98893458462368
48 66.0121607389022 -88.66773623057493
49 74.89533456463042 56.559947210276476
50 -8.18853752442044 -9.288623524391127
51 -44.47936902420613 -9.915574964251277
52 0.45706863236134154 -88.15122109245658
53 -96.26386225047196 23.675165999698365
54 -87.68963098734625 24.066939273875292
55 35.59567201051644 -65.38592151747721
56 55.14044989645342 -94.70043385943667
57 -37.41794939546288 99.29091615673508
58 69.32874578513864 -79.99029423953775
59 30.84770053214504 -43.02184603525656
60 55.48187832916406 94.90817459755624
61 98.33771805968524 -69.73572234126229
EOF
