DIMENSION :61
NODE_COORD_SECTION
1 38.57448035318424 60.726687910964756
2 50.84470578942785 -38.58527456388896
3 -20.893387473716558 -34.34112061337633
4 38.29976796135966 -13.646718967954968
5 -10.528193956589021 -70.78931871773129
6 -51.13034569622761 -35.76826048795559
7 6.2245154447782625 92.31888597185807
8 -52.735857893414504 -28.68075725706727
9 -1.6953622189798807 -22.234063066682054
10 50.84130555935229 -40.08156546382771
11 41.725571271866755 21.293882877945308
12 -64.24113534896046 39.272400570596744
13 -76.04320904508752 -61.28679784766617
14 69.56389578522831 -85.37475224812559
15 27.982697383995415 30.208982794423434
16 74.59710170041674 47.06466780300417
17 -99.87905039531286 -96.28917578239815
18 96.31438141650781 -81.93644408050588
19 41.0351016324083 11.107027557213485
20 1.605117518489081 35.17712816574755
21 75.97798539605682 34.247653622641906
22 64.41303560773434 -0.8592090387042504
23 -41.84637245623573 -67.90494420864626
24 9.442124314178102 67.65324598350955
25 38.18739306297675 -33.955364573646136
26 79.45665372700927 -2.5816975142658265
27 93.04525768648435 57.35257809659407
28 -32.33913002669817 -76.44206471872326
29 -50.65505621782218 -1.2286558585497716
30 13.870566340349086 44.29821981038094
31 -41.146956065945915 -58.092078477843124
32 1.6651894391177535 -81.13121149910818
33 88.06391499082548 12.483682556760357
34 13.435804972219032 57.84557876883909
35 -30.89233444377703 67.58890582202795
36 -98.7792061254413 -12.294349975465195
37 -74.16392291085023 -97.81092409735999
38 13.447581898843382 -94.84806239121515
39 -63.213072917306356 36.5540402213943
40 81.17552480039936 1.8048575324646379
41 -74.17126853622563 -28.054706161780544
42 12.161350284078736 -63.85323336202229
43 81.63940730105571 88.81058812221087
44 -32.95467500949127 -42.855674044201386
45 98.77405030904833 -20.100725116908208
46 99.1827683371078 42.76282549456451
47 -94.07150168213347 -39.87431599183544
48 -71.87781836936762 -93.37422828031315
49 1.1069009233987828 -24.327906777245232
50 86.45770416163768 47.36179630724135
51 -51.24685411758549 -53.26327072238768
52 -69.23969008686315 -32.279654085024774
53 -89.49248924374724 -78.50359772272692
54 39.51861838690485 74.32642387450213
55 79.10145986660933 93.26742560834731
56 -65.50321659967136 -16.016161506853322
57 -35.99487242965891 -61.48746778462293
58 56.64353724609347 8.725420697724758
59 37.793507590650506 70.2555399624355
60 -96.33708639854952 69.34781003948555
61 93.79899970249284 69.62957729358087
EOF
