DIMENSION :61
NODE_COORD_SECTION
1 -9.784294620988291 64.72732798659973
2 -83.17215938073686 58.02111072425026
3 61.257909615223326 -14.723904191030272
4 49.86663478626781 19.71927003482496
5 -9.522476434367832 -60.09719490817178
6 -44.31934400005859 52.65375093654495
7 71.63932292752503 -25.107580838700173
8 35.43901609890028 -25.45580200706212
9 60.40145801956987 32.02245386720125
10 86.94935065325876 88.13999048930569
11 69.40185470908858 41.22820232758187
12 44.983158472388425 35.745085474460524
13 64.43802758166788 -72.5999177874246
14 83.69621064145761 37.10407291349003
15 18.36274935256617 29.78110421955816
16 98.41087410384432 -73.20667914658006
17 -54.08063961037546 25.59658480418699
18 -33.746249209831674 41.04997789696881
19 90.59220949439344 -26.037811685055388
20 -51.38137561079925 69.0108414334533
21 63.64920168596393 -48.21945595955077
22 -56.848759325914045 79.62201349735133
23 -54.09496960298223 -59.74930040771553
24 18.92897748332618 63.019453820977986
25 54.33520842971501 -61.221280654825414
26 -24.26486993901338 83.96944133451396
27 48.52261536044443 -67.50813101484923
28 -43.195999222365124 -65.0027166802464
29 -93.98023892746534 -79.7772325866728
30 14.13953134539345 -1.8786982995003854
31 31.061653560313687 -78.25591466690007
32 -23.51307498703501 76.64859714307121
33 -22.33442275075174 -73.8016271833036
34 2.2630632796399226 42.27779104391354
35 -33.99425456498899 -81.91841518302662
36 13.22825357778315 57.79326486625635
37 -49.9476348058766 22.80311218308661
38 -0.5916896088120893 81.92436323683111
39 54.81611843822401 50.75899636583344
40 -38.24741930620144 -59.51792441625319
41 -56.859256481678024 87.01921199490482
42 16.240078714310457 56.674857907510585
43 94.83783003815697 73.14391239464004
44 -78.37758428131687 -26.455775632736135
45 85.05970539298133 -41.692469328677895
46 12.71883186509892 72.74987046029469
47 -65.84243051262155 -41.17616918946525
48 22.155204252290645 -3.5268706251907957
49 67.87388506580817 -41.67103776720715
50 -44.33462367080416 12.996605971232597
51 -25.430599889783338 -94.7063906653672
52 49.5498358254909 -68.4430765005551
53 75.2868138585527 20.199551978973034
54 83.61322916504486 -31.643453680252435
55 32.8046594299216 -88.37023235362314
56 -51.121130908852685 -6.840213622063175
57 -82.56348254943768 -81.31446511013351
58 -23.395204893412426 44.687040124547195
59 -79.81773201457378 -53.442160507886705
60 -76.3972669960851 93.06043829647712
61 57.93961030334353 -57.25542324957254
EOF
