DIMENSION :61
NODE_COORD_SECTION
1 -59.27838482841554 79.04801836537624
2 -22.93597146133 25.683839974465656
3 -89.32162030190406 45.097564565401825
4 -34.94813963238113 80.2642478597812
5 73.6293036202174 -32.11343422352515
6 36.166241235794274 -68.58999139356541
7 75.68775681401473 -17.784728347462433
8 -68.50123643295582 91.62510724880303
9 -83.65345801817546 -77.57756271978715
10 -85.00211744593182 24.052961151729704
11 45.63764138686071 -59.38286489877669
12 -51.275615451535984 85.80786823110412
13 -70.02117383045925 -24.58954257622861
14 50.383197504096046 37.76401754459181
15 27.41149493915809 48.228471662113606
16 -45.20706641588414 -51.62833230819255
17 45.16061886963678 -51.92328812561393
18 -1.1939092993256537 -6.515925297617969
19 65.92427875895459 80.66570077522087
20 28.294407055585367 59.84291368717868
21 24.02683940702697 -95.9040611215932
22 86.16545174923988 -3.2160492838794
23 88.54632120664257 50.83995159318226
24 81.97805283672278 28.88882158428561
25 -32.246823159636335 -55.452060316343996
26 -33.424191470316615 41.72273881867895
27 -12.325853471465152 60.24280736125547
28 -60.74064813688551 -16.53781126653267
29 17.321506007550624 -52.240795334924115
30 -99.63026717411164 87.13051408826041
31 -85.89545770967666 -59.179565069488916
32 -71.24318446075543 11.323584110770597
33 -54.833336854293435 -92.06390431013982
34 11.458065866544459 -78.27841540198256
35 3.868107525820278 66.34232706412112
36 -17.985207908821437 -8.65277153976605
37 -14.639191347653053 -23.504258771074333
38 34.204368854085345 -15.555434105553289
39 11.178482718188377 -37.82905445365379
40 69.56857406532347 -92.98318263090029
41 99.99162318100247 -39.99904952175175
42 -90.03024603584855 -43.52447733052509
43 -29.846399433392733 -7.661538538317259
44 60.508028393302794 -16.482447624979272
45 -70.60935042533909 78.60539687423463
46 43.484386153486696 -8.739571803330023
47 57.96512736314406 52.83691194621122
48 -59.30397218754469 39.83058634474298
49 -76.13209088892224 38.91525954748042
50 79.2018902348234 99.01318688660666
51 82.07239667987284 50.027953387329404
52 -25.20210536881649 97.23619143669845
53 4.609195460425113 -74.82632110266938
54 -92.20708369623843 52.075480962634145
55 64.19704542414519 -6.921477076668808
56 47.278160960634835 -64.36816944498554
57 -48.60784752241742 62.674159697296915
58 62.93411734770703 27.544658299868473
59 43.69464651147709 -20.67140135017263
60 67.52082510950262 -60.92854300134771
61 -35.222521865220855 57.30928536432776
EOF
