DIMENSION :61
NODE_COORD_SECTION
1 -21.297311389277723 36.99577354816469
2 46.610246464722735 44.746511155311566
3 -27.534281204856953 33.4628395307588
4 -96.74199005568825 6.90653969538873
5 48.78177613140596 -93.67993853471566
6 -43.88419854385577 63.62838962223606
7 -29.59935046292661 -63.99786724738335
8 66.93630388576202 -98.09213833342447
9 -9.484631329173482 33.75474407702728
10 -32.23026550303092 45.044689855898525
11 -85.01049586754665 64.96005025164325
12 -89.15040848663432 85.61811250735764
13 -30.147201151871656 12.448767148445341
14 82.79511496791957 22.600133937018
15 -4.468865081607689 86.8606315206747
16 -97.25886037939759 64.84385927906442
17 -69.12152823327962 -40.7209402960583
18 -18.76760247845874 -28.026313570697866
19 72.9299612403581 90.77993104284155
20 -44.80390266694605 -56.25712673085519
21 2.3969891449992247 64.19840604527988
22 34.03296215564794 40.213328607714885
23 -49.72356263703879 85.3318269972028
24 92.84366987466598 -82.34862051896152
25 -52.45193716479937 13.960771855109002
26 -68.96599470694993 98.82235055573904
27 -52.21455800756127 9.484395644670613
28 78.01878832298269 61.40594611176223
29 41.60744362076713 -68.36969968876068
30 72.47103625642299 -75.45663467779616
31 92.2488395156114 23.613127296636122
32 67.53949137172154 41.06621858031201
33 13.130157492785074 -76.7197157110702
34 -78.31580149055519 -38.25363667786776
35 81.15844294352027 97.19717110679531
36 23.25627162690131 27.944816663862653
37 -66.40774109539845 -26.711703696248563
38 -33.32527779287486 70.32700372159769
39 31.655627174400905 -40.43506623758357
40 49.02965162872184 -56.1493992050176
41 -9.312614245406152 -20.366231138758025
42 -11.832297905520136 -86.9785941432516
43 74.46386279733551 -69.90476429317376
44 76.79225851668636 16.45155604138671
45 -69.56565801252101 -29.395723098625524
46 -18.162535916894186 86.04369852174969
47 -97.03956455748069 -5.719755828888282
48 -25.648437307614742 73.6635609162089
49 3.2519582914657406 -5.6832341697771795
50 -67.64818859764144 -53.04741131431345
51 37.54350914077261 -57.943456890993275
52 -2.4103597054854617 55.97130593159005
53 99.15749701477145 22.4599395739437
54 86.89133765876491 -56.34685660181618
55 15.45091939763958 34.81045947518089
56 -40.2838587681742 75.58753814648173
57 7.244835387529051 59.66412516314824
58 25.800105150953854 98.44012840017254
59 -33.81315896633869 -82.53602535153885
60 -59.76926830850251 1.3570143406380168
61 -15.40129639658096 99.90480295080846
EOF
