DIMENSION :61
NODE_COORD_SECTION
1 29.7208467424164 -9.134207278281451
2 88.79043004389027 29.687179308909577
3 -95.40422735046737 -96.20802287467762
4 -51.47332244708698 -23.817644253098152
5 -18.828453087039662 83.86722226934188
6 -98.60049351862652 3.8431071617478523
7 -93.10762715313045 26.61863018733301
8 -97.8725150266047 -19.886103315856758
9 99.16692357250898 -23.75633710930755
10 14.656762112143156 51.075118013481756
11 -13.341208539082189 52.175516456600576
12 96.42763884429925 99.29712847683851
13 -22.26448460226706 53.17481634714295
14 90.18599342698147 -91.14996031379152
15 -0.8758202893720295 62.12260489870013
16 -15.155232287173163 -51.367326438018864
17 55.048410627585326 33.47880802198108
18 -20.24784445275172 34.598037554937974
19 45.597801661168546 35.40928334403844
20 -59.17523891679135 12.116751676831484
21 52.80770752381346 -60.12624659000734
22 72.35553278141788 11.63400289550205
23 53.90366067086478 -93.49411831756214
24 44.907871308789765 -26.060452695923857
25 -46.60866098403162 -10.094153658972147
26 17.55880448345222 15.784462348969171
27 -60.85041714873947 15.004873183095341
28 71.85580594288427 12.242275579642609
29 62.41046525582041 -88.54982091141386
30 -64.79675560314388 -90.87365897061267
31 17.487012301689603 -24.502101101628625
32 -87.0038614882598 -53.060821765375835
33 -45.66425118025723 36.69058870601586
34 71.6703848005163 -22.75623348464528
35 -4.482217434501592 46.63497245141065
36 -81.05976471220511 -16.98930023077895
37 -51.15129414684147 -21.51527068944921
38 -87.15470427668173 -23.590802921592484
39 -91.99586155918406 -71.72797642290476
40 97.83098281319485 40.67413950514535
41 15.574401702012736 -56.97930404978102
42 13.937800112830217 7.095131424183279
43 26.5381787156969 -34.38691741796447
44 -45.72347283719462 -86.16203436059703
45 54.851778202681345 -17.328664301148052
46 56.31781545818339 -19.777401637270017
47 11.827069956456555 -10.746618187727279
48 4.126335028657778 -51.753923484913166
49 -47.80223654389535 -57.047376231705435
50 91.52117106464434 92.55275371937637
51 32.25021234983572 70.02951089150932
52 50.245744401692264 -19.281743673144064
53 54.121563016266094 -92.50774034544686
54 -17.417996436843055 -22.372236468975075
55 21.34461683073134 -82.41698642274963
56 -45.55465973528203 -69.10691783547172
57 -37.0547777759566 -5.0852238296373
58 -97.15187991451444 48.66728146777294
59 96.8747802943754 -98.45640570989016
60 90.72133946372628 86.87949533979082
61 -1.7131756561181675 11.549410258227283
EOF
