DIMENSION :62
NODE_COORD_SECTION
1 38.175419659412995 -77.38545737704231
2 -23.453447305961845 48.79077815431424
3 -27.06454796615941 52.187186139902025
4 76.13481332811708 -64.85846620536269
5 93.79835322736548 69.67922423057507
6 -80.79820749409035 2.6539852764203573
7 77.79701074279126 -96.63294276560102
8 -77.52277051601504 19.95487185594635
9 -59.2231879627624 -64.8138167958737
10 -68.05269097413536 36.2329935749037
11 -32.04122207644251 39.01496816334469
12 36.57337372892374 29.028159192469786
13 58.95374377412509 -69.05486403721196
14 26.652633880673804 -76.87146706414671
15 76.76003137857168 -64.4265762839496
16 -51.43948817586217 66.34916928086338
17 -14.996351525074061 18.637864289702705
18 67.96558902097584 84.87842540357516
19 -66.34338033252453 -86.13873470245233
20 95.20981665626002 9.043132039433772
21 10.695585704049336 -19.346497488030167
22 -50.601819790544276 59.757378607710535
23 -84.36056095945943 69.36327926053235
24 41.843547775708885 -83.4160998638809
25 -69.36878191002145 -57.94090029082517
26 44.864067486707285 50.25107055148433
27 65.70615690821424 99.35826161668177
28 -21.468054089498793 -4.3674417007534885
29 -62.88574486491885 -2.3883008610136898
30 -4.175974112730827 65.61083370099016
31 1.042397120099082 5.791659498884556
32 75.726250140073 -38.09030248323357
33 9.807471221253422 47.71812714946401
34 -55.80450250100413 25.895109969792315
35 -16.4313343433883 -97.20089579392426
36 -65.51606378543222 90.50766020122421
37 -2.1664321535243687 -2.751172356075088
38 -28.81738911465004 43.904027752117855
39 75.50923051651358 7.787088822550842
40 16.442495787294305 96.04896777535598
41 41.97613299102002 -78.88806712210672
42 -47.81718186239105 -48.586758693518895
43 -47.36078496795071 -55.02299757456064
44 -11.301955709440222 34.097172680576136
45 34.63698701989773 50.49385748014993
46 87.92647044227661 -13.88662976803134
47 -2.1337996487281714 -59.681191855117376
48 -31.255091160540786 65.22642225916556
49 65.20605030111284 83.6725960465939
50 22.005534584756603 5.661246394252402
51 -52.19747371616743 -63.31939757743028
52 -95.36746097187674 -26.844030938152812
53 48.50012774455439 -24.68990684468166
54 -95.05226299809317 45.24922706740438
55 14.984554957377355 -91.77972730228066
56 -24.50405882316251 -21.644160964364033
57 -16.073232207163684 8.129799096388751
58 14.992351215578097 85.09883082241302
59 58.39518035814149 -97.15440929605876
60 -52.384106042083836 38.52997708026902
61 -56.970547511882906 0.8857965560020062
62 -4.276095171057534 -55.715088284893
EOF
