DIMENSION :62
NODE_COORD_SECTION
1 38.72036245361724 -84.88970609010853
2 9.258022619805573 -15.60738057733127
3 27.746177896375997 -73.46857819316256
4 -54.521994327475156 -49.02699271903881
5 36.95443400513028 -73.66147014112887
6 -80.02374491244015 -99.47821127490934
7 50.306617199139254 -55.38793783236362
8 53.752830878930126 -87.03486267827599
9 -63.11070838748982 75.67156365169595
10 80.25707854706772 45.12312189543039
11 -53.04325322718684 -80.85487782651441
12 -17.049391112379283 -76.34204505842781
13 -93.41400453819004 23.095138870864957
14 -87.05668185247049 -67.49892439417943
15 98.32824133949865 -92.35114810674858
16 -48.08158640289606 95.57078988674809
17 91.21735210481032 -74.8787296033051
18 -72.83588732711786 23.756308797537542
19 40.72256666809977 -78.5929800304331
20 8.381211936593985 94.55806143917701
21 17.70904989653212 3.456823560477602
22 20.037242083585923 -36.56172775710558
23 -54.80328387951994 88.94338913940481
24 88.38954738818589 -32.15022262176612
25 -77.3159630358137 -83.23957279190782
26 8.901197321618227 -21.924799402620152
27 -99.9696922966083 30.7876967713936
28 -32.374910944889734 -26.577393367825124
29 26.366368901800328 -85.60595629859664
30 -20.766668482114454 77.98782419517286
31 -55.769766569841515 -50.56066135001702
32 14.72040068897067 -22.892237221374856
33 25.1007898926039 1.0754212821715328
34 83.41025963285406 -46.2070155242271
35 49.72920255276304 -11.564866204442367
36 -93.2509267625651 33.84196908112429
37 -74.85575087856114 -8.662350992206086
38 75.46681735740478 -90.99650437314955
39 99.93435407704175 64.42728063375426
40 -82.95745000669142 19.467713908913908
41 -9.614313785266091 -17.297875379779185
42 -82.99021942261655 20.130387157225243
43 -37.717769052194505 26.17785399087498
44 35.48982515936484 29.489092558943753
45 26.650268198799182 26.471121284695613
46 39.442663679432286 -34.306104682948984
47 2.456352411351588 44.37603518503829
48 31.47636130113588 -88.81053034074593
49 75.24433571805972 25.046259089314475
50 97.65773690681286 15.549333608765977
51 37.92361882765553 -13.815642365264665
52 19.61833944681517 -54.482817823210674
53 38.397346802226764 -65.32092828759758
54 -99.64835786243249 -78.06577628306717
55 -21.554174327156986 -21.579796532199325
56 -61.55136649992472 -54.854409775509836
57 9.257029730426552 2.5599935202114636
58 52.12076666523896 -96.35718140935666
59 51.22254037574132 13.278793319329026
60 2.2106748790147606 85.11366439828038
61 -70.9059950309206 17.15195303158916
62 92.49264855625071 -35.26567698931018
EOF
