DIMENSION :62
NODE_COORD_SECTION
1 -41.6784721679736 -99.49604006415554
2 35.916457486007346 32.453421309144346
3 44.37215478677382 0.6748309568977504
4 -32.950344879445865 39.18107301528036
5 -35.94690404106157 -80.08711928097173
6 53.82498452223385 -8.789608429436683
7 86.3409215467741 22.647074546076638
8 -84.19875467745183 -97.13709647942159
9 -40.05553184207196 -21.818885039392782
10 91.49735211737382 -70.73656660337811
11 -54.19413456552944 63.39068920022575
12 -86.03903024797344 44.31394315810152
13 4.9705406371606955 -76.2059044302641
14 -48.41525404373708 -96.64991051790197
15 65.73368795238508 -93.59417691431983
16 50.28451153157786 -64.37189708183695
17 88.69724620018255 -75.92859236657117
18 -26.494372170619755 48.7037898890359
19 24.347967003421502 88.52128342412692
20 78.1250394993663 -5.070471086170002
21 -85.00626506882011 58.170073646833686
22 -12.83172644997039 49.70907923960445
23 31.37186800950292 -13.27285791679384
24 24.36207422570675 -18.185781200644698
25 -46.030327640710865 -70.02695188620037
26 60.89503900285959 -42.0188037282847
27 -89.92590374220501 -29.404265131524028
28 -8.639866267986122 17.16909152906794
29 59.79388788413189 -45.2307051635086
30 -96.29552744678129 74.2762123694095
31 -12.225727034729772 -0.8027118628937728
32 -62.88656453354007 68.77475320404554
33 2.0505980491096807 23.631522934633836
34 32.10763717094531 60.63796622740293
35 -32.53589096771043 91.41642199988354
36 68.73288415201901 -5.901812402207042
37 -91.71049251990964 99.39801600789806
38 61.574824573082054 99.18809513911572
39 -96.7995200001985 -51.42420199543658
40 -65.56845095445766 81.68166030185083
41 65.42599866497608 -51.835353126708995
42 -67.17108701959495 -36.03465208648875
43 51.92676276979029 58.27310841308841
44 -50.835001195659025 82.53405167151215
45 -22.352356643673147 60.19343331490589
46 -66.87833744903287 -77.77948283702705
47 24.37863446112121 58.337739040700285
48 -60.9173874376977 -27.069120799634632
49 28.48334661030981 64.14384499706807
50 22.649159852409625 31.57312083324834
51 -92.26939693666895 -10.186719582276055
52 -60.0538018408866 -59.970738243255624
53 -55.308672068058115 -11.466897760706956
54 26.262656262410175 49.43619902989445
55 82.63947771109221 -82.12781503061963
56 -65.32785509690561 -68.29590921884743
57 -90.37781055486502 -25.668271041844704
58 -99.36889148343077 21.115405186086036
59 -92.65887278194657 49.56878520754137
60 65.15338071645402 -37.98838829609075
61 23.71333665227253 92.60062580645828
62 -62.988424603981244 62.98869355122804
EOF
