DIMENSION :62
NODE_COORD_SECTION
1 91.45662889454053 -72.66303980102961
2 -96.48269409082579 13.686735816381997
3 59.771003191942356 -28.92412335902712
4 9.783813046727218 -92.82723136581185
5 32.16420546165216 -72.86133022568907
6 17.97609114950906 29.080257542847363
7 -89.30388613288372 -16.392429259588212
8 30.905275076848 24.08264477419064
9 35.393110200763346 -59.83037860937523
10 -81.57455517792005 -69.0577071240054
11 -22.689728374927512 6.358882217113177
12 20.442757106073245 -10.709481273909248
13 -5.304274469363861 -32.97169151674886
14 -83.05179991135094 64.45812733415988
15 -6.061964293874993 -5.328366090195232
16 53.33696790926291 11.0901976348257
17 -49.54585309014043 3.2546926703697068
18 88.37892966056506 -98.05721526704185
19 39.40186455930797 84.50465425614738
20 -7.443752543199494 -14.8266744811026
21 2.0774978853089294 45.144752254761045
22 -33.91416422004852 -98.39946655839451
23 -68.91415247128839 -27.648918583261263
24 -31.204284515937815 92.823729613837
25 95.84619006981762 94.74715895533504
26 58.12619345408868 61.75555051951588
27 49.72459145803646 -22.459018736194352
28 16.878039600011647 9.036020917029447
29 61.05942900404807 92.94835150651977
30 -81.0684219512172 -38.03990995643174
31 92.5734055885726 40.8354111545232
32 -70.9878263774665 36.964801577287034
33 -82.85780690320006 -40.44779899714308
34 -38.32091475028492 -67.6137357370817
35 -97.38390721635797 -36.781699427462165
36 35.066200016220535 -64.88931351376004
37 -75.63208343671533 -30.739399298111096
38 46.50490413766721 42.90785094697628
39 -28.533365004025683 38.792279067516574
40 70.01061668941489 53.64936505506242
41 -99.14683832986668 -57.53883526812944
42 -70.28361864884158 53.27820427098706
43 63.6209007070029 85.68477936293161
44 -61.311742839484836 46.30999845045335
45 -21.519490283449883 -20.27172247969193
46 -90.84112699260297 -84.18931292481831
47 59.71475911210047 -71.12933025845894
48 38.067156038143025 74.20919466466825
49 20.405924767940945 -81.05617706887872
50 50.89364901495219 71.96775399600111
51 -33.55521310473077 38.81759307704644
52 47.13254733506531 68.04677771736587
53 -27.19316999775856 -56.05623510902604
54 32.34306151242973 34.2649587640978
55 90.80777206325385 79.86033963707757
56 -55.425723731973456 65.06962763673783
57 73.52717303701579 23.596847397808048
58 87.05927931946081 -5.103801548101799
59 26.31538694710818 -27.789525760646455
60 64.4258791186135 87.20984477058747
61 90.27570966673838 -89.77829658870056
62 -13.727237118615562 52.486371107884736
EOF
