DIMENSION :62
NODE_COORD_SECTION
1 79.66267438792903 1.3034100970680953
2 -83.66557834322936 17.075131288331875
3 -76.61927981272542 -89.07102674641303
4 -41.627790142428125 -12.193466808435872
5 22.410544668724157 29.502935687591105
6 -20.18375680201183 37.532023956723606
7 27.914209627559757 79.78104841601254
8 9.48977351300502 48.06069714261548
9 5.072294144488666 49.730673846805615
10 -19.597193090856663 58.556413612288424
11 28.484117528238414 21.617506084145717
12 33.34757349611294 34.85782989519825
13 7.5768407322178035 -25.22055199099647
14 96.80712305540891 13.501856625203175
15 96.59500657104806 95.22367555124788
16 -49.419226048266765 -49.05022975364537
17 69.71858093657733 -47.27812966308467
18 -27.868602100717155 26.679354275761654
19 49.084171683703175 -35.132196905590575
20 37.51135154388405 98.22041035850575
21 -38.0393409493019 57.60038327574779
22 2.825197310300524 86.87514157385843
23 73.0569862979286 -47.015529126260546
24 27.539132345179922 84.77891928749958
25 88.91647176379095 67.58067669436181
26 -82.45158966661342 -82.87905665779682
27 63.578582617138096 -11.475418103506343
28 63.765747497413486 -32.24142333839674
29 48.16558470587168 -90.52525596372317
30 31.09522966553726 82.12289560710661
31 -78.22185885575756 54.87803775067218
32 13.00770708412837 98.22737618479144
33 -82.93955913926257 -1.460203055237045
34 8.535423359993416 24.75542347293785
35 11.022026722108762 91.27546901579367
36 -98.64507050824936 84.61671733504937
37 -9.819987954489548 -47.540660962389516
38 24.729154940730197 -26.973704124163376
39 18.812021005180497 -48.42480875102264
40 81.43089142743315 -58.92559695442936
41 -59.913353271980306 8.412584023166957
42 54.37156515166242 -91.08084415663953
43 -77.93511585556818 74.34167343834847
44 -8.489262639703867 -62.85177253310192
45 24.042445684387587 -77.86148265688453
46 77.72340083559803 40.51969450158606
47 3.4295656396236893 -31.878238142642218
48 16.653497162941463 -84.79365373408632
49 9.341321910544039 -22.099131510029025
50 37.183941420241865 68.83179874878351
51 -83.701802696745 65.82490299866228
52 12.004731348414268 92.00074485216399
53 -60.08696692333218 -11.739857316960055
54 29.86243549059202 -9.310112969217528
55 46.16722852331134 -47.88636912710047
56 98.42587039866237 10.77998953684687
57 -83.14454232278159 12.559102730458434
58 71.3043441186309 29.173675220297667
59 66.00489786396585 17.71053999926147
60 -9.393594842989344 -39.64241255424139
61 -84.44866686989909 -26.97216066975905
62 15.528598959304546 -67.06836081060288
EOF
