DIMENSION :62
NODE_COORD_SECTION
1 90.00313764005088 11.76973654516047
2 28.329699105749683 -37.175003697263655
3 -50.368736497666845 -76.56003725832468
4 -20.70249407755078 60.21316975770509
5 26.46548442333892 39.40065024459403
6 75.97465356588185 -0.8729471010515084
7 -97.52462317979051 54.39176421167022
8 -73.06122142681812 95.49301652643018
9 -24.06798478739249 -50.04877481754975
10 10.020390874970772 61.26236095291668
11 -51.98681523445976 84.89248136436365
12 -17.415100351558067 -6.500697086408607
13 -70.19550614390037 40.72538466592556
14 -84.35628955333796 -32.036363230414054
15 -72.41184091538268 3.7891329414857893
16 65.64328741642635 -55.5548620177275
17 -53.46208518597637 -0.3448506476436677
18 -54.367401590273154 -84.47913442191634
19 16.414966736074476 60.39679781640618
20 86.61096907130795 -13.929451935077196
21 87.58659328301363 1.6119987692872826
22 -9.790123207739754 -42.20065294795863
23 -28.334576908989376 -86.37631725809982
24 -34.53612694288455 11.181284990032509
25 -91.7059121831637 -69.92772291675378
26 15.277239788794489 26.650796009546028
27 -71.92353193940852 -72.84662490820561
28 92.29471315499589 -32.46620543604466
29 -48.616740993966005 -71.95719590557133
30 79.23600917148772 -40.87620941359334
31 -86.26367992526416 -60.40956699447355
32 -34.64438800685066 41.472667776415875
33 -59.297401348985886 -67.84697098674386
34 88.54071217372433 47.879735751727594
35 -91.29486654621057 88.47563894318304
36 -8.338211782512388 66.7267459514533
37 22.885241769750735 93.81993120937835
38 2.141925665995913 81.22068959377029
39 -80.87365163053678 -82.92289964750994
40 85.31250117590608 49.77017400013341
41 54.576770542635046 41.39190267107142
42 44.974410976245 89.13524259683683
43 -10.514963414803091 42.86350408380926
44 -51.3144330765922 -46.845324185207346
45 -17.11186240097851 -12.822092737314449
46 -59.35297063185991 61.76869749937711
47 -74.33053355510404 -83.43427833433945
48 -28.33837997054063 -71.78076281733115
49 16.729929506715052 -66.73185593248675
50 23.4904669998123 -43.27616318839957
51 -48.50786483409413 50.733082507636965
52 -65.96554861390521 38.583474729031536
53 -63.3157632258142 80.05243390780996
54 -59.880813639167066 -38.40151167010919
55 -28.673476802389246 -53.309507228278164
56 -53.73641393266555 -34.16900601316051
57 -58.9296323819666 -8.65733191195281
58 -99.33624331040048 28.166177216422568
59 -38.48417384789935 -1.197311333331072
60 -86.27455813075207 38.78888248270346
61 75.86063455258497 -79.99455542418607
62 89.82985072880746 -55.393923528608326
EOF
