DIMENSION :62
NODE_COORD_SECTION
1 74.67603665219232 -50.33389448858501
2 -69.61460011949039 76.05034226883865
3 80.39366500830235 -10.78024928681404
4 7.138583955960456 17.445319484892167
5 71.01990274109454 26.791589140683996
6 -53.068478286166524 -8.515746582723494
7 -74.55786978239236 -53.846564156242984
8 -43.66931591660668 -92.53229148497365
9 62.26014373264911 -91.96939091155576
10 -24.29365126684941 -1.0655663814248726
11 -8.674825610027753 89.09482947382807
12 82.84193490596721 -69.91208488050759
13 -71.99124677347899 -4.031226584162013
14 -97.44981165380023 -89.62028287046945
15 -54.71924579092735 40.69854958588729
16 28.33253485707104 -95.80583847488435
17 -29.097505479375798 -52.06051349150893
18 -40.03043949681879 -3.006984446627058
19 -49.482532298433334 79.13960810119434
20 40.03212738101453 84.9428906227113
21 92.14858135534578 -94.70566155384468
22 -67.34580841310367 91.9620934211732
23 83.58765372678783 37.3849688284059
24 -70.49005740382002 86.28780497661984
25 -68.61077275723322 32.402453637872924
26 -9.210557349576234 -31.92157948700374
27 8.657435743726396 32.89728737928229
28 -66.93145926672614 30.23008019892623
29 18.54127455636933 -30.714879367593582
30 -38.67962408649508 56.5003246671466
31 81.33000186958691 -43.32301751972276
32 8.917302027736525 -85.80396358611806
33 35.26719874828163 51.79190952967957
34 97.32375358083891 23.09672917555301
35 -95.32163369444588 -99.45103531242418
36 -43.71803951772921 37.94848373776475
37 -66.26632944265623 3.2245586698384585
38 55.64417140334453 -31.22231191717482
39 10.143843049295924 -48.399772931320804
40 -8.393576963904835 -18.56197897065273
41 -89.68600905344405 51.31485341695449
42 42.95061955547257 70.21799007598472
43 -14.043524520280698 32.674601506358954
44 67.00312536328292 75.00052022748613
45 81.89063378725606 74.46276232270174
46 -59.630292477702774 -72.61989760306895
47 25.733749591055542 -82.1691848473773
48 66.10818818853483 -46.692934899810034
49 -37.585891789423954 31.14106689807565
50 66.85177851424439 -65.75735351150875
51 -80.08631305970503 1.6702773483833653
52 62.49756424798528 34.47254840947218
53 87.37443077782021 -23.627218429076223
54 91.42620821771408 39.14072299971329
55 -37.32124613647614 51.44066448124866
56 75.82052173977675 15.729266351803673
57 -16.158549317246496 19.187533002129783
58 54.50208508724873 -88.87572958932854
59 97.02666663390707 20.82166902212981
60 10.806638000724718 -72.92836767791444
61 -66.26972209569186 24.96320278880266
62 -91.62940470028892 -21.259229567904953
EOF
