DIMENSION :62
NODE_COORD_SECTION
1 -60.73052718783381 25.766905638307634
2 32.18360233120782 58.86466865184161
3 -34.04668543267819 -54.872228710683935
4 85.88746456803088 92.77421876833907
5 -94.68732581707522 2.7950127408134904
6 78.540619280231 -61.191166943059436
7 -64.91973020051009 8.537088683413828
8 25.884974297204906 -88.06846137700236
9 42.46229933463579 62.241756086879064
10 64.34382170596251 -19.89386083624383
11 -41.810671643609524 87.12744620613026
12 46.78664797822958 -34.9845720946652
13 58.13103915032073 -79.46541235421296
14 88.97848974517177 -82.90165335573116
15 24.741666253540288 -46.55921767522
16 64.93772451516284 -68.46193095559863
17 42.82943414719392 -56.36743896943233
18 97.27769919192909 -3.752813158465102
19 67.62013337141147 92.50581157610529
20 17.7092656423453 -81.43975441731186
21 47.811180299586056 -28.244331562790308
22 -16.767305447377296 -35.74216716434438
23 -87.7105706144964 13.756102704348038
24 -74.85080669331208 -39.289411687072274
25 36.41227397050497 38.218188956891055
26 80.87363940500424 65.34551549332636
27 -7.77170864510903 77.75527315472678
28 -87.3681565306543 -18.698957328328362
29 56.74026673196778 -13.727695394135722
30 52.4770820828866 -85.94860697974607
31 3.289862794012734 -33.36443740005272
32 -70.33764614069509 5.944763629123656
33 -66.63012820302403 37.868202419670325
34 34.25627279738589 -39.985964399472415
35 -80.3534302303917 -22.843965978727795
36 -50.007959956301875 70.08268976325152
37 25.701119827577628 18.236941308058064
38 -50.30930743192672 -88.89732116416857
39 43.97569619930778 -34.713339448570295
40 88.20108181772238 -88.17490038479502
41 50.636435481990475 -9.797687551904048
42 -49.34904161286613 -68.68141478315779
43 14.5419585618056 21.224554051467464
44 -82.09526462626447 -8.485691863252526
45 17.23275646930844 -97.87203851895994
46 -3.5245990850933993 79.87069565190606
47 -58.16673525545366 3.7485235933741876
48 -73.2606678423544 29.41484954009644
49 -29.01497077813832 -96.59397635781298
50 31.1545491653589 -92.16812994779686
51 97.40597661036082 -87.18167736141255
52 93.28432606576754 -97.06269414900464
53 95.39727596944323 31.393478994514936
54 68.77978718743148 -21.218090570693164
55 27.595901242116682 -70.675261188461
56 21.076591775733917 -5.197865074005676
57 -31.50245204603759 23.70256681219199
58 -52.58761111139809 -70.15631318344771
59 14.75119782648629 0.8968239635955655
60 -85.12670304060576 -66.45037107744551
61 21.95293423676415 59.75139326906603
62 -38.47074289863801 -60.48144586185269
EOF
