DIMENSION :62
NODE_COORD_SECTION
1 -10.631962919232052 -16.553718247507092
2 7.927973368020602 3.9918650352149427
3 29.520885405121533 4.245019460834797
4 33.62234361449907 -43.318671155816624
5 -4.23653101049608 68.2577199047073
6 -99.9257102791895 58.09302276520623
7 -33.09404625297728 -85.97793780847587
8 -77.7124498620692 -67.87062505075917
9 -48.30023551072487 -45.58646705384706
10 -84.22893015352054 23.71039990736989
11 -95.25093987868382 -31.79799046382344
12 -17.678273025025604 -2.8287230375011916
13 43.537054315280244 62.671004486941996
14 77.79648673696599 -63.37838604083777
15 -6.59569295961029 -71.67382743848822
16 -2.2067229993597977 72.9063302738835
17 -74.20721648466198 -53.24123817057538
18 21.26122693904489 92.47211308671558
19 74.79589138539234 84.01875210870546
20 -62.58730372401142 -54.64261040652825
21 18.031385751659684 -95.60851070053893
22 -52.089125566161854 62.6880282821125
23 90.08051911827255 73.26062080908471
24 -15.841542971927254 18.474759705410435
25 60.21344912124559 -17.22066032006194
26 -91.38563507086224 -73.82733278079584
27 -49.152623784874635 30.360849511130738
28 79.41707873763201 47.376887571401056
29 -0.8394075064939415 7.538152942197172
30 49.19471931859232 8.192964825931057
31 71.5119795001047 15.532242659062504
32 -58.206427380741374 68.23413839168111
33 -71.20767424705514 -86.09313360253219
34 -95.24171631174012 67.86213183035474
35 10.560097693766267 -70.02285507189931
36 -29.251429306427795 -8.798132549081728
37 56.79112635654957 -90.82172536219501
38 77.6788023437527 -74.37525969756402
39 -81.7019589768766 -29.610265517146075
40 95.21837689018923 -27.190919212238
41 -79.6480197382464 45.2494026892183
42 84.39247524255396 -27.84950212041852
43 -61.23445303981594 -73.21894228665388
44 77.37412472115159 -65.79111093511223
45 -76.32732821132163 30.19781018891743
46 6.160339715776985 50.04295416834276
47 -36.53250065850933 77.53310575174538
48 31.676414564168027 41.69704916839453
49 -80.15898466177606 -42.21003963074228
50 28.954180018011897 49.76943124342435
51 -15.419254311666506 85.58811162839146
52 -30.618445999427664 15.90480536397152
53 9.775315019832604 83.82800593298242
54 7.622189850588313 11.218354681159639
55 -54.7077008460082 -50.320648021094925
56 28.65574891537736 -13.927694832814751
57 -19.125663992423014 28.24122245989301
58 39.49072103700172 -27.709697619414158
59 34.925072198499805 -85.49026800124444
60 -99.54657308114214 55.8088330477415
61 58.032935097598426 31.828255165028168
62 82.55827346037478 55.92899380287565
EOF
