DIMENSION :62
NODE_COORD_SECTION
1 -92.83485048737457 34.46669879636332
2 -42.336009285174356 -6.703457062485384
3 -41.7488431610056 -93.94798401641005
4 -76.10492950951749 -75.33067320656073
5 -50.64858311859655 -63.18232540117859
6 -20.168071066550567 -52.100686340949
7 -49.83987366062914 -25.62213613318815
8 57.487543668565024 69.66737198882228
9 52.081538470949994 4.508036022509486
10 -21.094894411347724 -98.24473358254242
11 -25.583000412102436 -72.8945141888184
12 -21.421421828851564 -0.6107728438524447
13 -62.561677232963376 -15.781547142376766
14 -11.521984474122164 -58.855179401329494
15 -3.6278501632317557 -84.14217306413838
16 63.78622931836634 4.740515482159964
17 18.796497971127167 9.34468083961238
18 81.55514939441878 -26.288540551619377
19 57.67735105458405 -70.76416657728421
20 79.84166552681017 21.868870477511777
21 23.249512195756907 -32.591236588200715
22 -78.51574435593345 -34.38522601024869
23 89.17277808931573 -63.32379158856387
24 -35.46654286325901 48.595554230629716
25 -18.1292117484044 -53.660086337718084
26 -99.54938857928242 28.84221043293374
27 -3.313391917979189 -55.61805346791886
28 81.5409486198281 75.45890155149698
29 60.46572057013631 -11.468760725030009
30 -99.31133987340124 50.08576456876324
31 17.40345442337346 -82.76816587073831
32 -90.68688001067662 -52.224195932059445
33 -46.52933321177759 31.57862905173684
34 -36.4329179069254 2.5898435422202226
35 -5.542072125000061 -29.424745030888275
36 -25.850962984283512 25.127550409967924
37 13.655079977322444 -35.39201976318654
38 1.7037440485502202 -67.62339742696746
39 67.40951591454228 85.81843632921544
40 87.63626477734124 -45.32381560932064
41 -59.71677969171927 -20.90291032924445
42 -60.73339871998675 60.25494274633189
43 -73.74492656367315 53.708515495763805
44 -1.3965917760285578 -75.28227138826139
45 98.39150421760198 43.0984103568517
46 -84.3830390821743 91.01945806923175
47 26.635168020624405 -0.7784309813078067
48 19.743081267186795 14.878430931579388
49 -8.16213122876293 -22.231082508850747
50 37.45121153474727 71.24560285285816
51 13.890502867921171 91.96088789152435
52 39.06152917030789 -90.6396470878753
53 62.77935979365668 65.11339431744287
54 14.59739619636295 -12.912750103472789
55 53.6247127652513 95.97180342933197
56 -23.68884044191894 89.64253069788569
57 40.23415903552197 -34.15269115728776
58 64.62277140679896 -56.51702539140564
59 16.42973084903639 62.879205450503036
60 -5.4377529479522195 73.04392164497304
61 -89.61562333308677 -23.71440673552992
62 -78.59130220553807 16.177284714500374
EOF
