DIMENSION :62
NODE_COORD_SECTION
1 -4.81378878480858 -41.270262700516035
2 -55.969379810335425 -62.05740050143527
3 26.83678716429543 80.95566621835684
4 15.848362462514729 5.818195919027829
5 -51.038420753409895 -35.4076455884295
6 -14.8341186435931 17.295663243577323
7 -54.7573726470097 -87.77798044226557
8 -5.087294889459898 -13.496394470153234
9 13.907192929408012 -54.73136446243103
10 66.52142860395594 87.83035118296635
11 -45.671023277243236 -16.19896485084267
12 62.729518717641355 10.274351615760537
13 98.35994113787208 -66.70041493976741
14 -91.78708943980041 33.44625708755049
15 43.30795448038481 -42.38390990509746
16 15.298663886999137 39.31560881547759
17 -55.547830423039656 -80.1041855109979
18 -71.39442051439786 -33.040665455519274
19 7.214454746242566 -92.98058050666984
20 -49.686785805842334 41.98309700733421
21 82.58195457147468 -81.83823899965566
22 -63.13869426592766 67.95073934045294
23 -85.89778259964066 -5.646475009258097
24 -31.766885594948135 -45.92887531242545
25 10.749054869180654 93.47078433591525
26 -17.422085126540665 71.55562064518017
27 -72.81623877292242 73.86652625404969
28 -58.2207831637471 -19.526282669417824
29 -78.58711064834284 39.89739505042172
30 47.67703610316039 -50.40187390580757
31 -70.42957072321674 23.887821977482588
32 -35.99598698256858 -96.35498426361089
33 -51.471325285162095 -68.38712619342215
34 -84.30325626141848 -24.521193851181593
35 49.26873452340456 62.17021320489687
36 -64.90472872726531 -84.73470597138035
37 -42.58189769467302 -71.84950850433754
38 3.645232553999179 14.220749887642171
39 32.08937345536219 -51.695193592915345
40 -1.931214377631619 -62.48124600401213
41 -49.86932225634349 62.446627133977074
42 -8.428216578409689 -70.91935792236252
43 60.12499882111328 27.11491317063978
44 -16.493387976031443 50.389402227139215
45 8.952071228130947 90.56402162591667
46 -64.98875635309838 46.13101556474433
47 63.45318026173305 -83.0648031174494
48 73.49691837889972 91.3812486883414
49 -49.28431887341993 32.00338834803074
50 -4.541666427178541 68.21994992685134
51 22.72065448248901 96.68232350021361
52 -55.06826657401829 -55.93094280210706
53 -85.42633214741835 -20.490326220916756
54 -25.972060222667807 79.7144412551161
55 10.265184917375109 95.62338616254732
56 -97.68111662956179 81.88592369965767
57 -44.116299133388196 7.2791757194442965
58 83.457734749313 -66.56625383934798
59 -32.56871993994321 39.74830559760372
60 -39.735653763726916 -16.44607975982602
61 -31.132295889110424 56.473819775402205
62 43.609296778715645 -38.82110343969287
EOF
