DIMENSION :62
NODE_COORD_SECTION
1 59.04795841823159 63.887464626309054
2 -93.83722746125882 29.98505602146301
3 -35.731431635068176 -73.2028398345431
4 79.29945801345582 -33.346761904739935
5 39.87745880074712 80.25760886893957
6 21.75043993587893 -69.16293807421508
7 -62.31399543343108 62.24028737373007
8 12.657278287594352 43.66594187051115
9 -81.85044409993097 -34.765519961495244
10 -51.17754642493455 4.729833869578485
11 10.557031249910295 29.059823520590328
12 -22.29705713523063 -92.51708503826994
13 51.343437962215006 31.21250145272171
14 -42.532229072926 -19.947409463535834
15 -72.44226033725363 16.279438156395116
16 -66.64105321534694 -25.27351129239716
17 -52.754812365735134 52.24403165670665
18 79.94697420501927 -33.695739096816496
19 34.4795617638037 79.04594608831394
20 -99.52655519703448 87.66499918629475
21 4.007663482322684 -76.45343815229452
22 97.32498743770876 30.315139389549785
23 -91.055374217497 -4.909174229253438
24 31.78428264094711 -31.65416705860757
25 -25.3145765417312 47.14513133141921
26 76.55546551558106 -73.85716204253549
27 -66.8256331169903 93.0301340979405
28 31.162811383098074 -96.6441055235319
29 53.901036346300884 97.55628068449536
30 -81.82689841128533 95.04886694076396
31 31.467581383796187 31.4090273773146
32 -92.70626524456898 -99.38423491231828
33 -65.70102700675547 71.41972297189704
34 24.75008206005576 -98.03804936493361
35 45.044226977818425 -42.60282052667665
36 96.94724870223462 9.613835269823866
37 30.443353318175014 -25.015933895233644
38 50.272948964392725 -75.1655205351582
39 66.91116485510676 -75.95868266881915
40 42.99968872092376 -53.513431493494615
41 -82.18421588130215 -46.64726162471282
42 -59.40386079063815 -36.70177587161487
43 -90.59383743584914 94.98115443946676
44 -37.64099453226406 15.351281497909383
45 84.56954727815273 -84.603551235952
46 -74.87157976412368 83.02566138384964
47 -72.9236598971664 -84.46508885150534
48 -11.048753159055295 -32.70245351725245
49 -56.303607237401934 -41.76160484882892
50 -30.091509915853095 62.20308903108608
51 67.54734976308731 79.06078137961921
52 -73.07568211948058 88.44357239562953
53 -96.73784124106281 -54.78152396921428
54 52.22598079419643 56.5218037565223
55 73.03952437409154 -32.49954433379165
56 99.22531142984272 58.46378227519682
57 -57.632483443588136 41.24275015255142
58 66.94414653808047 -50.906380766391315
59 5.18725913621185 95.011061551573
60 26.70758404086699 -29.00619789680161
61 -9.50995684868623 59.424410120620706
62 24.680423258653406 -98.30306294869662
EOF
