DIMENSION :62
NODE_COORD_SECTION
1 -80.09643380585828 -46.50235912608534
2 -64.46745815960449 -42.841576027270655
3 -81.51756178747287 42.08180704070526
4 -25.33625907347914 -19.559306998494748
5 -55.250280347510405 69.65896103212569
6 -47.490159049213766 65.51180782131453
7 -98.82570387810246 -87.99778705074024
8 21.968917741644844 98.94144564828008
9 -2.335460682607902 -73.04926026586062
10 7.243311748673321 -57.27119445903455
11 72.82224409980657 -16.315055688664486
12 9.643744750837442 -10.165949734839373
13 72.72011277052391 92.22687316540487
14 13.705689925368063 -48.189360547513196
15 78.4930760478747 21.77064365487371
16 -74.7596907359254 -47.9935236636347
17 75.0102462143075 98.98663193222845
18 39.543788027873546 -9.033903444361187
19 35.12097905847 11.232344854770517
20 -14.159462357793657 -24.920074313585246
21 57.44495139831264 -95.3581486574693
22 -76.86272332202371 -44.80915979195361
23 40.40282889995103 -36.64520548099879
24 -26.98346731768062 8.782345107542369
25 -98.83937984765537 -16.315003028936474
26 -33.50029583372722 -82.46335184050555
27 55.38732759077922 15.817817530318521
28 -45.03862824636955 41.46501344511171
29 -37.79779538245689 -64.3356325583416
30 -10.821907929773445 -28.523092394214615
31 8.41427470426079 30.789911562586383
32 5.946530852065294 54.1684179486883
33 57.13361174327852 -63.12734461911813
34 78.30726647647546 -74.22550696463057
35 18.06013664075077 -55.0616306153062
36 -16.737768383044966 -33.356269191095535
37 10.232545204549126 14.655180629734275
38 19.97527586753 93.25834412187888
39 82.7462606433765 -24.737872817844988
40 71.79694651346253 -58.263915703512346
41 34.92611804660655 -26.75606528861887
42 47.056059723430536 64.915016957272
43 34.66589332376401 34.65364814015334
44 56.412318991034766 64.53591817068732
45 72.12338427489419 50.02382961770692
46 -11.334327295095292 10.701396238616127
47 5.686340043012208 -38.90398283360676
48 -67.73025574769302 62.70462310544528
49 58.10113206853626 31.13726458070775
50 -43.601731298272114 98.48485213402819
51 -97.11755273385995 14.401599210885237
52 -86.73515788921912 -15.6192119267848
53 -55.40086101047466 5.333363658376442
54 -47.50184889705553 72.51710245649187
55 41.3576563184003 -55.60161211280321
56 -51.27389219516287 0.07324116210547515
57 -56.21885605100439 -15.031938123910066
58 35.124092082536464 82.84800277630899
59 -67.9910269156573 -15.529595697126283
60 -91.46602030301423 -55.05286038781318
61 -79.28220558274151 73.06133761885641
62 -74.13782191663503 -92.91446446828284
EOF
