DIMENSION :62
NODE_COORD_SECTION
1 -21.86087838177164 -95.0412556655974
2 -20.813633879314025 -30.923483097699204
3 -68.76222162958834 31.519085981649823
4 -43.94060651615537 3.7325900093998428
5 -73.52203468876289 -58.44587140218884
6 47.87971789110816 -73.52074121249393
7 82.5964293538648 -64.60970325960497
8 65.99418001294518 91.76888974617617
9 21.995227680121204 99.75154840235942
10 -1.1592463664727717 -85.95530901647098
11 14.119199715351513 96.23534478694006
12 88.04211849790622 -55.4206898722781
13 -62.12568200597956 93.70903670768229
14 52.16861437339466 87.29299857707355
15 24.494368730448386 -4.464066570078359
16 31.785140056338406 36.19897418285163
17 36.990020487990904 -41.17034436067391
18 -10.25199001640651 -45.96215871632967
19 18.290856860000673 80.47423930892177
20 -57.68059329196673 79.82677685912827
21 -2.5824565699466717 33.43665620097332
22 -80.48133586670446 -47.536506972683746
23 81.49783635672233 -23.062589837850453
24 -42.76895003572145 68.18887787902449
25 -18.83328192268216 35.333894668149725
26 -91.05356366832001 51.62628582662785
27 17.867535043137607 43.11043208110013
28 31.60170066794791 13.279665445406351
29 43.79748791615944 87.15770612869395
30 -52.147686198183706 90.78658546114471
31 68.71752005974673 42.56363563534177
32 -83.79992528222985 26.886373939019407
33 -67.42695013633704 -5.573402687130553
34 -49.24437836285076 23.977667207390823
35 88.84871634480325 -34.258921786914016
36 24.01579660874009 33.303673606167024
37 70.80678335496299 -69.80511383729073
38 -41.11242009910381 86.21756563636905
39 -98.76463233156917 78.75603768802046
40 70.29180737846298 55.64442581007435
41 -23.940654615025082 -69.78336908803624
42 -47.96843940885762 -52.2297019454645
43 3.1432471365314854 -71.60007520648266
44 21.211519519884604 67.15290545285012
45 9.842051037865374 52.5260551023963
46 -69.65373597097218 -27.13735266136186
47 46.332344358722935 82.27077629900745
48 -63.6029598817746 48.92668265142353
49 6.4828922407840395 -94.65929151021557
50 -23.67198290891635 -50.73727357735205
51 -35.99976364202388 32.92767064230276
52 -59.6253349942943 -54.546500452960565
53 -21.188612709104788 97.19366414268748
54 57.068500759962404 -94.87333037040848
55 67.12248117490032 -55.02276145652905
56 8.163880255261688 59.36926727646349
57 -51.681471044388076 13.200927612344884
58 -23.03583843131574 79.51957028850174
59 82.84620697167614 -26.00142103839353
60 -99.85379953329081 76.84355921761565
61 -2.55192117063217 -28.629586388937838
62 -58.96651820769097 -36.982949937569806
EOF
