DIMENSION :62
NODE_COORD_SECTION
1 -60.441026175012816 -95.66218248478
2 -83.66268210710604 94.74398676862367
3 -49.79668108708935 22.30370287976227
4 55.21342439045509 -21.29796284852401
5 49.25477451329152 -72.70203804919761
6 99.63906139531542 22.84335024371933
7 -54.346660892004884 -84.76407845837804
8 15.48361248170444 -49.43400387517243
9 -25.26923328112902 59.362371950430116
10 -95.57680676339453 47.37992533999375
11 -3.526510519629227 -31.46075078735184
12 28.028860914739 43.39095989667928
13 2.853325148847489 11.02341935350573
14 -36.894274199843544 -20.423664308698335
15 -70.38227311839134 23.003435697594554
16 39.63190856446556 2.6088298839688946
17 50.15802122278333 54.95309972081225
18 -39.502220878124895 57.400711711149455
19 -7.449398707881528 73.898740621798
20 -68.65254480644668 2.202598193064091
21 65.59259238227227 -64.01374470198284
22 -60.82386699176268 -41.99340030150556
23 5.630104411415488 -28.72712564295466
24 9.938384836112022 -77.83298671481319
25 63.203734583551295 -18.542155164413685
26 -51.72587287829033 25.565955552967353
27 -62.98750091991457 -58.69486153004886
28 16.560467323398598 93.31545618840326
29 32.42402749628789 15.800459985329823
30 45.84927387725307 -19.098559112602587
31 72.73535300239524 57.623873398398416
32 -12.14812067406261 -99.16076352410683
33 23.615168566302884 -66.69167549835224
34 -85.0162469566464 29.32427583336616
35 4.63507548936208 41.49359598801868
36 -45.41622919755819 88.0255835403774
37 -43.47617602473201 32.97407878571002
38 3.7740649744445705 -66.91603681478198
39 -91.24485656167414 19.777974827398694
40 -86.97191141017947 51.54058857801732
41 -50.69366923033263 69.30453980703851
42 -50.63387687312606 64.83599363698914
43 36.90131973918548 -80.4150350807715
44 -45.80105290035168 69.68332363783324
45 15.778488156603856 23.02174639130658
46 96.19197188819783 -91.46605638476903
47 -5.999906463288227 28.50027197782117
48 86.12378020712714 55.01742444239352
49 28.546697570713718 45.55546947801085
50 -31.435570256536053 -75.84790516630078
51 23.916584444336635 99.31552004428244
52 -65.69944613289545 72.78633800384796
53 95.67669696035094 81.23351074787581
54 7.785890001865184 -57.35510680443028
55 -23.61182260826598 28.15722267430246
56 -44.50277861088922 -83.48147080836243
57 -51.44383173118534 -78.92401140484446
58 -66.07244026408236 -92.4505537953912
59 77.7301257312439 -15.077049238641308
60 50.04973815888454 82.22887260792834
61 -11.392609456909213 92.09986778946757
62 -57.564715780075204 29.637380981308183
EOF
