DIMENSION :63
NODE_COORD_SECTION
1 55.49545123748379 61.84002489790063
2 -6.075981301458327 63.46981314154158
3 39.27194424852013 -89.42006423779307
4 -84.38224795306297 17.4381330096611
5 -80.51950946797233 -89.49656904956703
6 83.41036296214236 34.55342874889553
7 1.7045711797087648 16.275271736771543
8 40.59284357607683 -66.73060575209347
9 -82.82066033420803 12.621295574984941
10 -79.02990670075336 13.66310914184919
11 44.934192197706665 11.812475690592777
12 31.344059179770937 62.60540768040684
13 78.34244916517753 -3.978578446279201
14 19.141948427643456 -29.652699055454462
15 15.454319572916944 -57.820435183395766
16 4.272621141186789 15.388938712792793
17 -77.78405009977043 88.25221293557553
18 -10.353903172372043 -13.588466902396206
19 68.6539013103183 -47.61223075973182
20 81.39247276688923 -46.78301803512313
21 70.33098566311313 0.18654378950142814
22 -52.33177249280483 73.03363965805215
23 80.85589023781748 -29.62651551401241
24 -75.96057823188629 -75.78888514395086
25 75.9556599427271 15.448385012897447
26 33.78281308906651 96.2407744959018
27 45.59660691862999 -8.573894019933206
28 -66.95241870434407 -66.7972328381878
29 67.86583116774733 39.56839413085055
30 13.671778187987954 27.154527317383796
31 -23.19795539422627 43.04799560186271
32 0.549321107720175 88.6396746207549
33 56.091000376142915 12.774804897094299
34 -34.20519320820404 -16.589685900754375
35 91.51738143087456 -40.847180881103014
36 -51.444980418836074 17.619839060502684
37 -2.7084699461951374 -59.67419773919585
38 -82.83239642892362 -21.842629264361136
39 94.84600450756082 -57.49147909115187
40 39.46885735768737 -9.5409261228032
41 -32.5764948444436 44.289634573516224
42 -62.595733165009435 -56.95446956742454
43 39.7542321654916 -55.668835626618794
44 -6.303129680284741 46.19859889807168
45 39.34738713433319 -9.32122772007338
46 51.18012531099697 41.605094279974224
47 84.39798684123173 -60.06407916198857
48 -0.49641535609355003 60.45875005063755
49 -86.96319373552646 -4.155737851153972
50 -20.728834826396493 -60.57399019105396
51 -80.37223571555687 29.351418951682177
52 50.27337563111678 -52.95483196974244
53 -3.956304761029216 66.03664738282737
54 -31.673551326288575 -52.45740307111837
55 89.3279742817866 -58.19627603079183
56 -5.667089686347012 34.71365804949693
57 81.87598862722251 74.03958925169633
58 19.529613540782705 5.430129929305977
59 76.24709541455223 -27.023768054045334
60 -67.50914124798874 -89.49999411512135
61 23.944214852766635 26.78253227629621
62 76.30585003904324 -79.9805491339298
63 75.97475034485092 33.95162454826536
EOF
