DIMENSION :63
NODE_COORD_SECTION
1 36.55387405017126 98.28432834131951
2 53.15553998617483 83.60674810757232
3 14.495389281315013 -14.14930641397774
4 25.204006427125904 23.918011785103133
5 73.46200078554062 25.931393879046993
6 41.848706402922346 -78.09974729026422
7 52.21920576870863 15.573768535824357
8 87.9478908967842 -68.0798208964835
9 4.055968133259725 68.9935784061887
10 73.68347415611967 -98.24192297820021
11 44.675479605339206 -66.10120700552831
12 24.95332485054402 55.548892064995016
13 -22.313065680050556 14.615168787711738
14 -99.4502399364618 62.031593156964135
15 -33.37462552812718 -7.526170809624304
16 -87.4291486154488 18.117748363084843
17 -67.22184694369128 -79.1648620574033
18 -47.51243963515353 5.329448298334
19 49.69816520661439 -9.71287228803655
20 32.516396165862204 35.44562926369156
21 78.13545396633276 8.970949403289836
22 -59.576167987816305 -8.265053275588755
23 -60.77944749586863 23.649771769625843
24 -24.384787491090833 -6.557474201881661
25 59.084327142268336 19.05161891704894
26 85.33756345335019 63.73679056478713
27 34.70067056355339 76.180773354573
28 -47.94784670957299 65.11180985597485
29 68.59000721640246 -55.293635129053364
30 -3.4906842539661227 -18.72049470640019
31 -0.8768195300593788 90.20083721983272
32 55.78454793355817 -29.124696619860217
33 13.516628240523204 -86.08491530007909
34 71.5115006853882 -4.160311041251845
35 72.21165210230737 10.941080879258848
36 80.77395449621153 36.12732675754816
37 96.18183731356785 32.02687730092748
38 -59.40437835091621 -57.565587355459755
39 72.8144440674109 -55.02705109847321
40 -63.30705560501426 49.92399467136707
41 21.363067888399996 53.45289182595181
42 -71.86723678634097 -21.531983035986983
43 25.570414092994497 24.26555456068664
44 -38.23668354039613 -21.285953693424233
45 88.91170125580595 -1.5602488108588517
46 -46.2365088287011 -51.676500541732736
47 -2.989385754701999 17.27673629408332
48 80.38184569510503 39.01740813905613
49 82.13141399419982 81.32976658582146
50 -54.08644222065604 2.604804754278817
51 -23.747671263500507 -21.51598416438587
52 3.189899371746847 82.95774490777069
53 -87.9230973697757 -33.28574456634719
54 90.33150085596847 -49.06374740833361
55 85.44158633515895 77.76179762919759
56 -82.7568385795685 -99.44468528069214
57 27.92931161094336 19.88613880055277
58 86.30453900491065 77.22532467279277
59 55.100518556372776 1.010968078217772
60 -36.06230506440322 92.68626616519819
61 53.60452454037517 67.99812029882841
62 33.208867973971365 -3.704914320184244
63 -50.46429094424436 -36.55278811592429
EOF
