DIMENSION :63
NODE_COORD_SECTION
1 -18.157432092384255 7.162660504407299
2 -3.3457192280372823 36.6817109125422
3 -14.871225203114761 -56.58071300269092
4 -12.613430385347996 -57.549574749905965
5 8.44580361672898 -71.29055093853208
6 -74.60860344256707 32.44565651910486
7 85.75757540242716 -48.02897784728701
8 32.85164047816306 -21.36648623864275
9 -43.84689755143552 41.36194087073281
10 -56.39961762693177 -24.6523325106903
11 -97.74601840703812 -92.2560620718347
12 -25.148237577466247 -10.4103114078153
13 -11.874588449673823 65.0395293068554
14 66.02879356460173 24.570410419570848
15 -15.534614366033495 -53.07370761552323
16 -43.45529737154064 -5.43036211376193
17 57.323283299461224 29.37165232541551
18 -71.50383351522115 89.85578205334087
19 66.32562856567483 89.80041162203742
20 75.57817875909168 -77.67918921869779
21 69.36337800206346 86.22625351595664
22 -23.868038473953064 85.65015488694584
23 -37.07834379019681 -76.53231263563481
24 46.08882835762836 38.26123912078259
25 -99.29061551114829 -11.392210222349547
26 -73.32544415587112 22.908285102760146
27 27.97283510035335 -15.853765471429668
28 22.090269634803988 73.76516475228522
29 -55.14626742060067 64.83118687601589
30 -56.01248759207267 29.96220380814279
31 -30.620938717113447 -7.05236276421779
32 -57.59335543297086 73.966710317728
33 -90.85376628823012 -33.12211141579337
34 6.949388519047943 43.861288133860825
35 70.49401322867402 -50.961109405437696
36 7.3077677500818226 30.487900729830244
37 34.92594175184891 -78.15971705187914
38 8.873341728825721 -36.41024282550036
39 -85.22027795874709 -65.90410928557262
40 -52.997780224966576 15.497218105132845
41 -36.38747921874541 65.36077505848411
42 -27.387252877687615 -93.43213765972452
43 -38.50125685343191 -68.0453705436617
44 -7.855424373461034 -16.494995201023286
45 -78.58669392012693 85.97173175463138
46 16.50910326861741 59.843042434724254
47 -29.89981539938489 17.366450847627377
48 -93.48693336296134 57.301907743404
49 -54.697668309144 59.242551251861585
50 -43.66149809817812 67.37724299222404
51 -79.0441640273709 -82.23649668352213
52 92.01388586850965 -35.553352559027644
53 -77.07237745716522 0.6401024886002062
54 78.41285071500673 -55.16329553750343
55 -69.89736941400596 1.9407461635441763
56 26.168404162877295 -59.29063707002547
57 69.1029097782484 -83.9911755618537
58 68.99214668335628 -36.70960059546506
59 -94.3522925733419 -0.4393272619669091
60 -57.76043813297955 66.87674901882846
61 -88.45990144502251 -21.4233279332895
62 -64.83597642845042 -6.776533509529386
63 -56.50765426563466 5.387059562002435
EOF
