DIMENSION :63
NODE_COORD_SECTION
1 56.254703182771124 -63.406936399448256
2 1.51940912928778 15.008231751409625
3 91.68376820744075 83.91696742317379
4 -19.015146224399885 -30.69507927713566
5 55.977582796456176 83.93856498609162
6 -15.56321823258682 -86.49706844638388
7 -6.078014500169942 -52.36351883352346
8 44.912257372210775 33.85060248139001
9 -64.72723171238768 24.29898649729907
10 93.36307248007779 46.4437668236136
11 -0.1843114518630813 73.89015015513752
12 2.0043143556212044 8.69303590228445
13 -54.7900244915722 -42.43268093139114
14 0.8328691702274398 28.571883944613973
15 -99.33648583795272 -30.475125284998498
16 28.820896267025944 82.8089114349892
17 36.714340347608555 92.12848593792447
18 54.14107685522379 -95.39845312677578
19 -90.13038602631337 -53.65703551234089
20 -48.11822172071454 -17.907200146789776
21 -9.4200779217051 -69.25406697537491
22 -36.93794861042723 -79.23351544427197
23 34.00325373650551 -5.041289154571004
24 75.35773256741032 -33.91950186004051
25 85.23948446374018 77.11467547644685
26 63.80168809413527 -42.928145171694744
27 24.192923281468822 50.02455696544433
28 8.822635979672214 -12.668899342657753
29 49.94691629797023 66.9871655083495
30 69.33862896985784 -13.342039367316858
31 -19.4888864557293 75.73311780965946
32 -69.77714261219398 -95.12601753093894
33 -98.97148626721572 -22.221902937969034
34 66.31089895050064 -21.317912418114275
35 -67.99389442301222 50.5014073107786
36 -30.779779357852703 93.12700759841962
37 -91.140709136896 20.554513899316746
38 -31.3957861514442 -88.87539384184417
39 -34.96303180897171 -20.256631451269882
40 46.06468483053149 37.69214759968122
41 -6.7792728134532325 -31.68259926691968
42 87.79817061105243 9.925694166671391
43 -77.43196685113296 -84.36292833173155
44 -48.846859415188895 -40.56519018548035
45 94.69604539353995 -75.51898178932356
46 -69.37337636579717 -19.14116982228893
47 -52.92092415613743 12.79277814033992
48 -99.5695969609433 -41.74691099637582
49 -80.24062703044466 -14.543729867979778
50 -16.39154969699416 50.54738228845204
51 -10.252504282379405 98.7281482009436
52 51.78883147573643 17.943252156008754
53 -92.78501909643879 1.2443056027661896
54 95.00499311348366 83.03050403181606
55 58.558710943155006 88.0568005009354
56 -82.37734522617681 63.567606091094035
57 -86.35712301165131 87.9466072518156
58 -85.7395931243572 88.28458278739245
59 28.000991587852496 19.296535073178205
60 58.69338054106089 -87.26890211075222
61 -34.49299785887365 -3.902108106754355
62 99.08116110193268 89.10653447824058
63 83.0010843652918 -56.79660562218463
EOF
