DIMENSION :63
NODE_COORD_SECTION
1 -0.8824358783090531 47.58465377181719
2 -43.57548644722789 -56.59797289895601
3 69.63125592772931 72.57761812055978
4 -5.988680937630832 -25.86382790078534
5 57.594199165044756 30.52977824894046
6 84.17328533639002 70.9210917616756
7 89.57146693041452 99.85893650622168
8 -7.64962039476076 -87.96662027041071
9 70.1189452566482 22.874772474239364
10 -16.395962548584393 79.03607414943679
11 33.667592002275825 -35.19000730920429
12 -71.90851154270806 33.44485407990658
13 -52.56901524877953 -50.073905386085556
14 -89.5892614810071 -91.50317741569283
15 -37.318880776232774 -0.9593447456838646
16 -72.63193915534461 -52.89295588737335
17 -43.53597942645815 89.11218439175701
18 -30.928307790691136 -95.98782980740947
19 31.80323479925468 83.0575270978951
20 -30.143236169190374 -51.73560681289424
21 51.66587899044336 36.765998508240216
22 -11.60175290583463 -48.346773135829665
23 70.44245651849755 -19.686651023293564
24 -69.52995031821176 -70.70352029338932
25 96.41823558948116 -8.332140867325904
26 -36.83977528769584 10.55598943955232
27 -30.309496257463223 -66.28018151928383
28 85.95350222853625 61.59766786990127
29 72.21267042437921 9.254774210453732
30 -78.05576525907028 -44.67046663688403
31 -99.87739273362892 -96.47001344205077
32 71.54417145286288 90.11539504565005
33 23.239336518420714 -69.59748277752564
34 -68.59886368109882 95.57599613987483
35 32.58858832561327 75.49657919454057
36 -77.15374593734748 -68.04658623211257
37 -65.95553890308368 -61.3132899246386
38 -2.9610738262532834 -11.071358835858263
39 84.65085794544314 -81.78757428212967
40 88.08025504963771 -79.5537465484591
41 -12.087034769953874 -49.97082857238557
42 70.71729620669456 14.01425249053419
43 65.32569421125615 -81.46073763912396
44 -54.138031376112174 86.11108422568955
45 -96.36759811430582 88.6357577390367
46 25.00008009311297 19.746058218632356
47 40.7839412087431 -25.968828470003658
48 13.667474613077957 -84.11670880303011
49 98.29451446484916 -46.868042141567344
50 -95.47814311547272 17.353515018111835
51 -6.332532158709057 71.25890604332983
52 82.1404246456988 82.04200859597972
53 73.79064711162891 26.802484828222205
54 14.524995244599822 -68.44487982677497
55 98.67757646603908 -71.0586695307432
56 -39.60211873850283 82.23178949878124
57 74.65721797341908 35.84114807269657
58 56.72333030931833 77.28056430194366
59 -12.908352597582336 -65.20974881615055
60 -32.50908874738161 -18.01321574401142
61 -85.07241345903634 -90.482796545036
62 -27.35123872587269 78.34844030246822
63 22.86424352717293 -45.02512825233327
EOF
