DIMENSION :63
NODE_COORD_SECTION
1 22.239473957834363 -99.09532257237719
2 5.567656112889068 46.3272605192995
3 65.98785176174286 31.38610694118813
4 -7.5667422659974335 97.1347126726856
5 51.97722836761045 -82.87361221951332
6 -89.84924142759823 74.47933349008505
7 49.686164754388074 38.29755152206428
8 -83.82477902706415 61.027103810007674
9 0.2741900952210443 -33.04208709710403
10 -33.56631662409508 23.135990450641984
11 49.28012146178463 95.59436142361187
12 -32.04575390770323 54.83143401476701
13 -71.22796053766058 -45.72207740482212
14 -14.008676424627325 54.13596937358193
15 -36.65536055380847 81.11162507200876
16 -24.937609826561186 23.482797790720866
17 59.71127174915685 -27.436350540460097
18 4.288035928990936 88.48199957640418
19 -93.76038212224628 -66.55716633511227
20 29.65377500853154 63.09736341600828
21 -43.36868740997104 70.68772224401118
22 -70.71148323776717 -45.669354150268425
23 1.0476327641299292 30.80432129590116
24 -37.418688386083446 -4.200641159603478
25 38.33478338577942 -32.29815783393184
26 39.93439644866464 27.1330238653195
27 -45.39615654643106 45.839742168925966
28 -2.8227557988059573 94.90210369387918
29 -13.727811555881544 -66.9864747807687
30 57.1428229180886 40.83268157896313
31 99.77449276401256 17.770641384719198
32 30.633823129194013 -35.65074863593867
33 55.50326054190518 98.36213421097807
34 -40.016745319262334 -0.9732039428937753
35 40.14016925914248 33.2995103139034
36 40.64027405389666 26.32257273783101
37 -50.60879467172783 -81.99948258742573
38 -30.31127665568367 -35.002949522265254
39 82.24010524547333 -42.32844857778593
40 -35.06757206624742 -79.07755592536311
41 -31.81388148475517 -56.51157458489537
42 -25.842164713565552 -40.48361009181014
43 90.53377288872349 -92.6986427026264
44 51.4111537754934 -28.172583199529782
45 -8.34619713617144 -70.49596649688219
46 -84.39627671460428 45.33785818782695
47 50.235990928806046 5.370768976658653
48 -73.51410827734234 -78.16105920721213
49 -94.09374555815214 -62.92028121157494
50 -85.99375689613746 -72.72813796034896
51 73.18184164457378 11.804230083234543
52 79.29957291318635 -7.7823080388353105
53 -65.40993844721194 -49.3314986281463
54 -50.97636970129311 46.758057288274415
55 31.877606077312578 69.02776030929266
56 -90.50892083294994 -30.28242579620442
57 -15.411057401444083 -24.552815963446122
58 -26.980125001334116 -0.161914410846137
59 56.89399481237541 54.917934789521524
60 -63.84839805404945 75.22378544987487
61 -33.603278590293414 31.262666795885423
62 -22.135908982127404 -42.56453169483845
63 -17.24209234007526 84.34701525468955
EOF
