DIMENSION :63
NODE_COORD_SECTION
1 77.90769053593596 50.59371059633065
2 67.29686753918426 -28.957170682374738
3 83.41206435870993 11.280267195912757
4 -45.18219178982481 -80.05815587029622
5 4.733216662610957 62.20870619889101
6 6.1170097437241395 21.040564395253497
7 -72.8180058316068 -13.446675968898191
8 -74.41729388736648 53.26610328896052
9 -41.88231787040997 -42.5476637304443
10 -88.28032763431695 40.709416110135265
11 -49.4996755100767 92.39941467813014
12 98.02147680529731 64.72449116865937
13 -65.23999709760648 72.42341293697109
14 54.51877093440592 -22.42578903439538
15 -27.46094939445291 52.551757652263206
16 -39.85852045942051 35.23155182027651
17 -40.66037703939174 5.091826761063587
18 35.13448300740296 -27.391227611812724
19 97.83567042336361 -16.44613248298276
20 83.11777773687388 81.4013952637037
21 -60.415079541915496 -27.422028833639445
22 -66.01623658046873 18.897792181990752
23 50.10302604154785 -1.983273488745425
24 1.6758831533934853 -24.480683591249303
25 90.73857101267137 11.364238015005284
26 74.99433408861248 59.51983704596606
27 30.514267727634603 -65.98879002933927
28 44.926133294576545 -80.81219370685444
29 -97.9238517811488 -50.65506061570597
30 -61.40148044580507 -83.94215459486698
31 -1.8808418061241952 64.50204051469046
32 -22.194015813668926 -12.946933118389765
33 68.134182617047 -71.37915851461669
34 9.163088574738225 89.14327981705677
35 -79.95205526456155 90.72946028839183
36 -36.71351050948288 7.018379834227062
37 57.30395176238298 -92.05543703001682
38 -7.988597075529256 -77.55975598893204
39 -10.840889010228793 -26.555060556436885
40 5.499151242389331 93.35052244506034
41 40.44724199818174 23.723117439000816
42 85.19405308670741 71.47577601511372
43 56.78724333448827 5.907126539928512
44 83.93945937099915 99.08550218309387
45 -47.80966777476357 -61.51614610993445
46 41.164337119175 68.72258917482907
47 -21.752823839397493 -17.45572290559909
48 38.90332167855644 -95.86012096762924
49 -92.44755227727812 -44.29001895941565
50 3.5147400363904495 26.34051275285117
51 18.75081346111294 -32.810501420547
52 -81.6873179327599 -94.46613489298979
53 46.564941762363844 -70.0480007012829
54 -46.06928216942503 -32.01714824109827
55 -82.60726118228487 14.794927399258427
56 -53.91349366228408 -73.8674681672518
57 -70.46255735908261 51.1212695322869
58 54.517983709284835 -68.9260361077404
59 56.860968012271826 50.53121041729537
60 -77.78652641901355 8.311306720095885
61 55.62723728361868 31.871933629539257
62 20.659617062519246 30.96426281633626
63 36.52901148010855 -39.82153234116459
EOF
