DIMENSION :63
NODE_COORD_SECTION
1 38.481566975420634 -47.61213692158055
2 -20.44722274839708 -6.2966120921140885
3 84.4622356441136 77.12596474748955
4 -77.57463506743892 -28.158053347933105
5 42.22255938569472 -69.37429428382336
6 -98.6468885109975 -21.572026664244092
7 -43.28439178247976 62.7207021758264
8 80.1283047301273 -3.839132413517234
9 -52.38526272706092 77.38242415293473
10 -16.072375197419703 -84.49400934206031
11 58.619367009792654 -79.81590340198936
12 -21.932881639286165 -95.78529578978412
13 15.825476033881117 23.121783495859873
14 3.737519808738597 29.40727743429673
15 66.23618592539836 22.838863824554338
16 33.689817832705984 -52.809339460926516
17 -3.4105370133420365 23.964048014796774
18 55.56771979562615 -28.92793415712056
19 43.0315158107384 -33.812769394892726
20 -83.44003570307154 -42.0316099599132
21 93.76598364715863 -28.138495794065804
22 70.27226869548227 9.400627476801702
23 -40.33937121674032 0.3337326099674556
24 -44.80492769451381 -24.498563681792902
25 -58.10523012670641 -84.12985672757274
26 3.869832750113858 -29.246914724075765
27 61.082295184775546 -12.042602210263766
28 -67.16671131389491 -37.08793449797787
29 -71.09340670073085 85.92383741144295
30 -4.354460368087999 -19.634210246035266
31 -58.84461873827049 4.239423377463652
32 94.7844569971547 -1.7942790313745434
33 50.14491041652445 60.517160267755344
34 42.915418349962124 -90.40954522909293
35 34.8746027760146 -54.84727027594645
36 40.021989217744334 -33.48864734554631
37 -71.14521406322481 -30.296827467688203
38 -9.890295984139755 82.86223096424831
39 88.40168241594816 -39.48046351582266
40 19.67166010842223 32.7538828846628
41 88.29538440254481 74.81239010112216
42 79.83121268426095 48.30310431393718
43 17.048201345310915 -21.75671675129503
44 15.053625197464228 23.6650505370458
45 10.63218664516981 -83.70080532186904
46 -36.45493028572078 65.86676964233627
47 11.366307823431157 36.121107196127525
48 17.933949191635207 98.03887014108872
49 -32.23470592865043 71.12195043102457
50 -80.44393011753854 16.93125178512051
51 1.5036402894486116 -12.356870176477813
52 -14.358189834157486 -65.86200011776846
53 59.25000271020167 11.063031449337089
54 75.92983497427431 89.24553599315351
55 39.978602511764336 -1.8151765559375264
56 -6.2912904560676 -86.84280598282999
57 -57.53410771728089 3.3950727876384263
58 86.01409029819433 41.136460929744004
59 13.03235564639229 97.99867821918667
60 -41.31411250228039 27.650185824329256
61 -9.8092700552356 45.29964835305259
62 -45.78369219426639 98.88210751111833
63 -59.286312843039624 -91.58854021606389
EOF
