DIMENSION :63
NODE_COORD_SECTION
1 -82.79396421645376 -0.6264724045716292
2 7.074491311617479 10.517049540248152
3 -27.645583441983845 8.627072438304381
4 50.031439426364784 -88.44195560805895
5 -73.89021624901073 -40.82951226036371
6 -44.74803979501212 59.02688407082661
7 55.48436919192278 -23.629290506040064
8 -38.64481117749503 93.32826521962343
9 99.53797198831327 -20.493081928905994
10 -20.411120785282506 -59.02206915283106
11 23.48996986740046 -72.30856953558542
12 -39.529002276017856 1.963837837961151
13 -76.24981834027516 14.718833660548782
14 -45.75365152643289 -45.80950051988597
15 59.592592968276534 -33.02454444076466
16 27.15169275236407 87.43936884084985
17 45.047288834716625 -77.04466373671755
18 -41.04077494862335 -55.682853544903075
19 -36.31237851251126 28.59287986903476
20 -8.004941488445809 -58.04694044628136
21 -20.65878688065969 69.53646326753162
22 27.805711993692995 -24.25489662519567
23 -92.64514690615835 -20.348659333231623
24 -25.12766192782729 -34.755583069933664
25 -16.1049403897441 -85.54581923615754
26 39.24887072949255 92.30587333877025
27 -75.13253156078044 -41.15417040264335
28 19.726868304154436 -97.07774883536653
29 -98.61005847076567 50.4226163337199
30 -79.89357961213754 96.69815382941184
31 75.35573916786899 -57.189018835133965
32 23.379038136253925 -88.2908544126714
33 36.47468521411298 7.883916983514098
34 -13.895050110017479 -72.46956404607269
35 61.281835628588226 -18.617973379605914
36 -94.00612222450455 55.50869541567923
37 -25.045269844144926 -6.624099162406466
38 91.67488698476151 62.88945182260099
39 -61.61816126425295 -6.829301533706172
40 20.867441633284628 -13.798240955544202
41 -94.22360851495795 -22.332232682657917
42 -88.35757092937506 29.340770739104983
43 2.231362173574027 62.862326833946156
44 51.188357066212404 13.077945434548937
45 55.96285273174624 0.0701431985062726
46 -72.52529900434668 -54.73224974398636
47 -13.409091238856078 31.64038463850966
48 91.43064952420346 14.80861853265067
49 98.65798920688758 5.3256800995979745
50 -59.265621048761254 77.45516214262994
51 -41.31270584318729 22.144706376578995
52 61.03423260531778 97.86764079370448
53 44.43440025983426 -20.513532617166334
54 -13.599949878192646 39.82362928288231
55 -53.412662284545 -10.630334217612585
56 48.029192981366606 -44.69385581174474
57 -23.97814344140403 1.1845222139153009
58 -31.29147216573429 -86.7787423746164
59 -16.179919338438495 38.90852677767208
60 30.26019461865843 -70.21245966414891
61 36.612372264247824 74.70159841039188
62 -7.824603659932919 15.178591752830911
63 -93.59618367183012 -96.04972471742079
EOF
