DIMENSION :64
NODE_COORD_SECTION
1 -73.23539826960081 77.8850280612576
2 12.174524096906737 -10.814754968685463
3 -74.22976331967101 -82.72986921215252
4 90.4982468192782 -98.29663940022564
5 85.96919557032331 -51.439260392955454
6 -71.15192006376736 82.50456300651516
7 -77.57062590394787 -29.659199924013777
8 -48.14169390054266 -14.662976401767395
9 -49.63524975587737 -86.111422572723
10 67.28769540223806 -72.15331005007445
11 -30.93727844062377 -2.995815644117954
12 3.8238166887102523 27.535703174655012
13 -21.439202712788813 -45.10050216498402
14 20.226185072383004 -44.25912507409993
15 -80.222984190153 -24.768225798861508
16 -42.53037838183711 -12.798193564995032
17 -38.97504359037123 -51.84861012568081
18 3.400779524064916 97.20225882931601
19 -32.679138633662475 57.27304766349283
20 18.52233459616177 63.93255253387616
21 83.61688468603506 -16.231033476812854
22 31.8708970070372 70.63467547915985
23 39.07105790341407 73.32162546874326
24 -42.44371479522642 -29.74397989356177
25 36.69112199098055 -75.53735941286297
26 -94.61866310949105 -25.248461514310463
27 -68.83402294869232 -3.1365154067496377
28 63.06302349620739 61.83840194075373
29 17.424996171228898 9.43271613384529
30 12.92715840074446 53.92102571858865
31 -46.55790712085051 -99.38638491183585
32 -87.44939384574401 -82.93130600842842
33 -76.97210773712226 -42.93499347282723
34 16.676416522840157 -47.658175387465505
35 -92.16996369314352 -18.052765437549397
36 -53.171109888856364 7.427088305013825
37 82.48811928051057 70.32426206507697
38 -74.59288157972206 23.45573209398242
39 72.866347740783 86.7319407215198
40 82.63716754358501 -49.95669857439105
41 -75.48637922840166 98.75158235471841
42 -82.38544712557758 -88.99671257102955
43 -83.02280165925515 10.46696852659501
44 48.77028022159169 83.8510735824178
45 29.32278799535669 60.97208467055739
46 -75.55472287859271 68.12871836470055
47 -86.80964594868851 -94.36417640685282
48 -19.140457336516775 -39.25483887721099
49 61.941608508232946 81.61906750374015
50 32.61403726821618 -69.05951831728699
51 77.93158872997944 -25.821453689614458
52 59.964708928186184 -6.853051287987228
53 -65.33657757372602 -53.4190520008478
54 17.459833649712778 -87.06641832113671
55 -93.43816608383185 73.98987382978058
56 30.133203719801855 -50.61492619713219
57 -3.672455521477673 -69.52281880400082
58 -33.702597161921986 36.680002822213
59 28.311323727715205 -81.6505096703835
60 80.08291075005454 38.29720032414312
61 96.07293620484131 -99.73054980089447
62 2.220344057685878 69.19341477607128
63 -46.733116151986785 -2.8092913005278746
64 24.16472562255609 -25.540768725882984
EOF
