DIMENSION :64
NODE_COORD_SECTION
1 -66.52579231110988 70.97556986755316
2 58.8765430339094 15.06586538770533
3 43.359724775703484 87.64694215642564
4 -5.6715736392889795 81.14303021865206
5 11.643527566254292 90.40636917691867
6 -1.9716968169918943 57.28613158372943
7 6.707582398408746 -65.14472440583953
8 21.19818986631867 -71.43859487241066
9 81.38666478766484 86.69001088108624
10 -29.24575174929096 -57.93292299200683
11 0.3160983059966611 -9.077594909658544
12 69.63307779174289 -36.05106099516948
13 73.85697553015322 -29.884094842566242
14 43.5349361805352 37.63907507933942
15 51.8032346448243 41.21851026442488
16 -31.75466091079086 -16.61267063713214
17 62.30146986073342 24.36293232657431
18 9.54793693979461 -46.43077813541272
19 94.89096203856553 -67.95661716751903
20 -33.15682438291894 63.91795726695605
21 21.297951962987156 73.367460877202
22 91.93879234149043 -42.25771728639831
23 23.59475583569106 -14.379306089875968
24 96.07982351805177 28.3560953959674
25 -43.43908010922759 14.170380356416999
26 -18.862721195848692 24.35964755443034
27 9.560040825186817 -98.22566503029257
28 -65.02381159067778 93.07626709173437
29 52.97265060126588 -80.3506332728542
30 16.375445181657994 -20.637302589213945
31 55.20190623712267 75.1931875166116
32 -78.52677921292337 90.17506992472036
33 -61.504425100472474 -34.957318014166574
34 -28.43653657370737 59.68666358413097
35 5.304237756039669 -92.80952834151344
36 -8.82960239344321 -94.58231135804884
37 11.622256288089304 82.17067944842356
38 -44.320293897441964 52.75131798764809
39 89.73461667597422 -59.13596689737501
40 -20.593585516341562 23.374340989590394
41 30.019252697341898 95.26136865186783
42 -12.1687937658332 32.594768299335584
43 -80.06883280224271 98.5637142849794
44 71.83846789039708 -78.84706656984491
45 8.021021608261279 -57.713796171400354
46 57.14076896048374 -40.94348984300542
47 -88.18236505781734 -49.427888948529095
48 38.676289904694585 -97.86587594684471
49 -79.3697705003642 35.712359004130064
50 -72.38298881577239 56.41610095942909
51 -42.19705228486057 -6.0950365868852145
52 37.72724783160862 11.115130793914815
53 -38.31938131924551 66.57781013739438
54 -1.8364385661877378 -62.10639697371947
55 20.521456661683857 -29.86255247705978
56 21.408684667502058 -77.73159075633305
57 -46.1812686530432 5.795366654600471
58 -22.116350071466286 92.41813832907371
59 -29.029773435680426 -98.83744369853173
60 32.8838469969439 -58.6784007395567
61 -42.039259223447715 -93.4080137927469
62 -13.163608894559232 0.07071595694154098
63 43.69945868351985 -28.21212092790735
64 -73.52243413697288 -86.63515470765996
EOF
