DIMENSION :64
NODE_COORD_SECTION
1 -87.1391977747509 -27.228496107688912
2 86.09633613764177 82.42315198140494
3 -56.71497286107234 87.08928677831673
4 45.4058827839163 -85.79081427315847
5 41.79794626647296 -72.71775048575049
6 64.2399177910726 -39.74641044722702
7 36.00328972894863 49.93277511229704
8 83.08237650275103 63.653299162800494
9 -94.41508394569875 48.56487467874672
10 -55.44661694325579 -2.447833040185003
11 1.756624306521502 74.83005261164851
12 -58.65461925320285 2.4421618660111903
13 -57.56994554591901 -51.525573281073946
14 65.96686678939483 40.70335223459787
15 -51.194967387012454 58.16823182046781
16 -91.04490037334484 20.952302997001198
17 -78.68664947556658 39.06818598199598
18 -49.92931644484704 -80.81751749241441
19 66.32330565672632 28.022108131537436
20 66.08863389994204 -70.65558669713656
21 -20.260819720840345 -56.38572375965669
22 39.15184077071291 -87.07267489869814
23 -30.393847280283424 -84.21096767224492
24 91.25469855445729 85.2681447261684
25 57.057859502862186 98.5793424946992
26 -6.724006266240963 75.72769683042034
27 -66.57971036432198 39.505879502098395
28 -98.91814565727029 29.538110548724916
29 -28.987678876330918 -49.498563715044774
30 -43.428941623258545 81.03940697987878
31 -13.84025740870456 27.754442598863875
32 58.13656185977712 -78.8126451054533
33 35.166135024072986 1.654437123896301
34 52.868731103719455 -93.37122472348993
35 87.46063934824849 -36.93856944763725
36 -68.07276958971534 13.304453873079723
37 -35.130896182882566 8.41018146186721
38 20.860153894116905 -75.54605586781264
39 61.93171284511058 -26.300664809180645
40 48.25055982622129 61.060614044595866
41 69.41676124741946 86.2046650505419
42 -51.07798871399125 12.189282667575284
43 11.656790566955294 -47.20553539917112
44 -87.96353181949432 3.33294091962037
45 -21.94011395514481 -74.98556502048416
46 -80.2307189684941 -47.20092353748975
47 -19.874533670471635 -66.35169867812493
48 38.84771431299396 -90.66986262394559
49 -2.4795452520549617 -30.750479137386307
50 25.0908788432576 38.56682587407681
51 90.2483277036034 -99.82145285874233
52 -19.809365225729096 31.626907523872262
53 48.6701060916304 65.96910340401874
54 60.324492040328806 45.98630961549941
55 29.112794165347708 61.386008388582496
56 -22.206861623812685 57.013306529544934
57 -19.972481875263654 -64.67379723410863
58 59.72680227933603 -2.079241211342037
59 2.1360330756326533 68.75361048447365
60 -67.99379042849588 96.56526573646997
61 -94.26913547087248 67.14759837862763
62 81.89537876805412 -20.563667663981676
63 -70.72897503460871 -94.51618365793371
64 19.485244155636124 6.342573826694803
EOF
