DIMENSION :64
NODE_COORD_SECTION
1 -37.494063192901805 -30.673739682833585
2 -0.2726253070782292 44.49647127507049
3 0.9346166842923083 -40.093001594984834
4 -14.78024169514704 -54.41781649236399
5 72.39485181152926 -93.11894355690566
6 31.38600163429544 -93.18085079031668
7 -60.61052710070427 -77.02620866942118
8 49.73548535371637 4.110095024920099
9 59.060517637499004 77.72446523350348
10 -86.44953419977715 -24.82116910907179
11 38.161459571963206 -13.96946985041798
12 -84.04595921881169 58.21416233397571
13 6.7163390507225245 97.19187235238567
14 60.25447605965226 46.97145230577115
15 51.07007650700234 61.536220901807525
16 -95.77276803412423 -10.098728891550863
17 -20.739059324943042 -64.50381739519707
18 77.84767054827196 35.288805493204336
19 5.122570771714635 1.04722772970851
20 73.08890752964962 -69.94817514799037
21 32.24965462283478 21.70520320030849
22 64.75090107676516 16.758829835662652
23 94.93780176764275 34.820865745572064
24 -37.111597396006644 41.5933115853893
25 -29.565174605680284 88.69804299943439
26 20.256928882932897 85.40399955482846
27 15.317079729900968 73.10116105773457
28 -77.70244607291257 60.64502263949774
29 98.5312385892071 -36.993230813281095
30 -27.467210716960253 78.92401327877707
31 -95.3817660943081 -2.0070279118648386
32 -47.15252882606138 -12.959724174528887
33 62.86289429141323 -46.55044538189039
34 85.98005074023979 93.80906679827743
35 -78.41085941351994 -75.1692614158732
36 56.65134703435416 -34.36769771752108
37 -68.45264432584592 -57.53840546088138
38 58.109245276946865 -44.31010747254134
39 -71.68302232386192 61.948104610896024
40 -77.5304315630079 49.79004943636818
41 -89.12602137682359 -65.9699815290154
42 -33.915287859715534 61.330949604669655
43 1.9494672619744478 47.75468639775809
44 35.273356299990866 -11.509775227142654
45 -54.46780518938703 62.13905956994097
46 -26.903920506585408 58.672827449335756
47 -52.15569716449906 94.02621195317016
48 -55.53682316509929 28.41173898104475
49 -99.6537938286107 -86.36828231234178
50 -45.28729498196444 81.33031376586607
51 36.80311054670025 -85.68571604978091
52 75.89820691871583 -27.561143220334145
53 71.17220211989255 69.39419780946864
54 -44.62279665669977 -96.04778187737884
55 39.04605918226463 66.38202707009714
56 -77.10693473170893 -14.020701081516535
57 22.614488751268453 17.769322845538454
58 35.194457182366705 34.84927245689255
59 77.58350550446954 -12.428142105722387
60 -98.66188869654748 92.50352767132273
61 0.21668457842467603 44.10524268473171
62 -82.82776139828303 12.29636503679275
63 73.640826894056 52.011651943948294
64 4.0994772394853385 -50.28854217698093
EOF
