DIMENSION :64
NODE_COORD_SECTION
1 -1.7372313401361197 -88.13443795853324
2 84.59364914853691 -21.215987015551093
3 -28.449204618331777 14.587107712989209
4 -28.492947443976945 1.92594013726044
5 88.91804865322166 -69.3882521751859
6 42.2334516021908 3.3481649298388447
7 11.810810734567738 -68.07783124611913
8 -95.93730201204116 -11.067629519159937
9 66.28563347039011 20.255396419659917
10 12.343316019006238 -22.010031728841213
11 -34.916353995239206 -57.38755347338611
12 -8.83969076004685 97.19168842138728
13 -82.46765012611854 -32.96651609453431
14 61.67998281257172 6.970382607369643
15 -19.520742819162848 8.21983763255163
16 12.32308327271312 -99.5334329916871
17 35.68824703219008 76.3732354047938
18 -57.22075106857876 -10.499624185920226
19 92.60616239010795 37.66163157874843
20 92.97720631517191 -2.2823607941981265
21 -89.86634213664422 -78.98983668214669
22 28.47688009036068 -82.02817020644628
23 7.010889065386209 83.45476550802488
24 95.3509293753477 -40.832293208141145
25 -12.344816181576718 55.08506081787979
26 -19.525042930066945 7.206577074309763
27 -51.23552611186631 24.64218834609497
28 17.247185642261016 55.337106206305265
29 -48.273290027840574 98.12631424034606
30 -37.890178747821814 -78.87030335878104
31 -53.147871291669844 65.30761790499935
32 -66.15397441181297 -39.54347300582379
33 -82.32819460727612 42.82364840454781
34 55.4779879616911 13.273394817405219
35 -22.977602017033234 27.584897741118624
36 67.69301221512731 71.66353751277109
37 91.3637125152031 90.49967893137418
38 -6.923793808819852 -52.48227376127028
39 35.75206249455081 68.06826859945969
40 22.029981894879953 -64.61099820990314
41 89.11919853431638 -31.81453840827031
42 -35.88809337934049 -84.5256667793372
43 67.98296140956336 96.52974485121132
44 62.62430579601181 -77.66022815693903
45 -33.55753788960911 -68.79374073254317
46 -94.3596717318151 -83.08045352482192
47 -78.71289782280195 25.849891384752894
48 -16.747084213919067 -57.516275395788874
49 53.275435459140226 -94.81613889951032
50 -61.31543878907999 19.68302994782016
51 -50.88380990481254 32.06819880769311
52 -60.00259585400196 41.44357395897839
53 -56.58933829170189 71.3616162975587
54 59.494716738287394 -34.601760283109215
55 -64.20809915055435 53.45935391023801
56 89.50637902848928 -30.294441665339804
57 35.723014575951765 49.15850673536491
58 46.10256817423587 -62.47903235824401
59 65.89314557350679 7.541658381762417
60 -83.61861649256686 66.04938218903482
61 74.87654009140681 79.85842530389124
62 -9.672223127169062 -41.97782437277413
63 -89.30349876724006 54.923792893103666
64 -15.157435379618974 46.60553419158583
EOF
