DIMENSION :64
NODE_COORD_SECTION
1 -66.44152457010568 64.06620585306254
2 -33.60203825700508 -30.495364697405392
3 96.12751561109033 45.082661103920515
4 -5.369222498472027 0.9204789626044771
5 52.784866097122006 -28.594979660667306
6 64.4986266864357 89.17093367595464
7 -42.458069264249374 51.09059320338545
8 72.13908115582242 69.28138462787322
9 54.39194702656616 37.135808872707344
10 29.197549169523683 -58.206432533524286
11 84.9067351699866 -39.65574637141056
12 -56.363037084345095 -81.96203581272108
13 -73.37027253685433 -65.82099108644024
14 -61.316842410294335 97.09809333165805
15 90.46952459568288 -3.8194517376906987
16 19.06735802727748 -10.463639898021654
17 37.52500713469382 -65.67938865372815
18 91.57870170841394 -22.634966270515136
19 -10.750617581024073 61.70145449975854
20 -73.95869084814552 5.410067126675983
21 -0.4127827534959039 -50.701073137376326
22 -96.81806980899256 -63.87040666754431
23 -66.30488335369971 3.987008225326022
24 37.45583214438139 68.11282782052669
25 55.0831037044436 87.87033666328219
26 85.75012994422013 -82.10062856430092
27 -38.509510812900686 -85.00956477590458
28 -43.01474854696983 95.42278260959603
29 29.53652930723331 -67.23963571170583
30 -77.01310194470375 -34.70352707855568
31 -70.8373717304071 -1.9783669186387698
32 97.60238823655843 -20.675964063124837
33 -48.890381250627456 -8.593835266264605
34 98.88675562161248 90.03009326164317
35 54.149964412666606 -21.274691283920518
36 -61.714277217958966 -89.32808895050181
37 83.52150380379732 24.396831740415408
38 -8.90604211631036 74.10601141345933
39 -62.01416555332489 89.45997909158507
40 -5.93110207071561 -38.95183924259662
41 -29.83910598413388 5.517674546085516
42 -11.068290211825982 17.679076520229515
43 -6.745892562730347 -94.01590296385365
44 -15.411283623379845 63.21234859855741
45 -62.951235449566354 -82.69522591003371
46 46.258044536143245 99.95505521738855
47 46.97301127771297 -34.644411307156545
48 -63.712062520322334 -18.44430692304195
49 -47.692594104884954 36.01601019417774
50 -70.69540340494179 69.5480282739747
51 -56.93657709329227 -56.04903232620715
52 3.4291173149155583 -86.03641208158157
53 -10.207969796045859 9.924883121932979
54 69.6545431209938 30.69959459073067
55 16.557879893357324 24.510379493430378
56 43.07570970266062 16.493077599303234
57 94.54126690144903 84.84330762603383
58 -17.48402343809208 -58.23382589657102
59 -37.79338640081307 -68.88526907493788
60 29.196741996891745 -7.728500396896209
61 -2.2972680996648904 80.77966265439403
62 60.44689447173096 92.38059459674704
63 70.13672307804495 -38.99876151611403
64 41.051231182453165 -63.97739902777151
EOF
