DIMENSION :64
NODE_COORD_SECTION
1 88.53014599229775 56.01599967775368
2 -25.56651601592202 -19.188909928551
3 64.31856758883902 -81.27559602773309
4 -5.479378535031245 -33.22830933310482
5 -6.512820605961096 82.948415610154
6 -92.17830268013401 -95.53627280714853
7 67.27212987830904 48.208645418831765
8 -52.30582396599004 7.414028513876488
9 23.517728201458283 -31.892670766004414
10 -72.24960430975875 5.547161132546208
11 -3.4599568783373513 24.34015284905402
12 -29.108848503505385 -92.91010364299355
13 -19.98669454757878 -93.5185573239544
14 -75.67349471062647 -83.41833202402728
15 -87.66652082212403 -6.625992576840773
16 -49.00473532481675 55.31059822019054
17 -73.86012908848112 15.743977595717752
18 -14.353905752883406 -95.09124668311262
19 17.152300317643054 -5.299889172999713
20 22.944684308378726 -99.49570243152566
21 82.20776797872179 97.06599736584994
22 -34.67688926063448 -63.25762093319103
23 -47.642627264847334 -73.96724876388359
24 -0.11103654714219147 -81.84951038234185
25 -95.88953573015348 74.40876293167713
26 -3.4365049968855033 84.73827734189149
27 -29.61014222836735 -92.21774123345969
28 23.71945361442272 74.38570304975968
29 -7.511594608011052 -83.79870177363591
30 -37.059002682624055 -54.51240396280479
31 -44.70632548271283 -24.484903463514243
32 -28.87047292070241 -23.513350705265594
33 -69.72575848181106 93.30949673859706
34 -13.969132136826516 -16.65892922056355
35 -85.80249000252265 79.40851963138309
36 0.3608363169887383 -48.36299151840129
37 -3.724390375390186 77.20297044257302
38 40.0577251917955 -33.02993825449812
39 12.412479712687954 19.606167467903518
40 73.79184901098287 -54.61577927890684
41 -47.54821983167139 32.22589668996321
42 53.713836269747446 -84.92939317555894
43 74.80182814917512 -3.6192528185855934
44 -58.47508111965938 -18.807556489174786
45 -47.45957591528873 -94.12188357174547
46 -90.69595818610073 17.616843021267954
47 -73.92120859865203 -95.98989054248663
48 -78.87184381946662 -27.502070813912667
49 69.69068520283034 -28.987238303213474
50 -0.6263760397398244 49.069952050633134
51 -7.311022749892302 -52.727043611530576
52 58.68830589251695 -71.32687523167924
53 -9.241107065946252 -76.14340725080243
54 50.97528292465074 39.94893284486582
55 38.933428051565016 9.470433601387441
56 -93.66905631801077 46.30570790128647
57 74.92308692121716 91.75939278905668
58 -22.26842814723078 23.169462722691804
59 -40.01128865045354 50.879823887182425
60 1.3641842267810347 27.19880013215203
61 24.27266019130225 -45.4214246645807
62 -30.151027090800355 -78.44294989465345
63 4.4801752541038695 66.54664971147582
64 -17.797819298111904 14.498620401387896
EOF
