DIMENSION :64
NODE_COORD_SECTION
1 -82.89182715016406 68.8421168077821
2 -40.10945479534247 97.80929234929351
3 86.90155235571314 -73.04919020725033
4 14.448473243262 -5.544673039745504
5 37.40433197291125 -52.16057075115934
6 66.78368004193348 -4.475275075991107
7 54.15769675888734 78.92428962331758
8 -82.69069134173957 42.95892275788927
9 24.965501897875868 41.01447747970323
10 -89.11325776709072 -29.640814308918834
11 -92.48087233275781 36.00286079881914
12 -79.07493201387172 15.562434049807024
13 -68.4705311288397 -83.81012243447678
14 -15.297809968791327 38.93245463206091
15 -67.67949214271098 98.57129860797815
16 67.81900542275233 81.1860977614439
17 -54.9347361257744 91.21042083358023
18 33.54951405003334 -31.011998813982473
19 -97.67831632886192 -86.14595829245542
20 -28.048574545282463 82.21167869535023
21 -27.747544914962518 -58.759238381404224
22 3.953325244273273 -66.32137615842268
23 -49.11064983045894 -24.910893671708536
24 -82.76405367872464 80.35134028103005
25 -20.970728048969377 59.542139803831475
26 -86.42313142114764 84.37013918095712
27 92.82570405498493 94.88415963068925
28 -48.57070897499729 -27.012295875035193
29 -63.134150464908714 75.63433191772754
30 52.857208017735786 -91.63061415241029
31 -30.499674284821836 -18.339065578384492
32 -89.44907955655246 -28.608635795054198
33 72.41879313417817 -15.250858480044997
34 -21.50172741133079 87.98278283190487
35 39.94151460093619 98.09430825943144
36 -41.01137285621268 -17.777922405583908
37 -31.77663475684595 92.48160326513045
38 8.978132837713801 27.311744799766103
39 90.54337442310333 30.452236609364007
40 80.44646256732472 -16.280083067544226
41 -87.92049172550654 -71.45479309228236
42 -17.77337260681 63.19109998081066
43 -13.955158909920556 47.74284668524737
44 4.891195162001509 -62.00742774755963
45 -57.212035126695994 -66.46260836771262
46 85.62968660135175 26.676889337115114
47 34.43694540024089 -20.425152633107842
48 -93.34646943127622 30.805160400696735
49 89.89274053076443 -27.378476904655628
50 18.51654298886227 71.489685078854
51 -11.545435494415756 -8.362344293548446
52 58.84038233676202 80.27865962272782
53 -44.91380731284058 -19.968371105133585
54 -2.71388260013606 -64.18024788692338
55 -43.691124815271884 87.70731345666613
56 79.21444364552949 5.903329038447325
57 32.932923972388664 88.30613912643554
58 -36.67117728322224 53.900266488192415
59 -55.68321768688873 17.084598604704865
60 52.69724867022225 99.27329763922089
61 18.568801028033135 46.15689433106104
62 3.899980135309505 -16.24514369423946
63 4.083578781889898 -83.62849779796801
64 65.65207688663614 87.94860951246491
EOF
