DIMENSION :64
NODE_COORD_SECTION
1 -31.1839805634705 8.572271811031214
2 -31.952719359966395 -29.619240721230653
3 -89.32804730724595 -64.41723001281679
4 88.61451654660479 -22.157761506446988
5 -21.015374256751556 70.93087747249561
6 53.34135934145041 -9.945348639435565
7 84.19106597018057 34.46474755964792
8 18.49059632259005 13.238322165039037
9 -57.69824740987286 42.64269569915166
10 -40.87716132118224 86.94170531520109
11 85.28668632708809 74.90341736637953
12 33.26191103122909 72.28861900132307
13 -72.54697718017195 57.528330243169506
14 -37.48372611043782 95.55023150435085
15 72.26855850547048 35.82731223555015
16 94.56783737558402 -31.638638830699193
17 -23.6878963052704 89.26819815319618
18 10.791132750034166 -19.685256473149295
19 0.5080549792339895 -40.79053456844337
20 21.367354717235585 65.33098627591752
21 -26.47065402947591 5.184600965602911
22 50.609266211925615 80.11594502822473
23 68.22925533338278 -16.774309015650715
24 56.814705162397786 1.181382716374486
25 49.189315303537484 48.502825848637485
26 53.81777902041995 46.31879092164607
27 -12.053021231944669 -75.4049578325815
28 5.508567413148597 57.08032494010706
29 -37.806617536222035 -47.00252656052821
30 -50.05640040731893 -59.265126409225346
31 56.20801107775412 -60.99140542698969
32 76.27103509421548 -36.668641481806105
33 -37.97631737807485 -56.06969179314303
34 -74.45407598940992 9.9153675085699
35 44.29183972674133 38.55290959445705
36 15.612610544541212 -16.390619260243795
37 76.54466531656308 -70.81415552934678
38 0.5828170150592058 -97.81920672667323
39 -17.472895901728407 95.03433221477513
40 -32.96050266651298 -31.11386361212827
41 23.498499176269334 34.51096242083116
42 41.94825363430846 -56.20616997431367
43 -39.120001457286605 8.110447618976835
44 -58.64056919689426 -77.54805852221298
45 -6.649436566323857 86.76475385616632
46 24.33581727820868 -59.31851059806728
47 -81.52908572161628 -32.86509135622249
48 33.14227774227737 67.4398233155149
49 1.1412977566964742 99.08488155441083
50 -1.4147380648447552 22.112801011174056
51 44.6755682009605 -14.378114433545107
52 -31.50831229249276 58.258355386929566
53 -44.99936203631738 61.87669520753184
54 77.66828990414203 92.73835686438937
55 64.46681673844691 -62.763597599394096
56 19.28401964559893 27.339445470903783
57 38.9813106378264 -6.468652399335454
58 0.46971842582972556 -90.60210694485423
59 -69.34652119652635 -27.7832051907191
60 -30.969193038508152 8.607294391839943
61 57.867227618613526 54.77916439918323
62 83.5203017086593 49.102215886832454
63 95.67234958863585 43.13556125382078
64 65.52101597891479 -70.92517894195771
EOF
