DIMENSION :64
NODE_COORD_SECTION
1 22.527641829533238 -20.726590019704645
2 -40.569928640455814 -53.20455222112501
3 -29.980741422681973 54.958290913973826
4 54.1572894398393 -81.35896106468532
5 14.864466811013259 -49.01374004425405
6 34.522341428772876 -43.42021307554127
7 -29.497290543740846 88.61523868712675
8 -86.17744969953675 -36.11841024016931
9 90.04873755057545 -32.80932920571142
10 61.306693701184656 -8.443609401133529
11 -49.63966446360302 92.08799343616226
12 -43.57171745498534 10.829948721696582
13 87.4100773428998 -72.04023352199155
14 -20.13264216731727 73.75683449804183
15 17.41548917033748 98.11864543032976
16 -43.26777858467974 33.290225003648004
17 10.408526287343562 34.67667491261466
18 -34.796021422283346 68.54222007984876
19 96.40181083716303 99.10022051908899
20 2.988471725357016 66.63228704528274
21 79.03570608932534 39.129112366751286
22 64.291588684157 49.43566307325696
23 7.5667753898170105 -74.45251660474315
24 21.63565008925623 -98.2924688023852
25 15.284825041366858 21.082963591542608
26 29.685995180947913 56.47284894838694
27 70.92222271977855 -26.250130167019307
28 -27.6414248129051 -75.76419099703875
29 9.345779062766397 98.24113184640086
30 -40.169175307037094 -85.52307620075648
31 8.798090347510495 -88.48721028346012
32 48.67973121380294 91.06982364777008
33 64.18162032309675 -77.50612878269338
34 6.222483103244244 27.66393321161189
35 -30.64433546011358 -59.10641485571118
36 69.23677212482488 84.74318171130247
37 66.14259121397319 66.36688886463443
38 57.589252845309375 -83.01492094193954
39 -56.2834966119125 46.8383302894471
40 94.90231119537404 -62.291578811408876
41 -20.725967552813287 53.57344895824377
42 -38.75915873976676 -83.38793509294632
43 99.36335887798717 -89.37422928690508
44 -43.09774692389547 67.67122128209698
45 10.97438837562241 37.576722723540456
46 91.74455114712632 95.97173293289362
47 2.469312481275594 17.0246856686272
48 31.088884549833494 -84.57296999613293
49 46.65953635867203 -17.931349371100836
50 -72.91560560770273 -76.26373847662258
51 -48.18860085472232 -65.92920325056156
52 43.52503928666718 26.606426841325543
53 -98.91025775528594 47.27155070733954
54 -57.54069062509266 40.1752143887401
55 96.92492973936814 -5.6303609605732134
56 -57.464478490275226 68.73538649304254
57 -15.984559519834988 -64.03125350657275
58 -18.123120969672215 -45.724374567848415
59 63.15480620744714 56.83149576634702
60 -77.61793934455379 -74.98324354273595
61 27.798127506629584 3.1704202560856913
62 -82.30138658854078 -67.96359130477896
63 56.26004991519261 77.74476642400148
64 -66.2819271622389 56.23916365338056
EOF
