DIMENSION :65
NODE_COORD_SECTION
1 -79.89845513764212 81.21713300154141
2 46.089700901013686 29.23937034574803
3 -64.02532692995905 -51.92060740842781
4 20.600452997123625 66.87314816053654
5 45.94063532435507 20.308053877175468
6 -70.98798885952884 26.64237716164699
7 57.20104989247355 -45.04374616435618
8 -66.25134431306302 -2.155568818841445
9 -30.8728951120558 -59.412448404015365
10 31.49914463365556 77.9805895824357
11 47.223951166280244 99.86777123075143
12 -52.05501622520752 -88.92778375743316
13 23.26180248220848 -73.52064028067417
14 -97.92114280938347 83.82549603758551
15 61.7898357547605 -67.82990438460006
16 -21.526115399109187 -89.36773091675339
17 -25.14946461939907 -52.08807678294058
18 -96.90921830664743 47.183555917701
19 89.56357614048974 -77.4401694574413
20 56.68667966700221 -87.48849969461514
21 -22.64984870542939 -6.935284706469361
22 -20.38407056164553 70.56439621245175
23 -61.08011579412567 62.20828495507661
24 22.789650404862314 -75.04135015273982
25 -94.25562907396632 -87.00799933777898
26 -18.212490483387356 -85.65946373795315
27 66.59264651821297 13.226313706866136
28 -85.40834747016895 60.82960678673513
29 56.80568031557968 19.530276095467116
30 88.13935638273256 20.304862694216737
31 -41.66159269689103 -23.134070554934567
32 -75.13255182390826 -89.16641009942339
33 50.19946789860575 -72.10434143628001
34 -72.3517911738549 -45.66789581418551
35 21.770276778155264 95.86502210529068
36 49.992960655887174 -43.4135222657352
37 15.586752859172037 -14.622543738910167
38 48.126072381527365 72.05055941343986
39 1.5184776987633484 57.34137102530488
40 2.5088302838173036 -47.622487883099595
41 0.8816524408682369 77.53422412408881
42 28.618957565253424 61.43032634208191
43 -23.126166879968054 12.642239735614297
44 10.268379251147138 54.555623642735156
45 -13.180093507722006 53.298436322303814
46 -16.531826179074585 66.19430856792545
47 52.07038885501669 -19.444230275241765
48 -25.173670281520685 -72.55836565362581
49 -57.005317097746364 60.39617120522743
50 55.69050881370799 -56.04181125021191
51 99.36345724201934 -49.70954421277731
52 -88.2755259911774 -95.32739155508345
53 10.515921107826514 -67.51205434567231
54 -52.66650469174132 63.00567017730782
55 -34.94069002607088 -49.37106733721224
56 45.33059487581147 -65.11543981951675
57 -53.55056117991794 19.436994486804778
58 -15.537992646875125 91.60524952603728
59 -1.3472038285786425 1.662321302569751
60 -19.113157820311443 90.63980304744405
61 15.192126206049778 -97.8887295590858
62 64.43248188371703 83.77470114815887
63 15.229126864090745 -84.48859827652973
64 26.423820732437648 69.5051628488369
65 -38.06064716584241 83.12534267013103
EOF
