DIMENSION :65
NODE_COORD_SECTION
1 77.13556813371082 -38.86005285760268
2 -74.09151132685467 -95.54744004688816
3 86.37744982058138 35.10043415212135
4 -63.476101932923434 -27.02202368971483
5 34.15724965687224 -99.40171950351188
6 -34.32507297841447 51.91023788232391
7 96.39512588848083 86.28944214130175
8 52.78640961884494 61.24261891788643
9 20.01032639422445 8.061276859599872
10 42.908971782150815 -17.922555615190646
11 -14.739679490294307 -9.773282958298026
12 56.76658875576035 20.850545443333516
13 51.43654640056343 -67.76511548406793
14 61.99832900594109 56.07468977301133
15 -84.41398506608482 -10.712023351331325
16 -95.34199162707505 72.41762141794214
17 -81.97042729191672 -34.08162576154186
18 -20.23797036949773 58.21949926271358
19 -86.20098042306448 -16.505937570350568
20 -79.34771903118043 45.09349599812427
21 -4.282922188582077 -24.215667075687477
22 69.16748117634609 2.042396583720958
23 -97.30442540884717 91.13201077864096
24 52.0929146287005 -38.43680409822359
25 75.9288659109211 -64.55764388807195
26 -65.91483287934479 51.50060573855049
27 -63.98891603184595 -22.887073821004094
28 -56.755130346798175 33.94955402346429
29 45.60728531241645 -46.80729030560189
30 72.73716861581923 -88.70419898548376
31 -4.839736174230282 -34.52704025585409
32 -49.66388693816142 -50.47720871461379
33 -96.78381183375751 -64.12385751837246
34 37.49577039223894 90.20206920664319
35 -41.69603458489437 2.423554299708357
36 70.52737059850091 -24.87654818313301
37 45.90465375022566 80.22616015888158
38 88.68844621245069 91.31040074574815
39 1.8988804840273303 -13.642700290329984
40 7.4663779389842375 59.20499064785591
41 12.981763771843987 33.129994448361145
42 90.06542760147985 33.09593180365229
43 -55.11357619464488 31.215576001392066
44 46.0828292375289 -39.597757678613554
45 -79.1413436749726 12.20451096618855
46 43.586105026874776 55.214172113476025
47 95.67703477890464 79.62427583806556
48 59.280317261833716 81.53199361454901
49 74.61411568441926 28.09328809131543
50 -88.81944981005032 -87.06748640732908
51 12.08612288017261 -67.79616395257386
52 19.181479644794265 -62.06804417183971
53 91.3399469242863 -0.10882558626947514
54 21.14238326971345 14.103229174765588
55 34.37792717700958 9.45984442338279
56 35.58264103208194 39.04436430502838
57 -79.57761192544623 5.10250790464724
58 6.809212686252138 2.584219684576965
59 -98.42646296117937 12.660461940182557
60 -5.725844776997889 12.150436562004188
61 -4.084198649428245 -44.460712015229475
62 75.18695020119642 42.013773297160355
63 11.179333828823061 -99.89310469667272
64 -82.11727930753074 47.1619986521053
65 6.164909580135273 40.56553876762027
EOF
