DIMENSION :65
NODE_COORD_SECTION
1 24.818552271976984 3.313348112520444
2 49.60754535891206 -46.88348288929194
3 49.339740446763926 -25.576568153869502
4 3.903357681164053 -23.931526279157396
5 -54.66420910469354 -4.046393449837595
6 -80.26655851745346 -78.37544473924862
7 -36.91093081487659 -78.55602871136374
8 -38.2918425409797 -27.434870691132062
9 -70.14088378719761 -89.2252940790093
10 12.267045157396865 82.31238377370943
11 -1.4308263380720945 -32.84743064366178
12 -71.86213183783786 -74.26132094074451
13 -60.40336747547024 46.20677090293671
14 68.38165928846658 26.762674242553032
15 -28.061768625732796 -1.2517645506652286
16 -64.68588436991291 -98.66205347326822
17 15.3723072023042 70.66024809066948
18 -29.42985138115249 56.97789134674471
19 11.841970974963843 76.55255544362007
20 -69.19499313995044 -76.25020552480508
21 12.134650258570744 88.22510006725634
22 31.001941859960255 56.70996723066287
23 53.034958637222104 -65.34846298597884
24 -11.917052598332447 46.04096686935068
25 60.47957848400722 -2.8931595002692774
26 23.495696096509306 98.69088841938901
27 -94.15588465636905 -98.77264997991718
28 -9.323730452040138 14.103946709716467
29 -84.65627307538641 -42.79442336255881
30 81.7639832807262 66.67038269862266
31 -13.369203211847164 -20.01369844022716
32 37.671004687825985 -71.18693182576513
33 2.0243371036548012 33.24443793360277
34 36.58617758136549 21.166995458442912
35 44.40765805619441 84.08923702932745
36 68.21894915563976 -39.9028956065969
37 19.682126320249793 -70.14648604444204
38 14.565809524710119 87.83879210151252
39 68.76655281500419 63.99059205516869
40 52.70838227494295 16.834651278546175
41 12.483301702645377 -14.984345027805503
42 -28.871343409864664 97.37995068346979
43 14.273693649841817 20.592472900728254
44 -51.74640661751 -73.52151746345905
45 68.53695198461315 38.28028967646512
46 80.41779894458483 55.849462014594565
47 26.4883813926928 45.11984269261353
48 66.1595273557991 -71.68482308089104
49 56.78414906613014 40.15160002041168
50 -45.25809747207352 -25.661767317067714
51 -95.23849525300088 -22.876810421165516
52 -50.98224837594012 -65.73376692687964
53 61.994916330859326 -80.94274320552881
54 -83.7670254351799 36.8807977971492
55 -13.02992515818815 22.014892744326403
56 -94.90993240340246 61.13696260921435
57 28.029388331009955 72.30395013022098
58 -6.630171616910246 -64.4820745017423
59 91.3440422124365 -80.45448810524142
60 -2.364079685086921 -11.78064261633125
61 -30.48064691523568 97.42599753449517
62 -34.97646311309627 51.41633642976274
63 0.5416533903962204 4.626265307696343
64 -63.160072227617945 -55.84476199789874
65 -37.873514794425866 30.333288966004005
EOF
