DIMENSION :65
NODE_COORD_SECTION
1 81.70793530910905 66.51993221269498
2 18.70672644948175 30.328451510968648
3 30.753652497227876 -49.96338849161124
4 63.47824373228107 -41.71463268234963
5 -31.21238074735173 -3.2674596694900515
6 -10.359746702227326 -87.1906846520188
7 -49.91449241131558 -16.609123741208975
8 15.285448410274043 35.06035094829747
9 -83.633678830436 29.14136913575257
10 27.443502063578833 82.8217536610575
11 -30.747434962665807 -10.722079089173292
12 93.35164727112206 54.150537154699975
13 -13.686516798565293 98.05629271985828
14 -96.1997828003306 -9.288219612933375
15 94.63799850345225 -72.01709611210634
16 65.33165671153856 -24.328847840600716
17 41.860316699794765 60.6448194763293
18 49.67316408705841 59.1838935449139
19 11.787981282107324 22.920055812493587
20 -18.365340524731437 93.9326460640786
21 -79.7414754358208 32.446306745227815
22 -99.19472648790355 43.830632489629096
23 96.57749012222718 -82.48462759532131
24 67.73324397000198 40.9206508655073
25 -93.13274557649187 29.099620242076725
26 -98.12444379325196 -91.33549079520513
27 -92.11754660700946 46.50575786830416
28 36.455281796049945 44.231500100523476
29 -66.6754543821644 93.1904093066548
30 -45.53392109244978 58.05866962946641
31 -90.58547519150697 -74.43903101296216
32 -69.58498719915258 5.8695770817668915
33 -27.54057062558158 -64.87576170242679
34 -56.003816134785865 16.502483808481514
35 18.37467525972596 -86.86546493656688
36 54.73951102307592 18.312717707681614
37 -47.39889542244524 -33.06813413247389
38 30.780280513268565 97.57832996522896
39 28.58188843516416 48.44995176895165
40 10.246851666637497 -15.74807264207989
41 -36.058763232561475 57.91289903405723
42 40.36540165851963 53.56582940030333
43 5.733219834226816 19.52835533068071
44 87.2321122351386 56.411681071035304
45 -20.39420468310051 -8.975914531471247
46 -61.695196272106514 -52.92026675987924
47 2.4514377996819547 -34.836032327948516
48 -69.98237517533705 63.8570262824571
49 -35.90740585955213 48.918448566392726
50 24.523855588500936 -63.852173282599466
51 90.77651362383966 64.75354724550886
52 32.42358141305317 -58.80625311117262
53 91.73077952113997 8.541616638302216
54 -67.56555965880575 -85.86506869181873
55 -40.2427833924927 -80.11392194008944
56 74.31529738477164 27.067869011450625
57 47.81859581257302 73.19145094738258
58 -32.045824300784616 -4.080574458426824
59 -24.200953146119275 -18.401016205329412
60 -40.61656966522804 -51.629299830291366
61 35.095566803280775 -79.05261795327125
62 -26.413362880928503 91.72842292144387
63 53.4247840280874 -72.79292582854968
64 64.3132999480263 56.55570458893882
65 -41.79456606834846 98.37556361279721
EOF
