DIMENSION :65
NODE_COORD_SECTION
1 -26.57079361921663 -18.952621380348035
2 40.06797708062925 94.98849766154427
3 -42.85863472238582 99.96933000172007
4 -70.88513038046915 -12.772000817048081
5 47.26424075393109 98.44817717753392
6 -1.7425276009509076 21.414029023769928
7 68.5226377154155 48.63466226555016
8 -93.82987704284554 -87.79755574547694
9 -10.111869632118143 96.1965288794784
10 99.55889444267439 -71.54667399475889
11 -56.423752138748725 -24.711444568850922
12 -4.165039266324655 5.184830781073273
13 -30.415241727791397 90.59358964893357
14 9.89896926688354 11.504897783684882
15 41.12585357957701 -18.398285156856687
16 45.72133104881701 99.55124972582112
17 -22.718410293385176 36.8339767869042
18 90.00475542064967 -97.36567272990231
19 81.43845667036365 9.505936575206448
20 43.06696682322405 -74.80818928486221
21 -42.466400638071946 1.1655150005009745
22 -98.816872520637 -27.172626214374333
23 -49.12833940170185 -73.87142032470662
24 64.9789909928154 -92.37950802605613
25 36.24790994994163 47.074899672032046
26 90.06749259748318 -17.94189262015196
27 -66.66023727942543 -19.04403193966158
28 18.972859379390144 -95.64695069427603
29 -32.19457558936003 14.405473736098145
30 -62.51191332918567 18.57817299652531
31 -83.74502734496431 39.132073772483665
32 -16.03697305717317 -55.04077127286988
33 -25.764339675406006 -79.68664299953834
34 -93.37797839044906 -81.16647814348849
35 68.59993890689117 44.798723785369674
36 11.861473525766002 91.19556089475677
37 -0.8989385915191122 -39.03173416081778
38 -24.420606941015578 9.414823002833273
39 -61.21209033155593 18.38351070920143
40 99.94044052344708 -16.37502849675441
41 48.74704681557981 -57.094858605615784
42 -10.418336717613826 62.44782234217763
43 -30.03327667890423 -58.258229717473164
44 94.11553098086662 91.12945151963262
45 -56.42598499533131 22.93296146805106
46 -82.11142361110751 5.829905341158366
47 80.42289643953276 -64.94125211508734
48 -66.69452164367138 -70.27795919539548
49 51.987582270682935 85.5069004338117
50 -49.37013914595736 -20.28094528431896
51 6.742062941894702 -20.58166367003564
52 95.0248690738893 -32.935620583610145
53 29.683277170910287 -63.52987556673699
54 20.69796310475003 -19.318420028817812
55 -42.617996126380284 88.94450270252639
56 -47.63403533865811 -20.903891539841
57 36.92198435112715 -57.928510995194074
58 -14.141916492364473 -15.095307587110995
59 -25.685453199258617 86.42175818730317
60 2.525978631701477 75.18226301994872
61 -43.54765738582653 -7.834679388705524
62 -43.76827275993589 91.88035761817207
63 50.3925430078944 -13.699117469947183
64 -22.96403268411939 58.185065695855315
65 -15.263649497763538 -83.50039863146061
EOF
