DIMENSION :65
NODE_COORD_SECTION
1 -83.38452486146102 -8.67204899961817
2 50.47438581456797 -50.05052783560786
3 -20.28194344940097 -49.385637683567005
4 48.51112636754223 81.52364320542233
5 -98.91544715740193 1.7559683176331333
6 -9.724632593191231 11.784598740676742
7 -23.28722091653796 -9.660395111104705
8 -18.144882883943907 37.42537553944453
9 88.62777968153486 67.8788023624123
10 76.71468180070616 -49.904624916577276
11 -25.909471771981487 20.4978540746837
12 6.2510472093129295 56.6391974880662
13 -50.47135639336997 31.80722307393569
14 30.224260365808817 63.546905378193344
15 -41.98150250842914 -89.82344042949819
16 6.8481575522756515 -43.68965537587381
17 41.374567598576505 94.40067961574837
18 80.1794652818904 -21.20584362375999
19 -48.621439620576545 66.79299904638617
20 -38.455329784527436 -76.60584326680492
21 9.407301808858918 -50.970178043179956
22 42.0957904955946 -20.330088851868936
23 99.69501227072945 33.60806544272978
24 -84.81232902833615 -42.69772558689628
25 38.69212673039428 12.568077644387614
26 -89.87905159042205 -1.3591909233821013
27 -98.54065793296354 -94.82785857425186
28 -57.10350269114626 -73.22993575887004
29 5.76221864383966 -42.48154333332288
30 -25.021361397476724 -63.06231310361359
31 -44.49182040355832 89.60939520458976
32 37.66595243240849 32.35147278785885
33 27.39427899152156 -0.818146583873471
34 -72.47976398118921 29.76649891827705
35 48.11075027572261 -3.3533193334925215
36 -92.59450931960313 -84.05245373542198
37 -45.8281659403107 41.77311550878997
38 58.04060104890502 23.00604763689917
39 52.422029206953596 80.29332685946079
40 -83.42924702055771 -91.22506321737065
41 6.492346854182983 37.39112611880341
42 -88.48565122297627 -22.201225452983493
43 -37.04211700239275 -84.92194210690589
44 57.543608196015526 -40.81943206341481
45 0.6744208903474629 -38.25089449140107
46 8.908733623547988 -30.559117399235404
47 37.748428733553254 34.749276133397075
48 86.91696129128397 31.70874045653548
49 62.82137934331442 60.57146633059861
50 94.72947026746189 -3.021994141593538
51 70.82585220035469 -87.65499510371187
52 11.84064059663892 18.826953459365697
53 -21.90257671643765 70.56337324677901
54 20.95571711173865 69.91272905712574
55 67.70297885726703 -89.46133757933332
56 -38.41546875929858 56.716652008854766
57 -26.927375868330444 -31.140666008743324
58 27.520443339181796 88.43012049649943
59 46.4987994262047 81.16701548023912
60 -70.52473444518819 -13.464839876804376
61 -21.206940144585104 54.85703947751057
62 29.492490758256878 -16.452375821483116
63 -62.63279961328665 -57.153505154522975
64 -79.63730737789989 -47.444934925936444
65 72.23223828443258 18.34271600039918
EOF
