DIMENSION :65
NODE_COORD_SECTION
1 -28.88347682578373 33.59551483392244
2 2.88519809675995 15.584100255607126
3 88.77237074191683 -21.412710235906502
4 43.78017518010378 97.81420564447208
5 -43.13286276785102 -76.56584700572849
6 52.056892557708295 -58.710739603726125
7 -97.09962797005309 14.094108596078698
8 88.42627490624025 82.90808712256535
9 -80.32661143798019 -37.18569814399333
10 -29.410627511933086 69.09274590267177
11 19.606599712418898 -8.601642968203208
12 68.29233216441077 -35.16299601765125
13 36.469981840355075 -69.71319878952869
14 -59.903151180862466 34.379020255298286
15 5.562899884151193 85.3950679020339
16 44.17188757608403 88.74355263794965
17 -48.768625871708984 59.067745447227054
18 -31.11071446994582 -89.56182721827611
19 89.71219660105419 17.171807017454597
20 23.732146796962454 -88.12311624672392
21 -84.35498821156399 -68.73446607971792
22 7.001717018490083 -38.35622458183763
23 -17.805066433054122 92.9439843552561
24 -75.96519527584292 -78.50169762106138
25 7.580002494326621 96.87595707587349
26 -31.879423941181173 77.06282383551562
27 44.8990378742547 -80.288713288616
28 -3.9681004550407692 -83.57782912887814
29 37.50745306574191 83.95161361572161
30 31.063193231800653 13.404085212166521
31 -51.21033925373864 -10.958389088739807
32 8.693066500065342 -93.90173858649437
33 3.0286986477333926 -83.64812575153672
34 43.46683807118018 26.211074352954796
35 3.1749688549815005 -29.611343120154274
36 -59.57962875569282 -68.85812441836794
37 1.6676941997705086 -94.52030822646982
38 -99.65659530326263 -81.79409257908033
39 -7.935781189400657 5.349489628531217
40 -24.59302802166181 -40.78198662861436
41 -37.91616893423786 -67.58855228179459
42 20.15614943208159 -16.30974054840742
43 2.774357104116021 -55.73173924788391
44 52.59593477559147 60.18571988623472
45 3.8613884965929657 86.8261337820085
46 91.07458168661421 -22.090261008583028
47 -18.058590608439346 -83.40760895721078
48 64.89531567739365 -85.59100209685352
49 86.0319261093027 -20.859901457723225
50 -89.93613059365038 90.28786579694318
51 4.092914812473381 76.38744504750673
52 56.30591891716867 -41.85955121550526
53 54.48581970396637 92.25359956056494
54 -12.535036808967263 -49.56405443513425
55 87.93762601764078 14.416935100686644
56 14.617849316964325 -80.11608776330155
57 48.42920320903633 -10.684565442901771
58 39.72166180144353 -54.15494703847465
59 45.52875593076692 -21.806674108248103
60 -92.66781075891886 -48.35762085837998
61 76.04257133026815 43.911875401623575
62 -57.08905614626734 -19.83359052863787
63 99.45702917196365 91.40648455002102
64 58.46400904711973 8.957389846932372
65 19.49730418387516 9.086189018707074
EOF
