DIMENSION :65
NODE_COORD_SECTION
1 54.95721028528263 21.72202790142768
2 -95.39059939834988 86.85674264089215
3 -7.552639813811652 -71.55791370682923
4 77.13736952089613 -81.43880460171493
5 54.84645154657295 91.74582739881757
6 2.194699659361561 87.61629135636306
7 -54.3985441461504 26.77475202789084
8 -5.2478927982033525 -38.042210042888414
9 85.58221891790052 -13.448291650090141
10 38.83614270206348 -57.0520889679474
11 -63.86477175271794 -12.345754364451437
12 -5.562675274468404 -37.004159021168604
13 -54.73857117957408 61.674685031816324
14 -73.80958967207975 -93.92499279968132
15 13.67723547120761 -4.70947972068663
16 -21.581996051316963 86.3239201570959
17 -46.50571605135474 -0.6924138677175193
18 -37.27003020117121 88.0813410213513
19 -30.51989674176572 -44.17231067833978
20 47.222991090901616 -29.8792922826552
21 -68.66159934197887 -67.26867971206977
22 40.42588761725398 67.51281824538441
23 -74.82573689568042 -74.04478313180289
24 -51.51187349745625 -13.54031709078491
25 73.28613408743533 92.58354324010651
26 -49.28964999953256 80.60672602056198
27 93.65295544944283 71.56060056911633
28 86.36730098001797 -78.2455634757427
29 -66.03858238233111 -46.12807255385236
30 -25.124704043488705 33.554648372855155
31 59.74491620511773 60.329825374646475
32 1.7076470103630754 43.69077405300723
33 2.1822700994005686 -87.36166890364166
34 -5.93671471079702 28.205297889949208
35 -21.669156189648533 42.201787219669285
36 83.14518434023114 -28.94811387111953
37 -14.95466039400722 -28.819907293510497
38 4.006915339419393 -57.386390825561875
39 -62.43999895731109 21.58300854724591
40 -80.72292688349845 12.84282490839584
41 -25.311385207185637 -39.26532179944404
42 -30.326979451314244 57.84219003721455
43 -15.176842455575397 75.2288312351719
44 -47.933174713861916 93.12058240670441
45 -79.61136165430119 80.53401841248703
46 4.967928419171756 -27.578474829775573
47 -36.86189638901678 -80.30260457573996
48 -58.36136504690472 27.935951323401696
49 78.6484325764414 -17.865353797721767
50 -87.34003427701467 95.87509830493218
51 -44.395935118810456 -17.7174414799681
52 2.6171590083768024 -29.20654903344564
53 -36.06759242705919 77.93003220989735
54 -30.324480172694578 62.715689014866484
55 -14.418833479958607 -20.6678462363991
56 22.168919161864892 93.03560758839603
57 -27.295518666601893 2.7512478141226637
58 92.92488326091441 58.319160670319974
59 70.25125418196524 55.85766962773732
60 -80.09836267948609 15.557745080753477
61 -96.57433409909844 7.462302165503104
62 -29.18585086423127 98.0818779844005
63 -24.78365299496204 -9.658243115520946
64 59.77773653628836 -41.740354620885235
65 45.167413002803045 -86.54368982717628
EOF
