DIMENSION :65
NODE_COORD_SECTION
1 -4.40065468396682 -48.73188016766132
2 67.7908913433553 18.64968185318139
3 -25.80178334957452 23.640253894911027
4 -42.50312364633289 -93.04116317784991
5 81.73915690460402 50.95363621406179
6 -83.35587225906649 80.95105965967969
7 10.41324861611237 80.94167160574946
8 -85.7095488185766 -97.95541784158372
9 -94.59759741219533 -18.52830432956989
10 -64.55116626835955 -54.441896265368015
11 -40.584382349996815 -32.75122845417384
12 34.13174068492319 51.27371505572634
13 -49.71344966671454 -15.232223506506571
14 18.19262234820762 -86.41341617931633
15 -22.52663633498541 -28.04940659059396
16 -30.049721309907667 32.85408716155973
17 -5.096462180408039 -22.930762389648862
18 -36.19187700018731 58.345855376391455
19 -39.54217486925273 20.96979887530101
20 80.55721632740949 -6.764434894407259
21 -73.51091376511489 17.276150793180193
22 -62.22177986906403 3.3640736703947454
23 -18.876665023808343 27.16647398556917
24 56.73421110081935 74.04275259146175
25 16.691851799432087 18.47961070350432
26 68.37268973202498 92.9549509834232
27 49.49483577582669 -76.67752077002068
28 24.53182302835704 -97.74767294886466
29 44.19856937668064 -55.98631792847266
30 -74.82761025683882 59.23227600987266
31 -93.48034461681141 -55.88739166251091
32 -1.5664048701674744 72.5212669505693
33 99.45150123509677 -20.552650307564207
34 77.53732504975363 -60.52159960542154
35 11.139673000116403 -26.531167577796168
36 7.042151254057828 -99.4277951428757
37 -43.38557569826638 21.922611168984133
38 -19.325201754250102 47.773017294762525
39 -69.059816099024 23.74384429146454
40 63.94347212968805 -23.45783105362436
41 -52.05661298667612 78.24503784913273
42 86.96390874886018 54.788411570809274
43 -3.4683772353883313 -36.919812985887845
44 6.4056722013466185 97.2009286872848
45 -74.28148470053581 13.133025844437938
46 -69.80734534334712 79.65749010456923
47 -70.17949103237603 57.391174105996555
48 74.568481348473 5.945241656033076
49 -53.10690268643257 -60.968034279582724
50 -19.636128384189107 -52.17920281918005
51 6.325742499283777 -56.640098177945376
52 -46.22026234271404 19.47522764830019
53 -34.383798885823126 -11.100365299024517
54 -83.27370859438683 18.758792138144116
55 -38.30339955936344 98.86255346144492
56 52.73502828807537 70.0591029652945
57 68.78509514545408 63.36900570544327
58 16.686923215492698 37.515643398686194
59 -97.41138517782906 -72.77769935458798
60 40.07689636692447 -57.70742892122425
61 39.78365866420856 -6.305236350730084
62 8.261035847386495 -86.07925693264148
63 -67.94634352936866 21.699991043555116
64 -87.89031909138181 -66.74093172229394
65 85.56315180006152 11.889760579824667
EOF
