DIMENSION :65
NODE_COORD_SECTION
1 -15.896264009166345 42.390454679769306
2 46.54162500245022 16.78145869291005
3 -29.779585107601875 -64.21925741690148
4 -7.210390465056889 20.217905055351864
5 -88.1438413133763 -38.51338165591089
6 31.529079706832647 -87.43020209165036
7 53.58547350247301 -11.188467423324909
8 87.30372506001245 10.495743861422
9 18.126768637493967 21.352447644289967
10 -32.917570069885784 68.35523133881517
11 35.02538431986159 -75.1124241159472
12 -31.372004006771334 68.45494850921915
13 -65.38830811790872 13.143213776488722
14 -63.42193667437084 -35.86425965526465
15 62.1963181962395 65.59124508399407
16 80.28232633747405 -96.53497230180939
17 5.941263602261998 -8.532011818210194
18 -28.458176647843914 91.96374429268172
19 -48.427818265824094 25.49412933598923
20 -74.25236927836956 14.710709576244312
21 -21.926352225634844 43.31456222834643
22 36.51781850281742 31.33157964489908
23 90.73589748780205 -81.53405376140873
24 81.78311725823826 -18.20650904880634
25 51.39788547493649 7.718967113663126
26 -51.62672068434737 -3.409359415448691
27 -89.54168538880238 47.931234327506246
28 -67.4922492210712 -8.180010192454915
29 -28.797319753730036 -24.914109062560797
30 65.19568980130964 -52.18947996350207
31 -75.77905749646654 34.98005499092568
32 84.40212941606842 19.383365855166318
33 78.16717006789716 45.06622507520052
34 29.938447490447942 6.484291012914369
35 -17.16120984796548 -11.761054754424947
36 72.38700526387845 -74.15593435926489
37 91.52990940291264 71.89796974779452
38 -96.02867805033424 -32.513749247705775
39 41.83955885609819 -30.591651339150843
40 17.134722320604894 -5.683877324164129
41 47.59232129593835 -23.88320798824337
42 75.69194659703453 -51.311647482235
43 -10.744566219271306 58.37285677159116
44 -56.23017818348863 66.76528252364855
45 66.21287726434602 51.542458615041795
46 -20.645414646152886 69.64157748779792
47 -68.5162973488863 -28.20961753135809
48 -77.8849401829371 99.62518478821391
49 67.94824260778901 -53.55262415163074
50 -90.72755080320154 -99.27149710231784
51 -15.127491868735802 39.06665582224508
52 38.63905293340346 4.337870458103026
53 14.497667229403731 47.81354079306024
54 64.54977881523058 74.19331141426326
55 70.68791004447942 -10.378831702217155
56 60.26188196611355 89.22485995952036
57 95.10680743966847 47.58409288224925
58 9.499984828938366 98.45548151103881
59 61.11856546867486 55.35090664509582
60 -99.8251679385523 69.09503013753309
61 -68.41266814803029 -80.18423131376697
62 -15.093945679412784 67.11342915808504
63 73.97425203816636 -57.801915622751324
64 45.830514269419496 58.99556979312641
65 -75.39158213529124 -12.361543710582026
EOF
