DIMENSION :65
NODE_COORD_SECTION
1 -35.40037564904131 74.18242534417001
2 33.29181538415605 57.32527075409308
3 -20.728192897758262 96.47694542283293
4 67.89229295307172 79.99185619278421
5 -79.5104053885643 -69.53875083855931
6 13.098122129542574 -9.13385711283783
7 -54.63785040362357 80.31409758057043
8 -5.624790499217198 75.63730890800645
9 32.51230146889927 27.556140985868765
10 -93.96372463383398 33.83083659716084
11 -69.16606268278187 -43.12704092092148
12 -82.82895549248764 -29.66816119013791
13 -43.425157507921305 69.49857823865486
14 26.210253905417474 -4.104827709070349
15 -59.61300032001367 -40.32175936526925
16 -78.27774846098919 -62.350440076982935
17 -91.78737328171766 63.51831722428628
18 -45.10727420193752 85.01671642343169
19 -56.648986253897206 -45.42976890454688
20 58.239471914962024 52.130830613103626
21 -78.222363615744 56.7844646042106
22 -44.534134088225485 -75.24247257437668
23 38.76367550270942 -26.990411912520273
24 -1.0419566106887146 77.87575877505125
25 52.07056641556517 86.00054152394497
26 44.282611814325236 -0.5000530600652411
27 -44.52916199595447 -21.060755820677073
28 -74.85696739257244 -63.01613961522261
29 -33.92698887326024 -56.240182400117924
30 -72.3954381263946 -6.03827730341726
31 59.90486666572255 -1.8902849175551353
32 -21.000923909926513 49.24617302115013
33 22.436056084109367 15.56711821130547
34 64.77278579581827 -56.58333333750771
35 94.19747466892176 -11.225992253792683
36 65.64124371364082 -15.503932894451182
37 -13.618568827477034 91.43342849747455
38 -32.23218143175572 -38.97282199058263
39 -82.71673358618874 82.6584401985607
40 40.28317814418696 -80.97498972766584
41 -22.3285021187384 -94.05053974761069
42 97.31501713083586 -41.30521464079455
43 -28.349728649282596 75.11555757900425
44 -34.20122067097388 37.469475463490056
45 99.30438331253109 10.744509587443375
46 -34.308370280804354 27.83504232314384
47 48.39370059869509 93.36543982400062
48 -24.18631994716978 71.57535097876104
49 44.59043110983109 33.23678794585243
50 -93.6082621683131 -3.5170319537636203
51 -26.770843474031935 21.731670387996218
52 -71.517249630445 17.245996880947473
53 30.266232635755188 25.58151708616417
54 20.805371589397836 -70.86470624234202
55 86.12157985594826 -87.22189202173041
56 86.10987840726196 -78.71973126521996
57 53.30255611801451 57.723040654193966
58 62.068046358559684 -14.264181203055259
59 37.186162983188154 63.2528752280233
60 -94.23370037017725 79.20671417379572
61 -80.93769254686312 58.45716994500279
62 66.2369275268245 -93.78995974038038
63 71.51750065193093 83.7456630725739
64 76.06370864153149 35.62022900096676
65 -61.53508957790799 -41.58994925306765
EOF
