DIMENSION :65
NODE_COORD_SECTION
1 2.516251412093311 83.61131921464596
2 -16.036802633453902 -20.94210109427111
3 39.7652843792512 -1.0283053067843753
4 -48.97277236806217 37.32792436296836
5 12.450570576712039 -95.86611731825525
6 28.35939140319013 27.200194763035384
7 -64.12108979491867 -89.63990648419924
8 -94.28550452655269 90.24690995818122
9 -55.51945517300749 -82.4974433728505
10 -50.782506394780434 -87.16440386781481
11 -20.039203308338855 25.59153673042927
12 70.9662408030675 -95.02164785641457
13 12.051510097644893 -75.02800171219322
14 30.712239518391044 66.99790909705388
15 91.06279585910698 34.16002561128542
16 10.714309019650628 62.10743322117963
17 -39.46298165494255 -89.74579775102671
18 -50.41322440014 9.290039232010798
19 68.65864520222661 -56.3487577691927
20 -53.059782398110315 -61.59693078012678
21 8.675043794639365 -33.02082122437278
22 57.83946139654745 -91.77873485287687
23 91.43492216517916 -42.42448290212308
24 -15.419983922336215 78.1719914842771
25 -92.74729690702131 93.50180692765855
26 -56.9892194121763 -54.19525927140112
27 -30.341398841375593 35.00013793633252
28 -68.39268546875752 -85.42375722008133
29 50.19578305548532 46.461152144821796
30 -36.27340334508475 -59.6784900137485
31 11.277587648830604 48.387212176277046
32 -63.04920573067729 19.82027683176051
33 23.219272097583826 94.49844336506084
34 -91.84601329573317 -68.84271957819077
35 11.910357233993452 -93.95663497894336
36 18.90248222937518 -86.88604175367692
37 25.19520841163545 -36.45997232560505
38 -26.974058638671153 79.61818369555499
39 -71.11895705520281 55.58746927110556
40 6.6729135065261005 -94.6823288941989
41 47.39406630962833 -84.94851585906902
42 -89.10882530718499 89.63182761964865
43 49.456159779230546 34.842729000666424
44 67.7496200446441 -90.82417426610787
45 -54.244123925358025 -51.33080156008616
46 43.24524117681733 2.2397952399277727
47 -86.56074542560725 -13.440697162230293
48 43.71500877309725 -5.955017647458959
49 -8.652553737379478 -29.384373884020903
50 87.19930351660301 67.78795612929929
51 -99.72030742295605 -96.6262334082603
52 67.17999123892747 -85.97715314335225
53 -65.83817431706777 19.30448201452731
54 -6.657309797048001 49.720741184170265
55 40.851897127841426 19.411611409423003
56 -17.510388699809326 88.38442746139884
57 65.41631886495352 89.54214780337719
58 42.45560003190465 -36.11430610703428
59 64.0611957064873 14.93908465498815
60 -57.143147373840854 -36.76848046757932
61 13.505292076934893 -53.26849915605432
62 98.72812377521666 -92.74550145798645
63 -61.56738293506454 -49.52939603283719
64 6.580948566056222 -66.73812261112892
65 58.76398982707144 -27.515568998861184
EOF
