DIMENSION :65
NODE_COORD_SECTION
1 -85.44419713424661 -7.427965018024253
2 -37.46957071212296 -48.04081484563749
3 71.33723595987098 -36.83871390673203
4 -94.11123176079587 -55.851293935119585
5 -24.124715550704764 56.42550813651124
6 -8.3365748016125 -44.17866652287961
7 14.890594939237701 -98.8568306376326
8 -50.58732912155415 -1.8435086105043723
9 -71.1989158209947 -58.57839010129335
10 31.637986261046137 31.804066523783632
11 -87.97338253860508 36.172083059688674
12 2.2445560005084815 -98.32211201125702
13 25.172093198765282 14.507675715069013
14 59.5028827819238 -82.88387855044135
15 -90.10911176731304 74.39931900288249
16 41.832998301965375 -45.705542748120045
17 -92.41766516196337 -1.1608342440127046
18 90.70935570314637 -14.682791181005129
19 74.67821529320543 -18.075322316468515
20 -47.78886147422643 -2.7995667952155117
21 60.12505545447698 6.69077101735445
22 87.21907578042524 -45.999791835575856
23 -35.229514766948384 -2.818492284247327
24 -70.01328971031522 -23.371652152992596
25 -62.28660565028357 -20.833148005656014
26 -14.209695546468978 67.43680525544266
27 -18.72067362338666 27.074073036408677
28 -9.411582125626964 90.44117542884024
29 34.134051991247645 49.11741057888622
30 69.09855214928962 -66.90730556879257
31 81.14976410199114 68.27372902283179
32 -77.57508958055993 21.797220720595163
33 -1.0099483268733138 -6.334078252798747
34 -47.652079766853376 40.918732352813265
35 87.98118135775422 -54.92006355627683
36 86.61258679958797 13.794021774835102
37 -36.31104724632244 -7.244799643040366
38 -91.97052847728868 44.32415311647665
39 85.72182367845792 -94.74744880423546
40 -90.0714563156538 -11.002491374971996
41 86.63269255928378 -39.882422533635896
42 -98.51723359450637 -68.26180616810973
43 30.393082784948035 65.22149473752654
44 -31.3551868632091 -32.237360752468774
45 -22.23463408137198 -36.92430886517468
46 -40.083094996101984 67.66635832564768
47 -35.000200438999855 -53.919853684336715
48 10.900257388940275 89.25183022630253
49 -87.3648492910981 97.58002455649361
50 -52.452705613926696 -67.85245262530415
51 72.78287860684839 -8.231323366081526
52 -84.73375520247764 -10.942642746356597
53 -3.8733518547884103 34.88958440317106
54 69.50435460581267 37.518293560528406
55 53.97041492801583 10.853555281455911
56 33.16249100907581 -62.66596454420921
57 86.01986556621063 -93.69817906457298
58 77.1704973090441 -48.609565052678306
59 -38.816373549882385 -66.69048733419928
60 12.779205729357798 -8.65163489252376
61 -63.46784931967886 42.338190209022315
62 -2.3984614639590376 4.748356896249547
63 78.65380930932594 -76.28980676274747
64 52.16182928823929 66.35049593763529
65 71.99923200988516 -67.20854155465099
EOF
