DIMENSION :65
NODE_COORD_SECTION
1 33.508091158398315 23.142231713306202
2 -4.219046195015011 -37.89450936983538
3 27.750533305344533 95.38581068844584
4 36.75713397851379 -36.30836942026943
5 -33.41862705624993 75.81402560447805
6 -21.679430792971104 25.073563315481607
7 71.5396294216593 -68.96189237492958
8 96.20019320726715 -0.9188527923240883
9 53.32439790643596 -48.61690603831044
10 -65.05876094800328 -60.127307535164576
11 -21.80397166657235 -2.4737289561510494
12 -13.196905725349481 53.17799380971675
13 53.14046610457214 50.95887688628909
14 59.69923026578229 -56.28516185346941
15 -21.588756610199738 25.918774890847374
16 65.31325802165989 31.977540848778375
17 76.41522570521678 -62.64408708404792
18 34.50169174627081 90.13497706659822
19 47.50966820835484 -12.34365246558555
20 24.32062596447875 -44.43521466160776
21 -73.87013310286892 -65.73527289743726
22 19.48997351444261 20.589378450777843
23 14.768069816250787 31.009245529611093
24 -49.164396814635424 68.26850325492279
25 58.6759951335755 97.84701371085524
26 -45.77379316289792 26.64219502423822
27 90.76486931686739 66.91194980318812
28 -24.251703277007366 47.60689709451813
29 24.028364519515804 77.1613886951655
30 -7.66067814847861 -18.35325423945133
31 -2.0845312451326663 45.581515085508244
32 61.825399218546266 15.930999389767564
33 95.43184959799885 29.82597891600639
34 -57.71318592220134 -29.172382523037513
35 -60.650158125566556 15.32594721201508
36 -72.0991075148008 -91.32787645156957
37 48.758739492524285 9.324056198591023
38 36.88847956258826 98.66994853647927
39 91.28866383489768 -95.05132032177993
40 -43.083146297946314 3.0994723274910854
41 -98.30722710669197 90.35899958629511
42 4.288345103383563 2.522047065721523
43 -45.92574430696092 21.155555363248595
44 -14.529373182969678 61.49437262872229
45 72.89601721577296 -51.335195678004155
46 63.00111909525458 51.317675656654075
47 -52.987475161045964 -97.62952727723244
48 -77.47543711638008 -7.352852908767744
49 71.31495528486624 61.67843730155488
50 -86.300674625772 58.32418327338803
51 82.18220550698197 20.365975706464923
52 -5.065367850871809 -14.416925224099629
53 75.78196781015748 -53.519749918196794
54 50.397417287004885 -13.177214960341303
55 2.367650584047041 71.1150375979874
56 67.4541131094395 -80.57643384388243
57 15.068442384982689 -98.59133276909174
58 -36.31085686031881 -22.372777217715893
59 -81.72862100088028 46.27028375983582
60 -65.1313431224176 -96.71114877222355
61 8.545865657709555 -32.24447349362947
62 58.69433657552807 77.34703697073567
63 30.16268505045457 -73.32307714736648
64 -66.0810813299221 50.14841473140382
65 77.61099380782247 77.94814410726661
EOF
