DIMENSION :65
NODE_COORD_SECTION
1 88.16695563612248 76.52617969842572
2 4.994052662860057 -84.32129593361938
3 -82.30541195286494 16.89383455349656
4 20.68461910148949 0.33126440695929205
5 -86.01231024792125 70.64889642821129
6 85.8912781099061 -47.603216514276305
7 3.0891388981620764 -31.09190008602141
8 -35.97130405244357 -43.55819455717806
9 -58.07373528304909 36.92138792387675
10 -70.04807343304176 -33.52853077969253
11 31.52174987178512 -11.256162562855195
12 -41.805507016684196 48.03540005203561
13 16.70460822220474 -55.65339679966068
14 -88.8504718835185 -31.65059664581848
15 -52.111320430615216 -43.107277736762974
16 -83.46903046095699 17.959531385319764
17 -96.66204325594198 -62.68239520028531
18 -38.07135935442461 -12.485767501555856
19 74.43945819691876 -5.981761623810968
20 -46.002532025313705 -5.500689835646114
21 1.8559426626024305 67.36905300373826
22 90.79765297198949 57.32947215880145
23 -82.96761155912056 -68.05337994949947
24 -21.97075302839974 -52.020627842762465
25 -8.618377263336214 -36.24080499575444
26 83.3810828415248 -80.62399300697776
27 24.576135010985695 -74.55852290756383
28 67.94058333904559 0.06354129941206565
29 -86.27534666430947 9.28868261783748
30 59.58757687449156 76.19048516556916
31 -63.186439060287 96.16839207141675
32 40.52173025192596 -60.341503821772214
33 56.64489010059245 37.762486251499865
34 9.549885849061695 71.31081210756412
35 -94.39588151456522 -49.74433178606523
36 49.485990778967135 -50.67231569513719
37 46.94261296447198 19.50107820357519
38 80.99307753348333 -74.46496085772924
39 -75.13897127479922 -39.14244361100312
40 -83.57688733857674 -3.8782557564813516
41 13.531703379001073 51.30722900277834
42 40.68721128116343 -91.70009854191545
43 54.2994697670745 -42.87386759315521
44 -59.08470252581417 -9.268321468517243
45 -69.34803873365834 17.294579438840557
46 -17.359282770923826 73.0851831700395
47 72.15209260467458 10.998169451234062
48 -12.527947518878179 68.87103596986711
49 -98.62317553263078 -63.01569930496396
50 5.690786269890211 35.75026975006631
51 -57.99196761022234 -36.79685442541536
52 96.940150004311 -1.2066582517356323
53 -8.427242817748422 67.07608421232877
54 33.14696148420788 -75.29097168589125
55 28.931723714814694 -20.101264453369623
56 -79.95509377226928 -31.148952605823794
57 74.46655974333035 73.29965299598877
58 -2.8558149507547057 81.84936859575157
59 50.01775175611178 -18.6600327809836
60 -79.28090657110947 59.002192816855256
61 -4.0231710365467706 38.75314775312438
62 60.36160902952017 -56.896382356113165
63 -5.462010244821556 33.98833656217573
64 -53.124321812544274 -49.828862626965666
65 20.965805008428077 -74.86547556231676
EOF
