DIMENSION :65
NODE_COORD_SECTION
1 22.162496419998902 -85.19581959383848
2 -14.368973891692775 -42.04602645144937
3 43.833785090646955 -81.804312782666
4 26.51216438460679 -63.24346892813111
5 -45.8778715889588 77.09640304377879
6 68.91968524322672 61.135528680907015
7 84.30809693795885 66.6251773914527
8 -75.69478863359578 -11.559255338876653
9 59.81984356335954 -10.208111623877159
10 17.692691743173896 -35.40630403174188
11 -22.488701714741822 -88.56039801375933
12 -68.97313459813907 -64.69921468349577
13 -23.8152387603497 -11.588876726896302
14 84.55676172553706 -79.42845906980139
15 -84.81673155451712 5.736106851716016
16 62.974191727133785 61.26383847819989
17 4.9797919682334 -15.701070712366146
18 37.75372443954768 42.66718827339693
19 44.041756078518006 -87.63847006234779
20 63.11730389230664 -72.3259901714305
21 7.851120378369771 -28.520317272484746
22 -69.72688282534698 -9.121892042970671
23 -91.18842275468731 76.76491220892606
24 -46.94503676434363 -65.02152169268334
25 99.8762267204421 -67.89129784634295
26 -72.1851205594167 92.15566282913946
27 -69.91950865151733 -87.1006665969569
28 -38.6015911712706 65.62701009203886
29 76.76666615586288 -68.07391595008943
30 93.25837324082272 -49.62385785893788
31 -22.861995680886224 18.579315004636143
32 51.23965998762793 -12.908903033160996
33 -39.11808186616823 47.11922643161489
34 75.2940225713613 49.63458347814597
35 -54.0467223710331 86.70001865563103
36 -80.63947176950026 -56.0910286741849
37 -98.78950923286432 14.000289845700848
38 98.87377959492696 -95.23245368084746
39 -97.55148383256251 -71.2754446084346
40 -10.161367069305015 -82.33723131530526
41 -87.5254179066994 -57.095124237417984
42 -94.86328192684425 -36.988790201975874
43 1.2239465072448041 76.84556686752845
44 -25.293406529410007 -16.205956246168924
45 -11.48549153473732 87.71810773768729
46 -61.53406680530662 -89.29911215505967
47 39.89078393017829 81.22738055316299
48 24.32074131937425 44.163939258033224
49 -24.890811453177392 -87.56557336469749
50 -71.66691138517918 88.91839239488453
51 -40.83173155556275 68.73501479913898
52 -59.90448261078028 -35.735787933668874
53 37.38889166693457 -53.842668513825
54 63.58674961146224 -28.006681530869514
55 48.901205417794756 -20.443790905330886
56 -27.74012425861345 -6.014588653199766
57 6.996534537745333 -32.054698724373495
58 6.840889366767627 -87.23536437572972
59 70.1540776470764 -51.87720732862071
60 -24.70813355273465 0.8484088391971198
61 -55.846242557823174 -87.08985139486181
62 46.61967598669008 8.508756431742142
63 -46.46184892285996 -55.26238405306374
64 -56.31225599211602 94.60558043087994
65 99.78804750469027 -59.02590136131847
EOF
