DIMENSION :65
NODE_COORD_SECTION
1 -32.8333616215924 -24.249504416404747
2 -8.921066780934112 71.31747160983983
3 48.16057400812062 0.7648169010431474
4 92.25294539917672 -77.74744944321307
5 60.09578139231911 -34.662407539802714
6 58.97792352170302 -17.747480067138355
7 46.09449958559972 -9.292322256242173
8 61.51498855150618 -16.60329922520802
9 69.22407611753763 -54.80903651441722
10 -66.80147220734472 -64.83130900239414
11 -78.59478114914928 -27.82293962573405
12 69.049077422137 15.235775305586614
13 38.092087821001314 0.04677557532453136
14 -56.643138410761274 17.091192020977175
15 52.39728911715139 -27.189548104567947
16 -51.63385882875604 -68.65243146750899
17 -70.43853627362624 99.05629409076124
18 29.042063052374118 86.88387402707588
19 -88.85631579550926 6.8368248304763455
20 43.00325430855878 58.712431685089655
21 -31.964584831686523 -86.58926476335122
22 -89.94502208415203 61.34639383300001
23 -87.62255662811094 -28.703563041032723
24 32.35923073300444 -10.387597579550018
25 -49.31441809423405 35.88262016935906
26 -35.87026157957371 43.266917360853256
27 73.96777437574127 14.880316076843698
28 88.84128432015277 -22.560940962839197
29 75.34145251686587 -93.81010538915726
30 -77.70546011822461 57.83664911906496
31 -38.36310478210774 8.295565698225047
32 1.478935009234533 -32.183701888909425
33 82.69866455470657 -3.910975135551425
34 -57.972202783319716 13.832440658630873
35 40.573846248031174 -4.937159941685195
36 -48.8384989809697 6.444288731003979
37 -39.497595419836216 58.103407043505314
38 68.36596580500492 -44.02632506947004
39 6.6014990695849605 -48.34780850961877
40 72.65532783216435 15.070907921180847
41 -92.63788000767828 91.79320057097945
42 -56.88071501219325 -75.14023571345471
43 -80.44691518921876 35.86352677741169
44 -11.442921814146942 -23.00317450744265
45 -96.1461284488349 -68.52700720342825
46 72.35167642498624 -9.105566282230797
47 11.514410095532625 -47.642036531724784
48 -49.660684334983564 23.520568241507462
49 88.56649827995014 9.283395358753424
50 12.281048162302781 78.60308982011853
51 92.58804304267662 -85.75369065205476
52 71.64458841663071 -37.270257831402674
53 -13.252086788894559 97.52295976659505
54 83.75625004218284 47.74948731427551
55 -73.16424167237071 -70.35907524082197
56 -11.015663521685724 42.04471134399236
57 89.20771209388852 84.146556042257
58 75.46697154128702 -52.34202278189804
59 1.0554148565103105 -7.922816485381617
60 -65.00118715125288 -14.079014892460833
61 -70.86758498223544 85.3365139821428
62 46.042769554733155 11.147564890220579
63 -40.951431502157945 3.7108710728826537
64 59.4342926190844 0.11649749126104325
65 54.46952157961775 49.05277965606126
EOF
