DIMENSION :65
NODE_COORD_SECTION
1 38.37241207346867 -33.85840877853205
2 -61.964849753898335 -94.10989118118795
3 -30.395345009067128 45.020906456928685
4 -29.817574098428395 -64.3597350235086
5 68.09549196539061 22.036088066997166
6 88.74347209232815 -52.301426487759215
7 48.55627203820558 -29.020101269514072
8 15.872075217370167 16.964003782949305
9 15.351652334382024 47.57064551895937
10 70.53005327889005 -38.66535520122161
11 -25.50397056349172 47.47031730873107
12 74.33563962346165 -84.83330867107387
13 89.35518345167944 -61.39973960691425
14 -39.6880018916474 -68.43715981925267
15 -33.3441593389841 -35.82840630020034
16 -63.529328031592634 19.770520076642754
17 -89.61744488728385 -34.61330353690137
18 72.76634769283197 67.1346825247033
19 -86.6321754749612 56.55711352709878
20 77.81089211305698 69.463665093271
21 -30.14213276108795 -99.5776985560767
22 10.836106245689578 -0.6690931053719993
23 87.063125831229 -22.257298292192118
24 -65.25366278792012 78.74923227531087
25 -50.320912029501955 22.77971159938481
26 57.70353187175925 -9.181390194177652
27 -51.41042482201035 5.064111972913452
28 -66.46110096815428 64.36218533757949
29 23.441221507995436 77.89370590695896
30 -4.613000297119086 96.22960599856737
31 88.50444678029322 -14.71020802542553
32 82.28951182047302 37.860651148859176
33 -87.78728142173489 -78.31858714743765
34 85.11759695896026 65.86620791172987
35 2.998579869637453 -27.62489641552716
36 -13.986727127684475 -19.20222275634022
37 -82.47864626086701 27.90715115946078
38 -5.3481900646079765 33.940706366425474
39 52.108085279441724 61.66433966440317
40 -5.021274969964679 -31.119609409586403
41 4.205827264210598 87.69816265857648
42 -92.32353899304977 82.75479893235433
43 -2.130110630432398 -25.553260735501723
44 46.467513231074776 61.52072532287403
45 55.78932923296185 -19.88253653002215
46 -99.53782630740346 24.22518041192916
47 -29.92259902874075 -3.2272573074357638
48 10.110756100384648 23.18749086677805
49 75.03135784030613 42.70006425225114
50 -79.07833754789098 -9.838373148570028
51 -42.70749864787638 -73.56324751508478
52 -3.041734279933152 -7.03751888668171
53 -47.686043464881436 20.858858705227505
54 -44.770974578797286 72.70371449861454
55 -29.229843706509158 -67.96734188654139
56 -57.563006169308274 68.70901246276202
57 74.51872905714308 -74.93367471547896
58 17.156311424069997 -93.67748147293513
59 78.95184580942657 77.98835618675011
60 23.354827164135543 22.258410761272415
61 97.05080443225964 74.71843519066596
62 45.283675070579164 -67.20651191900524
63 -39.81587002875357 -80.51448049057885
64 -80.8939241099724 12.020854325779126
65 51.66600519737682 57.586865397708976
EOF
