DIMENSION :66
NODE_COORD_SECTION
1 -73.8879171486949 10.28319880759608
2 72.15253184932817 99.66736098470986
3 -78.05408965849516 -73.15224012219608
4 -27.006245722408877 -53.55474133783413
5 -70.29473713164565 55.98388726803887
6 -63.22830858378132 -11.779670865417515
7 -53.85473225847925 53.32623882322574
8 85.71141069939603 -12.50470564847474
9 -6.452329808992502 -16.20502967023623
10 78.11420503851775 -75.48664751441896
11 -93.45400665205847 98.15292463696338
12 20.766864269684277 55.509878412365
13 -39.60243031814494 65.48875874937704
14 23.984996965013863 -9.398405178805703
15 33.16462668823198 73.27762494033823
16 50.834507723179115 -43.421839661103625
17 -67.25689651547464 46.710079434070764
18 16.177068129216067 40.525059011018044
19 39.404529117904275 -89.73103530492112
20 76.53680479931268 -27.879128670278448
21 -84.50723789328435 -82.92696075548011
22 -81.6128045401415 95.61596004687922
23 16.144046559078376 5.295231403194393
24 0.3084585248771816 6.9137463979819245
25 98.37531358736771 -93.99755174986343
26 -66.43236312270187 86.83975924214627
27 -29.387712586929467 -76.94708585266062
28 96.0247267193657 48.59774643408778
29 50.705478291928415 -66.77390492114779
30 -34.12984198178248 35.57614480986089
31 7.708740978602123 13.54929935960763
32 -65.449807802753 -44.91764015127122
33 -48.82843092064635 -7.1758279432145144
34 -87.66143663434762 14.246211997829533
35 1.4229892743708774 -54.35472762497049
36 75.36414389463246 36.24821052474218
37 25.301326270267793 -0.25794082875651725
38 19.50602249478186 78.19207286201285
39 54.010777830712954 11.264650404807213
40 -15.581080392052499 -53.64474382411299
41 13.262272958181455 77.67275412160151
42 90.05345010742286 10.215162267396579
43 90.58266109619419 -95.82371907781864
44 88.3873412400911 53.56275764750109
45 -59.34723504111656 -82.78482313698126
46 -25.31486927211344 -30.820504470343863
47 -13.238462802308604 -72.74489854413906
48 -74.54436056470453 -97.0326356481498
49 -85.06000015485138 83.21459269416687
50 34.377919748828646 -15.913901906800803
51 77.06522958527307 32.12849760192242
52 2.81797614642781 39.56548296210107
53 -79.79870801778787 0.19142848752930774
54 -91.8397957508297 85.0248999118007
55 -58.32954138735329 -54.88586412239973
56 21.028897940953172 -92.45377461610428
57 32.82476625244297 -5.235290277829009
58 -28.423087940645942 -87.58970742432683
59 19.21437101529493 83.35557693543623
60 -24.630029849668162 -7.678823855851505
61 -69.17417344150083 23.97638546695495
62 -79.0031983301559 95.90665526223214
63 43.28996884695181 15.061847251325801
64 94.38677714757375 21.697211141050232
65 19.435568184674864 -31.577244436938855
66 -31.08172473546537 -55.549950955484896
EOF
