DIMENSION :66
NODE_COORD_SECTION
1 -66.91085340067431 16.69747426475776
2 -45.49513052197965 -26.429105532808535
3 -25.963902350281813 20.11004900528704
4 4.2233893466223265 20.639493990296472
5 59.67665029421988 17.183668376268287
6 63.67211189656064 22.481478318740074
7 3.4591650649407057 -81.40752860731205
8 -69.01016770551519 0.5262906371136893
9 94.33720382481499 99.72259778120466
10 14.504131347189727 -33.60398910756366
11 -18.88353783129824 72.77817344795508
12 82.74725621839863 1.8014523349121134
13 -16.94303747650332 -70.93500950314791
14 -62.08949062782403 -98.08270264165031
15 72.12227347596624 -79.2793849807196
16 -85.91406568414315 76.99336203750636
17 54.49423926332574 84.94879411881513
18 49.49576568017744 31.373125779291712
19 -57.55184710493653 -21.144866772579846
20 11.011677728455084 94.75473196931253
21 -47.5900808311567 -10.73005541769075
22 -40.38265066748279 -32.55629325928686
23 -9.006726401477323 -90.51659539756673
24 -62.93049679080307 59.510781188418406
25 98.04178542674774 -66.39290911722091
26 26.864095615999005 -46.81786350473756
27 -95.82323978427758 -90.68496031229466
28 96.71589367076842 -1.5464046159867024
29 -69.92106243038833 11.00663640860624
30 -34.88868920981409 63.834214658711886
31 -94.2917702034655 -52.02743019134557
32 -48.904212646856514 7.288931772070711
33 19.89251117295423 5.93424668723965
34 -35.691230168355006 -93.13618289120424
35 -75.80719251678043 35.366068567179866
36 -28.61935034910684 96.14171779707365
37 9.6790546824231 -53.700897758875186
38 35.15788324039579 -13.409956635042292
39 -48.773122387573785 -53.156378434349726
40 -35.17621132946516 -72.9735277689948
41 -28.827294743823643 71.457196856493
42 -62.16572518230197 -50.157474634933095
43 -87.35921894974605 85.02396589764615
44 58.68924620655201 -15.711047488309916
45 32.58249400724432 20.099848202677805
46 -95.08800481202171 -20.959060406718493
47 25.544765675831343 7.21747565635107
48 77.2104415976981 -30.574792262121548
49 -28.5890104138131 91.93372557536844
50 18.645683009488238 49.10517056988047
51 63.834399326254385 -2.6582162946322825
52 96.73486587954505 61.6843456335057
53 -79.18947146755983 87.05865557878266
54 -47.233132645944245 14.602261534557101
55 4.8116880433424285 -88.76169612029629
56 14.211055848953151 -64.13876686834526
57 -12.86669459033925 76.94938684053076
58 38.95066210576098 -56.46359785144781
59 -20.421818049253034 -25.70414405514738
60 14.174120124449303 78.68539865751941
61 26.33156072264869 -89.05236135085286
62 68.10915761760722 -35.81169786627531
63 99.85630713152247 60.287667912528406
64 69.38601254551989 -4.787654669917501
65 76.86411131895156 -87.82933919834038
66 86.66770236148989 -58.58994088709355
EOF
