DIMENSION :66
NODE_COORD_SECTION
1 -32.5559706307496 82.5110282546398
2 89.98880195938906 89.58539552546051
3 8.239020491192633 71.75316354964767
4 77.05435577597865 44.79461611583844
5 -54.82794634960866 32.00593829875092
6 -71.92837867635899 35.74279620039874
7 -81.8372522099204 69.05178182538779
8 72.74997877731576 -43.82754774550508
9 85.97866017473294 -63.198634246324836
10 -69.74495256470456 12.815813895435198
11 -3.5638031242640125 -89.80200336002322
12 -12.996404912255628 -63.65554814679291
13 -45.304888187081716 -22.420501775839966
14 28.52437440023749 -22.07068466074051
15 43.24159953230057 -16.90556913637569
16 66.18678349974905 -71.25363449042091
17 91.88148346566476 -53.94133903574194
18 9.951092504473436 86.67704190446713
19 -77.95839836096434 11.677312535307237
20 -70.10484444101942 -87.38302729363849
21 -3.095914593754003 -53.65377309309771
22 22.12446059327675 68.2202082353179
23 -2.6253054288376347 -19.213855306577315
24 -51.22629352684835 7.570556416719597
25 13.613018211561496 -74.44827851142102
26 57.159700736861964 -92.8145680424673
27 -7.171096572065565 35.99685417038714
28 99.74697845929495 61.921844041909395
29 16.27600861746545 87.56648664715095
30 74.439127127179 -51.231778056236045
31 91.84992053917108 -62.67549305983437
32 83.81020877559041 -33.83037833410032
33 43.42492373835972 93.91606049968678
34 72.24245633036944 -6.551701943083415
35 -45.96002522557809 95.70193465274653
36 -58.46219767796856 -16.954719979515275
37 77.27106083265781 5.591581944052962
38 68.42247225867843 -2.2770376056258783
39 -30.396337641113973 71.14046276255857
40 51.465335328807726 35.532601963438765
41 16.34558472215116 -30.23355327341808
42 0.2824077253050774 47.26478750472609
43 -75.40297176985663 61.47905061217432
44 46.50132123819759 -55.73508275707799
45 -60.97870799672855 -94.6955517763492
46 3.8112114756364406 -81.09013008774215
47 99.63608340668472 -39.371964631586856
48 33.52504513662737 55.706019287308095
49 5.571962399570609 90.96570547540603
50 -17.567046220128873 -2.1170781286204488
51 74.7210548528789 15.213749939052931
52 -48.67335133114097 -47.479028716241054
53 -3.5744088676462553 10.216565525868802
54 25.426687001974017 -33.334599487576824
55 -37.16735579155286 -41.46969041472484
56 -47.9542267189204 -12.456861829811857
57 -65.73231631736746 56.54977217684393
58 86.17293823404529 -68.08703332750585
59 44.956450306051636 -49.29527440065571
60 -58.735016042011324 32.74362991846775
61 87.6509142719145 -46.77885963606894
62 -19.616892802321857 -94.17149911498723
63 29.19191082122282 -96.0183160239867
64 61.91422914659364 84.60947932247404
65 -96.23261245047514 -8.691017931539008
66 14.468055279865482 8.396970311747836
EOF
