DIMENSION :66
NODE_COORD_SECTION
1 25.423635411729293 -87.97619956465076
2 -39.46069124243263 -45.646188985899784
3 9.868931171201083 83.56752752550608
4 16.814148147242847 62.08410073847179
5 -13.410456590035153 -38.49934009039045
6 -19.213858082610386 -76.05485345581253
7 31.63335682924142 -86.46758058488697
8 -74.7384622194524 -51.84975223269175
9 7.860901609484586 43.901564487760425
10 64.4983236206352 -13.563796769116493
11 2.2175724108340944 11.40850524433381
12 -2.7371881759384706 -32.689577758634385
13 -83.19371157988641 -74.5075299096141
14 -59.97003112774666 62.46090502541654
15 -60.96482741923115 -22.68210433035769
16 -40.315782476189966 -78.09344664477595
17 4.591504545803147 -47.12683117402674
18 -30.821020980897757 -5.870866668735218
19 -63.28025944518099 96.37398508011304
20 84.96471897943925 -40.65745700802008
21 96.25792250470576 -55.197404112267144
22 61.59689782134484 47.218872004822344
23 -90.8865985941779 -61.79668280977042
24 -83.21318617086175 84.80493448924508
25 -48.664668839666135 25.39375422608981
26 -60.740251703141126 -73.9730035705177
27 -33.332021703103834 -68.95985697036554
28 32.136536319365206 51.0954045010933
29 67.44546147984803 27.584494342502296
30 -13.843800836372267 -7.714975338673625
31 26.91500975593955 64.29999845497125
32 -0.09120669891917998 41.98132480109891
33 9.552547373582954 -54.20952329771407
34 -31.650759423100368 29.546068923398735
35 -94.33915487263114 -76.46142757038521
36 -53.78554537938316 15.470659498064038
37 37.5170556777922 -33.35353380475212
38 -40.43234310867929 -55.550803331724
39 -13.43688643185385 -88.2979692262162
40 -13.454722608342536 23.417389375282127
41 54.6089048620498 56.7422667703008
42 57.48352233842894 46.26752144229772
43 16.744767332772298 -39.424893136033276
44 34.9530453833263 73.86378395923137
45 -50.36357873776951 -63.74045448935979
46 -74.16799712063373 -3.8537836201075066
47 26.10197832302059 86.33323574286393
48 -49.60093589438277 -47.47426163948045
49 55.34724960249483 -82.58422172026695
50 47.52967075168638 -32.56329947409431
51 17.962143781384015 -6.895140165505225
52 30.430382396349756 69.82740757612265
53 95.75749491940678 -63.378423364485734
54 23.947625400928104 8.533305553305667
55 -71.25177503028644 -21.549669752832017
56 -87.66113828062304 49.89140446957103
57 45.0653260626554 -40.74235248545137
58 -94.50438907544503 49.618614959645754
59 4.305682162601784 44.66350354675825
60 -8.040561353747464 27.89086415358291
61 -29.19467168367889 -14.02238888911647
62 -11.326515186308583 44.72372817536208
63 -9.451706128018003 -30.1976448350254
64 -79.73619843113413 72.16950837146427
65 -16.10020491797748 -60.55702237481761
66 -35.253847875665926 -9.49026147516723
EOF
