DIMENSION :66
NODE_COORD_SECTION
1 -13.9209970669081 -57.64514911390495
2 -12.094302524851642 -2.463935244160737
3 68.26326255916237 -39.603511062645566
4 -44.80167268595024 13.176658101768751
5 54.442183166516116 13.446330521627942
6 57.87418669290818 86.13924459648797
7 12.616523557207344 91.98007372420673
8 19.125319832224392 -35.09399749606048
9 -56.33653522389166 70.49462882509675
10 -43.58896687830982 82.32954011853946
11 -82.83366652186221 -18.79628404735054
12 -32.2839000983695 21.24334746495869
13 -89.26659062050466 86.21920712791874
14 82.34850166411857 77.91407321500418
15 -2.192879400076336 76.47141821475489
16 -29.01508640493256 20.827071818248882
17 98.69129353036905 46.91054608054779
18 45.02383531323787 -45.789209092436266
19 60.500912209047044 50.07057324624634
20 91.90765745124196 -61.130486105708506
21 -36.03477244572404 13.866023806020294
22 -9.07335662582544 97.308178384841
23 68.49171271700527 24.530929565066018
24 -66.88067505298929 -64.20313245500988
25 -98.37510313068374 21.898576043673927
26 -70.76459675882299 -47.06314209224065
27 75.01064216636235 31.759477982642522
28 31.32870079748193 72.45397188056359
29 66.2031034396301 -31.175674662724703
30 16.399448769388187 37.35917439575553
31 44.1279893048972 -16.142571466769667
32 84.60660795051714 33.28032538314531
33 35.74247350923744 99.83550713776458
34 9.922544844395588 70.68316429566141
35 -67.59142742996602 84.52559116289663
36 -52.29604969764476 48.86353361680156
37 16.72343624841963 -59.33514247688849
38 -48.49557136050604 -50.99294227914852
39 54.02647524525298 59.96437889735944
40 -19.444228935718797 59.276427320829725
41 -62.47013222758524 -16.552234926482967
42 -10.303524721765783 -78.19941023693491
43 1.995582403337366 38.174682755259994
44 -14.872392940034999 9.604153983364867
45 28.108530496589225 79.18846038293114
46 -97.77222250488997 -9.070587474468098
47 48.17205891384452 -44.434119660559965
48 15.760372294437545 19.06744242925251
49 -66.52135284643853 -59.2635809147483
50 -71.84207334794124 -2.27121307773794
51 -5.314966292999614 19.777237803620437
52 -1.829968297180116 15.148312226777392
53 58.74780351143292 10.179280188380389
54 -29.98736877833288 -85.46712887589705
55 99.45179497429396 7.618903052058229
56 -57.74169412964652 74.12447662103816
57 93.29045504360934 -5.4414773502734874
58 76.0585539720743 -92.934210833227
59 -51.56632939911159 27.038825865500755
60 -16.109324917572195 -40.58132645434507
61 -88.25472519726516 23.814158772967133
62 -37.12645580240179 -15.899192967712935
63 -2.7110821183657237 22.021768538343125
64 -59.20211077651765 -0.8307803858009066
65 99.4876132788734 34.86464116605438
66 -11.631477449561032 -99.20618985020376
EOF
