DIMENSION :66
NODE_COORD_SECTION
1 -43.74672386898093 -21.035158377349944
2 -41.44500285843651 -20.339798792196547
3 89.70166508875974 54.670478241932415
4 -92.0118823789843 -86.90316372326707
5 -7.29664590296683 -32.231813633396484
6 93.7002041897216 -86.99397462427612
7 8.65809741187789 98.23957862780557
8 45.187118991726436 97.47264863691444
9 -28.541346718738822 95.75604362639277
10 -69.54947959550286 -97.87717373936154
11 21.389658083604317 -62.31301825414253
12 -64.58579503557957 -87.79663412506284
13 84.33614796822067 -92.62276613011116
14 -39.23304768620821 36.25913160622338
15 -90.50165314290616 -8.545325392303411
16 34.26043325620961 -32.467368884681406
17 86.78568209880868 -77.53190345637408
18 -71.90771907437419 -2.625856709473368
19 -27.710198278397826 51.944404773677746
20 43.85604629710369 94.36476115195748
21 -61.287229055087565 28.993325893527043
22 81.64128000042635 -56.4811743491703
23 37.353183641365916 80.87692225008186
24 -54.781472189160226 -48.153736804868096
25 9.229633813624119 -55.49987192333599
26 -48.15431032839541 69.71941422671375
27 15.147376025750532 -18.432284726266573
28 -86.91643068068686 51.90294770647111
29 67.9906641136723 -74.80789992257904
30 32.11024581061446 87.76965025353311
31 -54.750172174669046 52.025491858343344
32 23.375202635847785 -32.861208965212114
33 -64.2313577905953 -48.471093158825425
34 2.0359679300798064 -83.66209010712701
35 -68.07580295984432 72.77967760331458
36 -86.52865974355863 -61.49706821140051
37 -83.07207727309071 69.25812882665534
38 -22.732974607307327 -77.20443219513491
39 16.66313098543921 33.343153327091585
40 5.420981204339398 -50.8690378911951
41 -13.54916531761701 14.785480069740458
42 -78.88266743459491 -91.82721657955165
43 85.36235649221169 -48.78348952362812
44 -47.73068619373946 -19.233243783685182
45 -45.82643664976227 -96.21035173956356
46 3.1332269592880095 76.64797352252529
47 -42.217591062410634 87.34006128430545
48 17.64699530736968 19.17115684052733
49 78.88775075093702 11.988021000796238
50 -60.25157877228504 80.97723847025594
51 56.95418073277568 -88.10017350529569
52 -51.22016168679544 24.923691867987685
53 54.96406430454354 -73.04045174458808
54 2.187456403373659 85.2699684225374
55 -93.81543697084001 24.393819581774352
56 -46.92487414887645 -63.97633881136524
57 -55.846004138055164 -0.06904401160379336
58 26.77399774849161 36.5169043454909
59 -48.6815448520606 81.86478918763058
60 38.44090573888673 18.69670498421192
61 75.22613320915661 76.43261613279034
62 12.800115662159868 -13.72313027080834
63 55.91338122096005 39.205761058850186
64 27.494362373299296 -67.18670970620775
65 -15.906850134606117 -65.26970168287576
66 -56.88711145120742 -46.071520909097785
EOF
