DIMENSION :66
NODE_COORD_SECTION
1 -2.2428430265847226 -90.02082889712159
2 78.20584752682925 -31.902035739808326
3 -96.5402669715081 87.01157814830066
4 -91.39975212734353 -70.87839487108114
5 2.7707606370654787 7.989435759407243
6 -31.10051398684577 74.59039326512436
7 -84.92929292874871 39.904789140438055
8 -92.66964415678262 13.955795611228766
9 77.14374096052558 -13.517497669776105
10 -69.66714225375985 44.47812435661382
11 -54.66468392585811 -74.38264947450897
12 -40.1021494239298 -56.44240001971785
13 -54.67884738441195 31.264887298118794
14 -39.78893522710325 -37.44895504441126
15 -18.909513795997796 -98.79669363465294
16 10.538323964531074 -46.64529358020704
17 -34.277199498383155 -35.377377806095225
18 -82.11168796854345 2.197861071138888
19 68.76408737614142 27.28652392833031
20 60.840844209353264 -80.4942620819863
21 -11.515009815263838 -72.9486768010261
22 -64.96983040786029 40.354559919549615
23 -47.97003529149304 18.815455701433905
24 -68.8756844006319 26.95541492723146
25 -77.55702581408704 -14.4878389616743
26 17.74313888402908 -67.2321932316021
27 48.78189630284783 80.54685284496438
28 24.60927673748145 87.25777799920479
29 -65.98959077097723 -52.88006054754304
30 -74.67227057246734 -9.020452934758197
31 15.082566338842597 31.16477882143232
32 -95.45863503494314 -27.42628499348831
33 50.61197639227285 -92.83042825216836
34 60.81133380253959 52.43904691247417
35 -6.2560587645583325 -30.058894217423557
36 -55.57734537884962 82.24907108739171
37 -8.674456650934047 -89.59282883509809
38 -41.582849415486024 -14.85139132479864
39 95.19523472294102 -10.156230569334014
40 -38.492809233055645 8.379563572311866
41 97.38999232947182 -45.547980768575314
42 3.1253759235073204 -81.7507441215214
43 -91.70529794145934 90.99901411180016
44 -6.283075478271385 16.768763638561353
45 85.2350467947908 14.27567403364452
46 67.48292094891482 -60.04739817097862
47 88.74155502714942 98.41392620909096
48 30.134298625086416 9.685410164471861
49 -5.310670765147066 16.64445426088082
50 0.8179337894845418 54.22512012180189
51 -77.25580525317727 37.86542351845577
52 -44.77224655337313 86.82626537550527
53 -44.97713165840469 -56.56845245495481
54 -43.98463001964015 37.63117600791378
55 13.601082232800053 73.86205082896979
56 16.966379706179538 70.8907971253144
57 41.480343102858654 92.70500428260121
58 -10.990197870186819 87.74094290679892
59 88.85041542732321 -36.41527296123728
60 -21.01998952246555 14.173940617386037
61 -55.038701538778014 -23.502156891250124
62 16.15179457383782 4.509534727012593
63 -24.35505393975272 30.712792538294025
64 -33.079073415420666 -47.41684264485306
65 27.503585809146244 -15.833433535742913
66 64.60407412439108 96.03356917570463
EOF
