DIMENSION :66
NODE_COORD_SECTION
1 99.1296381792946 -19.445545798509627
2 -1.2861897813458683 93.97738247466745
3 -76.3719521496148 -7.29625180557116
4 72.0137517961831 72.53359731129925
5 64.24264393153467 -17.968992379611336
6 15.163858256656155 10.649197066943827
7 96.44057199976777 59.194444411550364
8 75.66845313280405 -72.43016280438309
9 -50.070981050034916 -34.60577508581744
10 85.53891918990274 -71.57163522276917
11 -22.262575811312928 64.04804664634523
12 64.2608299747593 -0.8030680402168571
13 91.16070467159699 51.86925157158129
14 29.43416873646848 50.37820321078863
15 -15.724506612897883 -17.75096831766068
16 97.88083231467988 55.9504754486255
17 10.218260262531714 33.88344747228072
18 64.11510926694515 -35.25427561376053
19 -8.859498152021558 -71.12504597969345
20 28.42450773582749 23.35354188562451
21 -55.26711567046032 7.077246697100435
22 -86.59018319017248 42.80807886605271
23 -7.563256845555259 97.24131714305685
24 55.68473759932709 -34.27085659223148
25 -22.062079765978098 90.5595994907043
26 88.53724906335333 46.25262249346184
27 -30.735577783803762 -81.50578370698132
28 41.706119150237356 41.99952946250579
29 43.7860818883473 64.31435889231301
30 -23.972206634473324 35.49698631887986
31 -37.35918937419063 -3.4430452819882476
32 -56.43971090422535 51.878551070080505
33 -70.41133849852521 2.6637219751346635
34 17.892380350491038 -79.64468353278352
35 -0.978443299555849 22.336934433329787
36 -25.302122334296783 38.863331580991485
37 48.83292784164769 32.69511056166468
38 -80.8036294448118 44.45692892859648
39 -33.92171833678805 -78.9009422718004
40 -44.966603841212006 66.43151610569188
41 6.834046518526307 -3.4423524508204792
42 68.19449351086931 44.823699505843365
43 -13.61116443764405 -63.0881504323471
44 -40.08073066293563 -66.14968408570536
45 31.877675718250373 46.53452579572516
46 4.183036152581224 78.01236982623442
47 86.69633991217378 8.072633975425063
48 28.165278418918092 48.00365127584064
49 -5.490432596318911 51.79749871661471
50 18.22561819572374 -45.77194760201202
51 10.393374262551845 37.417901533226996
52 -60.74031883297357 -82.35641629707955
53 -12.37162937331884 -54.25024473093502
54 21.908690218039254 -29.184835207178764
55 70.88747391417644 -88.57474676393078
56 -80.05178627260744 -13.527669359606904
57 90.03793269201299 -7.136581094200324
58 69.28312338856921 86.53207444492352
59 -6.49572040498596 -27.98697643368706
60 -9.672725011804559 -28.538918123800244
61 -13.884730512261399 3.9179316851323023
62 -32.85193914539015 -71.98432628312996
63 -56.415551799403495 94.94397547670795
64 -90.39247357310688 -77.18810269802941
65 -35.74941136144764 -21.45444433222343
66 58.83329392995694 -30.157855628920643
EOF
