DIMENSION :66
NODE_COORD_SECTION
1 -78.70855693389413 17.206695043841734
2 91.56529478205834 -11.745556295241187
3 -65.54887524262162 19.277484359054498
4 27.821173028896553 -71.88980687152377
5 -4.1184177400759125 -23.881977015230788
6 -6.354555124222287 -86.58482199455446
7 96.00358670052077 70.90037230728487
8 -99.20644222202219 -48.78216903800665
9 -88.72310302925521 36.531925582750546
10 -29.127335732238052 52.998847499806516
11 -60.91208649540712 -81.18426756302398
12 -54.815220285225806 -45.85850123250068
13 73.70584630336921 87.05292742719689
14 -72.35417198689038 -19.311592461702176
15 -99.46493597152548 -95.87057611570036
16 -46.65961614992567 -64.70978093953927
17 -63.1319385500257 20.668199970747423
18 91.87356034028542 17.41582344247186
19 -20.43005460978216 41.6175534702557
20 92.53290527795039 67.30768200792608
21 33.60183428380461 -71.31531406589903
22 57.37480808496102 28.83007994019553
23 -9.982703756361985 -51.686779708885936
24 -11.298434844113615 63.27193110891395
25 98.0423756556381 52.44205852934195
26 98.99664146261824 14.330117468481646
27 -66.9236413607087 88.0723072118318
28 94.23733146264584 -76.08688658577765
29 0.9270363145933231 -28.29212719823697
30 45.60565261156489 29.068957462768765
31 -61.67931326398674 -63.97549591849243
32 -50.03035320728322 -67.74446110437026
33 70.70371988269105 -41.33894744147702
34 46.10911148658283 30.335267575613443
35 70.57926852077887 -83.18416831850448
36 1.511078507514597 12.090321141606736
37 23.098816405304362 76.37000312891692
38 13.66213777614999 89.71862447328189
39 -49.644707588219816 20.548933181625827
40 80.11610260509684 16.684833558696127
41 -28.199175187850585 50.671632005396674
42 -16.782810015513135 62.46471472239182
43 -14.561287449258955 50.32735294132269
44 -91.78964737550695 -35.864789957687364
45 42.91594661735155 -5.642511366035976
46 67.57208713800165 55.426735885439655
47 61.368943169248865 -94.68990523695871
48 39.74646299001694 85.76818837111315
49 -34.14806308758823 -87.4267467509893
50 -52.92721173853712 85.01922194608741
51 -11.596112010813187 -46.817339936695504
52 95.54285152270893 3.9985088974117104
53 63.28638024166759 -31.662099239831605
54 78.12722405962788 -33.41942842567896
55 52.65156798682128 -4.049155342284138
56 3.7616882434501946 6.048117613957956
57 -87.12427043186261 -62.91127958758882
58 55.68643724209426 -73.44948919706496
59 69.02061159515634 -17.03645620093819
60 5.68222383154216 29.933468125939868
61 3.361292310619234 -70.84154982825149
62 14.84920522769697 78.86876713533962
63 -16.35419042065061 75.07081585267326
64 36.92581278014359 29.12710753353636
65 -42.27155049413041 -90.90917870330821
66 6.746498523766633 -42.998853576990534
EOF
