DIMENSION :66
NODE_COORD_SECTION
1 30.613070425215398 -37.07257437408116
2 15.81536911112606 36.16050205997706
3 -93.48453329541859 -52.20351973466046
4 4.756320375386466 0.7348057463916433
5 65.32990784384478 21.21550217104857
6 -56.5058531800307 -13.417401412792415
7 -93.9972259352667 75.74773315872767
8 81.80565512997245 -64.88808767383966
9 52.58454355376759 99.75935618435315
10 87.04074401142944 7.147051903377815
11 -79.97718147985884 -96.68344801115767
12 -52.72369660733589 -24.48530525320018
13 -56.46031023179445 96.31587235777332
14 76.25325121562105 -30.19472917755661
15 -44.73353317325368 -92.35204015858017
16 -27.773102584344286 0.09805211968637195
17 99.03558055083664 -7.0162250549879985
18 -44.28766733775922 -64.14777054550026
19 -37.294307009236306 -31.188555757003485
20 -34.791993478040865 -3.1694268399728287
21 77.12297392365033 31.641004024326577
22 -74.66756838405666 -75.16393895794538
23 -18.202264021282716 73.83331736988714
24 18.410276058069513 48.20616094848458
25 89.60247801929731 -8.701440800802104
26 88.39586216598991 25.423313821912515
27 -3.726307818010909 -6.651359518212658
28 -14.876449061932732 -40.13559532263813
29 75.22652123190025 71.27711923557612
30 -82.77394752389597 14.625945139519601
31 -25.832131077158067 -40.220924904591456
32 23.663332604124008 24.52581670398058
33 -12.779888768351427 -65.88734550773967
34 -3.343761971917786 -98.20356224840255
35 14.74408894325174 25.942842364445127
36 92.92071035717987 62.64834902192786
37 -57.223251009256224 -87.90269064932647
38 55.44974916568924 63.797202460765334
39 -25.02479489171587 33.00305632373522
40 -65.3078587852667 -68.78873276033121
41 -67.81434986340108 31.361758089545106
42 -54.17171167006698 87.75054819996672
43 -1.7678789364046708 -33.339296639002185
44 -72.05478522083729 -57.967217233842796
45 35.24658166532993 -42.594654316567436
46 81.26428913818444 87.77550142957361
47 17.838510023566997 -69.5015126195924
48 50.176740020618126 81.02757940746844
49 -57.37145767263569 15.980221440943694
50 92.69375716858579 -87.88237963558254
51 -41.85249194185439 15.381808551042568
52 31.019330691037226 -30.18943198113793
53 29.828539583909304 93.23571884706183
54 -86.69428708558053 -92.92178446627777
55 5.796656011282167 -6.176876583328436
56 33.25281882274359 -38.94695733079845
57 81.38671975831039 69.02924763996418
58 -47.93542432488047 -45.850918041946365
59 -26.202745339665825 18.21592296747818
60 46.376659617136056 8.997567491789923
61 13.014084909532997 87.30993807569075
62 66.12170570614546 -53.24096625314554
63 31.114516027802324 -48.15539523760515
64 27.89965568681143 6.5377840698258325
65 -10.710924596459819 17.48129298024108
66 92.27234653685323 -76.96144051271563
EOF
