DIMENSION :66
NODE_COORD_SECTION
1 42.99532441238139 -83.18750676514004
2 -99.47889984222027 -17.356876650675204
3 -73.70330096563458 70.36967295584859
4 -13.813598125184797 47.72437600174135
5 94.97838740022388 -29.56771840541164
6 -81.50813838158201 -2.647654522868976
7 -16.457038915301368 42.98549609809871
8 14.71881488762044 -32.59090053742682
9 56.17068211373942 -64.06638264360116
10 -53.14161546174723 -79.99156078729462
11 -31.41489738541479 -21.58134851145077
12 13.106641614091942 65.52704034247895
13 68.55793186976294 -86.23498278783623
14 23.01424282612969 73.92640959273942
15 -43.57845378905616 -47.14176311668863
16 -60.75896366110018 38.28678755944131
17 90.43417533833798 -40.195407771584456
18 47.9676374525543 -90.86176441512761
19 66.56921177007496 -21.992362278906796
20 -59.632477699892284 5.088093867535278
21 28.276827438178287 -67.66329261288163
22 -20.8552321692586 23.40824631208045
23 68.9924902824255 1.851483799918995
24 -3.0058586207417193 -76.34047397872625
25 78.64365605751155 47.585777132751645
26 -72.05823465501142 -61.90532887047782
27 55.13235088232261 1.1828456386932373
28 -92.12378714679423 -25.50451802895725
29 52.74805602156209 72.7134268207785
30 97.18137542868368 20.263611516572837
31 71.69176924136545 19.796948474929096
32 76.23403997437862 30.99872805745568
33 -93.63128362930726 -64.81470756911713
34 -56.36928160953858 -7.53825988375074
35 64.833755536192 56.2576080892112
36 7.359742958672342 -18.26521722901606
37 -52.249933159189574 -22.586292188441305
38 0.7362930390770686 -78.44607726930658
39 -67.55173605337441 -44.85729931961704
40 77.76952585521664 -78.79565972217198
41 46.149687526907144 -64.41750629509409
42 46.732551815396306 28.032031352014144
43 -67.85585878448836 -94.32511262669361
44 -13.942397929183102 75.54002898594817
45 13.688917119612938 -28.439841087022714
46 -46.71976616618914 -92.79880678901363
47 -57.37750691620198 1.643823626797115
48 -54.391978051678834 -20.466252473949396
49 -16.83704156542656 -63.19229747744268
50 -0.20925271142398572 3.6497513734883142
51 -73.91242602189524 -33.47388266304931
52 -70.67935047654579 71.4007795441328
53 54.466697253019134 97.18732009913631
54 88.59283382097965 30.409141634040537
55 -10.648410804850485 -2.2906700215440594
56 -73.49241300633366 -78.31298538299716
57 -67.70751300026072 -2.4217868022264213
58 -53.90222498960016 74.20998358806955
59 91.2895492329452 -66.27380035750774
60 22.116215047383832 -37.27453672366903
61 -72.24382660864381 -4.794205329199343
62 45.119351233419394 -21.759401917160076
63 94.30050143814327 -1.5946390577025795
64 -41.56482708081634 35.04832937765545
65 -53.3924137508611 40.59051147179943
66 33.5048979906729 43.814220616471346
EOF
