DIMENSION :66
NODE_COORD_SECTION
1 -99.33984895134569 40.03848906438168
2 -58.00409864031182 -81.77147889118157
3 43.353059584577124 9.934366195053286
4 68.11997136544622 -73.53716874921399
5 -63.635994942185306 -31.892694960787793
6 -5.057816544262693 6.16271205365004
7 -16.242682680823293 -13.674545884939263
8 36.89805582916293 -8.448007190625418
9 -15.226659076424525 -51.22690211090835
10 -24.801145678477383 -63.68076328813621
11 -66.30835000121853 75.04590187089028
12 27.581304077374227 -15.881358362239155
13 92.1775145761539 11.016632526217435
14 -7.002773095064384 53.95376288168802
15 -75.574610010111 73.63708883910633
16 36.263860873952524 20.74805539245355
17 -94.8604146146365 7.030969908432411
18 63.04713358191779 -66.67976928367364
19 11.369110115023304 9.771477039008985
20 2.1518341702872306 5.14652144396905
21 91.43998158278612 27.026481231734678
22 -40.05594071225658 37.70599148717497
23 67.70503012498142 -33.70675233508682
24 -59.16701945003289 -8.130907474477993
25 74.55772861077469 -8.266374839454144
26 38.090457540646355 9.70374844166318
27 -40.86687152710267 -20.340191753725307
28 90.88867952608086 -92.76272399858195
29 79.34554917638312 -23.49024438375575
30 -23.712544495860556 8.126564482255546
31 22.389277481445816 90.69042938800195
32 -40.995540165573985 -31.147063244622657
33 -63.44497467591215 70.95614494302373
34 57.15323246547112 -42.02778296062699
35 20.19153000470213 76.52824694649178
36 -1.2647209739030387 -4.885368140802498
37 -56.131849323093874 27.951545105881166
38 41.52428830737995 29.843085888616542
39 -4.729030446704968 42.72191392570153
40 -91.91813728389087 46.14263765047605
41 -68.90855323150127 6.008488131070507
42 -52.00408235696958 -84.77214720506461
43 96.14318194891217 -95.66688142271396
44 -18.96567583695976 87.51890675131023
45 -72.83104179518256 -41.14142755209571
46 97.75802423490461 -85.94868652693569
47 97.27679474946535 34.976236597834856
48 -1.760687578183223 18.24824694913221
49 76.6703020680003 76.17303916025301
50 34.88266736345457 -99.10154293276652
51 -13.684841097747281 12.696356258979975
52 -8.053050022238196 54.346892416373635
53 -96.5898794262537 -70.67517320790566
54 -17.780538644754813 86.31913003075366
55 41.00756671236064 41.591936912829055
56 70.3938125743806 -90.53517077442652
57 68.85507514196954 26.098395124417536
58 -56.944808375814034 -60.380478435133675
59 68.50614763886796 78.08834715907429
60 -63.22182212967038 63.94799646279205
61 22.974732382080163 -71.74647098042301
62 8.693758004769037 89.54671448177129
63 -70.31523700959441 -59.231467314580314
64 -12.016179029980819 63.74672936629378
65 -4.807482594404306 -64.15057075832263
66 82.11289068729809 69.27254610180299
EOF
