DIMENSION :67
NODE_COORD_SECTION
1 7.160119692238709 -70.64197996834085
2 56.60270154189041 -54.53323210632439
3 -67.26357256022752 51.47630955503732
4 72.85877318354096 -65.43901106322971
5 54.96851548953097 -43.2876209612524
6 95.16708375999085 -71.10473952821015
7 -67.68684258223605 8.99638370699931
8 64.19248664029996 -18.562130786264092
9 63.72633930037449 -66.4363954484478
10 -61.036800179858666 8.13810306121934
11 76.50545064377809 -96.18793616825513
12 -40.03249779906051 28.12145557956225
13 34.02068842357335 -66.96369450585456
14 7.154949078570084 -75.5743638809553
15 -15.295860926068784 17.845165316188698
16 -4.207449183156172 88.19856622305298
17 -62.85848461102921 45.11045517099484
18 82.22788947237578 64.94347237451868
19 90.83805762544722 70.58258251629843
20 -38.037212944632785 8.310470753552934
21 -21.7933244650021 4.848076977899211
22 -65.95739398652321 -34.902149950212234
23 -19.446938732077726 1.0932418016556653
24 78.61790312026474 -35.459461776748455
25 69.30891723369476 -70.82299050517614
26 48.636647390349225 -34.372828146000884
27 -6.50889018555128 41.80528236393326
28 11.976899617585985 -71.89875377988828
29 85.34112465888703 91.13808516383665
30 -3.0687888806011614 15.966016456544068
31 -11.674314022673443 -62.050218516373356
32 91.80579520930249 16.72671890041451
33 -74.84396864894059 -89.49805872865167
34 28.4988955235533 65.26781452281574
35 18.20986962256201 16.577186722358817
36 40.27445969433231 98.1771086063477
37 50.716638478687685 -10.338323261546464
38 -74.45128462880302 -67.50754335327858
39 -85.70681671384665 59.05278812637397
40 -27.64112498902452 62.26104109169296
41 26.89361714433096 73.70767327635551
42 2.284665180364229 -3.0348719186595616
43 24.963598941588373 -19.062551957163976
44 77.94506383471966 27.782345123724312
45 34.565936085826706 63.59077801939381
46 -15.205941686248423 -99.18745329511525
47 8.47085535422525 -26.84021694625234
48 45.79091128927507 0.8174042035460332
49 -20.319037171547976 61.28010509789735
50 -43.378090521812275 -95.31706362374467
51 26.587391075361836 8.386178051763423
52 -60.49783734183365 -49.270733763636265
53 70.93026920758027 75.82175012092941
54 5.187599184934584 -11.844110234389532
55 -63.03688457264509 66.4947301051647
56 85.67881814439122 -79.67512577410936
57 -11.302561508471243 69.20458711429609
58 54.20006841294847 36.24846324505177
59 -68.16972068077258 83.05948872522458
60 -15.611814786267558 36.56155829473167
61 17.934067771223866 70.93949701818158
62 17.22781332391341 -96.57630482225323
63 -79.28530046343663 74.7511989617079
64 -97.87912039531004 -61.790858325865905
65 -32.37972970304048 -59.74182506196062
66 57.57988505780827 -3.4921768646316593
67 4.8095730131544485 -54.43922166083291
EOF
