DIMENSION :67
NODE_COORD_SECTION
1 -32.634123608466936 -81.48352864558001
2 -83.0011258009823 68.8785389568192
3 94.80211029905522 -18.861686789237694
4 12.215518541438513 69.7392991183635
5 -17.626910472770604 -59.663077201104244
6 72.1950224826459 -53.784067924738885
7 -5.033172382027047 -63.7657170584593
8 -35.21067534442422 82.40144033036188
9 20.505478476366406 57.03269390032165
10 -86.6161746417471 -85.07104921914434
11 -68.43484182832876 43.377965485044285
12 12.285863014168783 -69.25338172338743
13 43.02947072225348 22.449196286329993
14 -36.49609759148902 71.1725102805371
15 -94.20258939499335 27.07911634397881
16 -80.0422636003291 -25.41587488170687
17 61.918044172348715 -82.87700595490233
18 -78.86344055896353 92.63643429212215
19 -46.87423730593538 -86.54177648208731
20 -10.551747274078394 -51.30875637203438
21 22.601612978735844 79.41066789000575
22 -81.02003614515701 72.1798227522313
23 -21.11232175411888 -59.93195817493857
24 -66.88359597256668 38.90979098574513
25 1.2330716640288557 16.85452835758045
26 -86.56097543644579 -25.133695691839236
27 -42.74833126986304 -27.094972683838336
28 9.555713428315599 39.84664768519167
29 76.62328416532395 -85.80862876032049
30 -72.0127680181788 -2.693570434189411
31 -21.328471324335908 -27.98300351585381
32 67.96316424655791 -1.9154363436533686
33 87.00317700388894 4.410576484307185
34 -77.04325289099847 -41.78657097172114
35 80.9953891863822 97.11319564747572
36 -0.9855202213674659 -5.190557928804964
37 -68.23121571203046 -80.73226964502268
38 -85.58703905612568 99.07860212804073
39 49.385806526355736 94.58308881956111
40 -60.09797992579604 -28.23960855114136
41 -71.63453812906755 -14.339875762928216
42 14.769740248758652 -76.12739549931102
43 20.207118369880604 57.330065833409066
44 31.191485269751098 -45.59121920152804
45 -15.53255299123009 84.27026368751419
46 -82.19829840378499 -43.321182053231475
47 -25.96364231801917 98.82635370195152
48 -26.846247114350092 76.27256010484021
49 -4.39082991606665 -63.11628719600084
50 0.7096507405430827 -53.8348388732349
51 52.9539404339468 -67.20462380344173
52 79.22805802703249 58.272055562856565
53 -71.57561701918793 -61.2124688102639
54 65.89555755946157 95.8004792421807
55 87.2703619849994 -0.0722194507992242
56 -25.727252964577872 47.03353911868135
57 99.6495330315656 -97.34451595131645
58 -4.896815763325762 -51.27816948537935
59 -33.154749044954414 33.03743437529525
60 -64.74008663075941 -33.95319890482999
61 11.047481390297122 -69.67364727730975
62 38.58074736152008 6.158913514069255
63 -57.845126141421076 2.0635834104859327
64 -77.92989695318029 -16.417017753815472
65 -49.59208124164556 78.8815366363329
66 -88.07824603184588 8.3218473500349
67 -9.735526402638413 30.325480608978154
EOF
