DIMENSION :67
NODE_COORD_SECTION
1 88.70414375802096 50.61347233225993
2 -9.543590414553506 -96.94286520949802
3 -22.472805829291744 -17.73720538652188
4 -85.77529501356057 29.235320255943776
5 -40.538226249014755 -39.446518810226586
6 12.708410177372187 -93.42592138938484
7 61.9905064994247 96.3042708839013
8 -53.64370329876793 92.65440621346272
9 26.144287849275855 12.311142840238603
10 -89.83596393192323 12.149162819631428
11 51.77125831736956 72.71781963806541
12 93.63253225240567 33.31170537920099
13 27.20923574005569 -52.50074171928203
14 16.74652936585852 -61.59381680224713
15 13.5580696089947 85.81909135052007
16 15.001976733587156 9.203811202084623
17 79.72507512041435 -0.43899857765798345
18 38.112379157009855 66.8334168081162
19 91.6431267971746 17.123262202593594
20 99.87571910801887 54.68867331569203
21 -52.46227393882732 -42.39549584566464
22 -29.21471516954557 -66.24154062130941
23 20.84575721387374 -3.2019870705850764
24 40.31917644944028 -28.33912212907977
25 23.36531393198213 48.95081857843155
26 92.44487400561496 -50.174502741517315
27 -66.55754535229224 72.032991868619
28 35.7268163022095 -12.317521491916892
29 47.47743537031755 19.30148109334384
30 8.526478439936952 -11.618734363928127
31 7.759392800302251 -93.76792333010073
32 -59.863964655490335 -52.52435805007869
33 35.61509178715727 39.43197527959089
34 -9.711805448487027 -65.82405156621215
35 -43.91611555884323 62.93460085801732
36 -87.66355181529602 54.183381882759164
37 -61.192364677237165 -82.68268024553853
38 89.50145593731048 -66.21470012224115
39 -0.4491366739456595 78.37184927762019
40 -21.06914423287685 26.804589972992105
41 7.742929859879993 -55.403956325253326
42 -35.07856160023624 -60.839853700404745
43 27.66076173210456 -23.434926450905678
44 -29.49592281810874 -9.790375724905516
45 84.34696322929707 -43.72123437379001
46 5.693433965149737 -14.290354972514791
47 90.0849634924729 -69.12877423443764
48 -58.944003688539624 64.14275179518256
49 93.22921007263025 32.60767881055955
50 -13.148421518499148 96.32443955095664
51 18.415108526336766 25.882728615476765
52 30.854984756718267 67.61761754947159
53 55.649944244368385 -78.02684620145533
54 -57.933941151337805 -47.25397625791052
55 25.512498782578334 -76.4125153687351
56 -17.132011599653694 5.112041352009911
57 -1.3341982918366142 -86.20629337435601
58 -11.20485576488879 -74.31145478548405
59 -19.886152679915867 87.69537867348694
60 -27.076464092160407 50.968402587880206
61 -17.890214641181927 -59.73435964348424
62 90.99822842890754 -94.88069155107166
63 -95.65037508649058 70.03757320850835
64 63.763910330266924 -1.594197552458283
65 -83.93799174539075 -64.11150684426408
66 -5.4338363976015955 22.10419733561926
67 91.8312622986551 12.944753631600676
EOF
