DIMENSION :67
NODE_COORD_SECTION
1 -96.99345134436177 -72.39050161998652
2 -1.8969598924135482 17.55606354991839
3 -89.71355067900015 69.19266308830109
4 89.41506611886703 -59.90502958982826
5 7.194266213059137 18.09578096171262
6 -74.20880405285628 -89.70031293705607
7 62.22742183673546 74.09960933863866
8 -68.65299441699186 45.47829739652056
9 97.12178838259024 79.64144647246391
10 -68.65351631457284 -20.65843332472423
11 11.99544593745982 15.277861121571263
12 47.88684713610061 -50.514187530159575
13 -85.31969831101138 -43.92481549571103
14 68.09709881482976 -65.92438397184348
15 -32.29999629517408 -44.83073832363764
16 -81.67186206665806 56.0186825480219
17 -98.296165272485 32.64992352049413
18 28.788804056696534 25.46405630756388
19 60.768063546594306 -8.91020003219478
20 -94.69130716767076 -24.755860094016427
21 42.82758339374078 53.45106236952819
22 -61.614732836322084 58.91986156878062
23 77.60246358388912 -75.23208592060946
24 -25.600715124336773 27.377557092209727
25 44.735364383629985 15.916428037239498
26 49.85910826141853 77.465036830549
27 76.45753373935102 35.9477462472679
28 -53.23887024038969 -25.056469063432687
29 11.952513378837764 -41.12563854524589
30 65.62992117672297 -5.928916741420082
31 -25.311687943322127 -98.53642112871822
32 -67.47148744500399 -12.57776204549819
33 29.340419907470277 -89.49392237571877
34 57.305530964165655 -97.91223887579916
35 41.529476088752205 51.191711386742185
36 42.57272687762662 92.18724969196333
37 -88.55098917510105 -87.36136815539015
38 6.382714825383573 42.66657787360262
39 81.56038213774875 -97.71396435458253
40 -73.6963684389553 15.64115525278163
41 28.88332225080967 87.77467555150596
42 38.56364118243815 58.0850628196371
43 -55.987668305694484 63.103565219060954
44 -66.8349408960915 -31.544857700061613
45 -28.159446136533234 -34.73473648068321
46 74.34428837215572 9.87824834104525
47 43.074402724854906 -51.77388780103449
48 -54.51969803135335 -21.181123678125317
49 60.973755818185026 -66.96795951974524
50 68.53108729202046 90.68348019582862
51 24.35406797221094 95.98445780194146
52 -19.696051743418934 27.606830945398116
53 -34.261590429345134 -68.7550875545247
54 61.34204201394803 8.704862094702492
55 -37.35117682043263 29.89117906377291
56 -92.06364606906938 89.3674284578372
57 -59.62181152731898 -45.63840216035373
58 -86.25145859592422 73.70361658376859
59 -73.81488256153897 -44.61156230258674
60 84.75690241348232 33.04113586942705
61 37.70613110877332 -22.064784112812404
62 49.71417983989065 63.42051688061724
63 -7.519157156474648 33.31693959057398
64 -51.967585277734926 -13.686158594097392
65 -89.16253593268175 -23.403798436365392
66 -22.013198447053114 -0.6632433503841213
67 50.98754899471842 21.512357608922954
EOF
