DIMENSION :67
NODE_COORD_SECTION
1 25.435663428724382 -57.28051027982748
2 -43.956067154010924 -4.1640698239253595
3 96.66073031624725 42.130037254612176
4 78.70077205165572 14.35195054196798
5 54.78038252250471 4.537552729594424
6 97.24306733333577 53.01923911185452
7 -60.41582805262007 -42.71451062632077
8 -41.28348967036939 15.660292480116112
9 95.83938728904138 -57.03650098703217
10 50.27418938089966 -64.36923876862522
11 26.861288135097965 -28.369232156229657
12 -38.147025540469755 -4.042959750220504
13 48.78622102905982 -53.84417217059936
14 -95.69560604236318 -64.43045405200186
15 89.66990560816492 -53.35908852277185
16 87.74676397145754 45.275368141713614
17 -55.86523386184492 -46.93714558993567
18 -52.86793746092957 -9.096798485705222
19 -57.858249023324326 9.676783430148589
20 65.49740588491474 -33.90749094491794
21 -80.43635243898055 90.39267521124398
22 -9.902196354926929 -26.512142218018326
23 -11.411560403916184 -88.75080040776437
24 62.593161814708196 -39.361534651956376
25 97.58287946348253 54.27303754356146
26 91.68924328962765 95.69215411845525
27 -57.10212361954281 16.426151178701204
28 -14.891163322955151 58.01178724244156
29 49.19906892960137 -21.992558738683982
30 -72.50413838310374 40.13146710130161
31 -29.742694741310416 -3.210705391392537
32 -58.16821435732247 10.00881259044175
33 -21.264583269709618 -22.666362971828335
34 -95.82974546284977 66.31863806070947
35 -88.64070164336351 -60.65393570672792
36 94.97240613598314 34.57247943396288
37 14.96270827132416 14.590865234412618
38 -34.94808320088943 -1.862532754766221
39 99.2468813657677 38.80356800808943
40 -29.884666121427045 35.767044069983996
41 43.69763460498194 -26.798007368584194
42 85.10992084190394 46.04520636862878
43 -71.0459361704375 89.61054447546604
44 -51.932353832404175 -20.815101991041146
45 -32.97535891648447 83.87686244635506
46 -97.1393122990369 67.9102969416895
47 -9.901956176069575 44.17367247232525
48 -88.73975480626555 -48.30818793092495
49 -75.70247418046392 93.94309103870862
50 -13.082920230186247 -77.60837362004489
51 22.579330430909323 -46.345603649061104
52 67.35875588149355 84.416757780219
53 60.07713007276499 21.21053298426871
54 84.825120470553 18.76553289993592
55 5.546013248788185 57.752609440604516
56 22.740112546896256 -32.107355228802376
57 74.16125779162579 -16.224291257014386
58 -48.15544873654798 17.106802882511474
59 -60.22157319174492 39.883397471829284
60 28.49114352321385 38.254182428607066
61 38.8631768599345 47.17242126669379
62 7.329475914191974 82.72994387022541
63 -66.34949082682479 -85.84693124840244
64 -28.41464363794887 63.39907784102866
65 18.69487653006901 80.2748005687555
66 -83.6346275153772 -51.20305441531392
67 52.824056401999684 60.54078797032517
EOF
