DIMENSION :67
NODE_COORD_SECTION
1 96.92506367212229 -16.519538038674185
2 -96.66395186366248 61.52714592874307
3 -28.03847289519159 -10.996062822438859
4 18.723152588533793 29.91045237519299
5 13.713185125086909 -87.5504816024125
6 22.506253884329496 24.547599156384877
7 -72.925550574401 45.93426857411302
8 20.316137466260372 -45.50121209385909
9 -7.177963933037134 38.792389512312724
10 -58.30013411969135 90.31504846306535
11 48.787512380394304 9.90435687154121
12 84.75587612458398 4.045778558148072
13 -2.586750498183264 71.78695628842269
14 3.5739539925308463 84.32808270835724
15 -93.62732854336093 -28.935426238828427
16 -48.25690111416725 -27.708410123325123
17 82.41227610337069 -35.01881218757774
18 -25.708295100670213 69.67645496514916
19 -6.700513018691652 99.90151899166995
20 -99.2238197323368 7.4762792771404065
21 -11.263096313136728 -64.71107739509945
22 -66.16441104939685 31.58182998661107
23 28.33011573747018 65.43660090768256
24 50.381539473381906 61.315379501211055
25 63.172802821451455 -68.73218233112372
26 36.69404526476353 -92.5902798991851
27 -62.66057751866197 -14.190119065725511
28 64.04568500830959 -2.1002361584029074
29 76.55227734861799 79.48564746734638
30 78.07794298903784 -46.4411216426327
31 13.516435201289994 -34.844569843836965
32 -76.99484423786515 78.92609511479856
33 -37.107541078247806 87.88124903527904
34 50.823086336752965 90.63434995012918
35 3.603407448408774 -79.32560675838047
36 76.05065336551564 -8.335907439041861
37 -47.85069834381337 35.02633567054403
38 -71.86499506178576 -81.68948518462793
39 -82.17131673218607 53.812119618745385
40 -73.49844293388479 36.066863515965935
41 19.24344166127085 24.19443815611946
42 -42.66771629223059 -58.70973568508264
43 11.189739819049251 -30.55448307913882
44 66.50710550151683 -62.56946149467786
45 22.014380361777853 31.143254072595994
46 -0.25533964738045256 -2.2333327446494735
47 33.74250337701628 96.9868808104695
48 -81.16949037010517 1.0094819368764263
49 -49.24091828780195 -75.4834267437658
50 -98.07781802112743 -68.20669459424104
51 97.55329443020787 -82.68945455672227
52 96.27219625926699 -25.006666566772395
53 -37.98870233004734 87.77212999705404
54 -66.68837343134106 0.9695488284668272
55 -42.030372792165 -50.59152393859294
56 38.88846878794763 38.2520908861413
57 -80.78210766486767 -78.45844549743944
58 -24.443526666775 -39.15297579909438
59 -43.133910287501884 -99.31884755237775
60 -60.83815132798034 -20.744478433792295
61 12.968358423386505 -44.67127495224739
62 -1.4233558928996786 17.463541972745176
63 -74.47841527570725 34.76992582446883
64 15.27929631559391 82.5731496230002
65 83.43383373247283 -52.5472694100785
66 8.584307238835365 89.41068636259212
67 -5.215846617347239 60.83717557841098
EOF
