DIMENSION :67
NODE_COORD_SECTION
1 59.53630441472259 36.19212890339111
2 60.97356409951661 -25.34132917902552
3 80.69933231425591 43.663735520248935
4 10.89216825120512 -68.77958074310146
5 25.917171748442485 4.357669391737701
6 67.40043001321357 -30.290898201449963
7 -90.0860009252515 -45.21656600660107
8 -13.096628550356897 29.31334849685257
9 -30.59162659962557 14.824910274347275
10 96.27237206310198 4.200136473039166
11 -20.11985559474215 59.06017656445863
12 -52.38616911423548 -10.560152250301556
13 33.39482150474845 -93.75523045454489
14 78.73942685528269 21.794679892380913
15 -72.82582148036482 -52.60083446163782
16 53.733786515202155 80.0493205349899
17 32.32828970814279 4.230125234902999
18 -56.633139406446546 71.47687349791195
19 13.140897171589344 -87.84524532444541
20 71.69986397014267 24.197224616341686
21 49.5265373168412 55.98510364647146
22 3.0852678043816013 -70.40111129916593
23 78.75433041427564 51.370284845191975
24 -27.137237941022875 34.6595468643265
25 17.260021609863443 -38.617958121070515
26 75.40485584132023 70.9146409244041
27 -50.65563935643726 65.16882374066998
28 -85.23282759897461 -75.01278611888421
29 76.78243557019039 54.39252030029394
30 96.0501213152173 5.006507044217813
31 11.84527602445624 23.20099410401177
32 89.68027480589404 37.906712426628445
33 -34.03862540312592 -61.22138000796289
34 36.171178985803664 44.51138322375837
35 -62.77739802108393 32.056224662318726
36 -24.47499029906058 -17.526853252706303
37 -67.83466482211622 -68.04932582613483
38 -16.71195984190814 21.55228379675347
39 -29.265672339286766 -18.456387306836206
40 -25.6256345818491 21.381963633824654
41 -81.9366941269898 20.897810186836978
42 96.1240012813922 -81.21819521753281
43 62.68292821009294 -1.2513435737917575
44 73.66296062007999 -0.15432785311134012
45 17.99323256283394 84.09745120766621
46 -6.51551997248707 31.44359457094194
47 -37.68568389483402 88.7721162333795
48 15.27219096856949 -42.55831100070908
49 52.55553635669355 -16.68989443558533
50 -12.662503201145924 -73.14179844208388
51 47.52002852548043 91.05728218640041
52 -92.3548974032653 14.33767080622843
53 -40.91197278958016 -20.83435886137424
54 20.252051026110635 -82.26057512484452
55 -87.00111313729232 -69.78817502237891
56 66.08735536526586 -26.699468752543936
57 -54.321615803808385 -25.552667509028538
58 17.35070196500385 15.747545446504589
59 -10.465619840401885 -9.769416221134477
60 -83.58955408591501 -71.10462528718071
61 6.370493321215264 -61.020126274887375
62 12.932503513976258 -18.314429034022766
63 -82.95597797681381 91.0254158801803
64 47.07346259334315 25.280653253472238
65 45.22088089280851 -79.97229715862508
66 61.92265193610069 -61.25518310610507
67 44.05691640212211 -3.8315100045963817
EOF
