DIMENSION :67
NODE_COORD_SECTION
1 -28.346722002025288 95.48602704978973
2 77.89300431884868 -72.03338072396886
3 -78.59903449078331 12.215761922492632
4 18.66929194671016 -53.01546878010157
5 -29.99135494579224 -61.75368823495824
6 -1.6336997228702899 -51.03400792414136
7 43.19229998172088 -54.19658792822335
8 27.86363598289236 71.66784998319713
9 63.906749436911895 79.49560397505493
10 58.44843600806573 -36.42749661178375
11 -77.29875257460287 41.45678910411752
12 74.20285370940013 83.98912919925726
13 34.95652126017484 -84.45542086969246
14 68.16324107566035 54.75038299114135
15 0.12165639916771909 -78.84762390394526
16 -61.048546601883814 70.17576038882285
17 -58.454193595834326 -47.767989398387954
18 -26.319685976934196 -72.36322012307002
19 -49.773716216508504 53.413037462965036
20 93.28680248636857 -72.02669226336917
21 81.77107445336199 12.643622992762559
22 28.048058817489306 -86.82570076698386
23 -36.89951631242574 -91.43280498097226
24 63.886934414631384 58.15038783698486
25 53.889116034642285 -59.11193288287417
26 -45.82469066680868 -85.91024444264745
27 -22.524030914419654 -6.731830224977145
28 27.0950142585979 12.80283060247794
29 86.94697984628209 -69.16370876326638
30 35.217716353956206 84.62534516754116
31 -35.67904056971041 18.180113456660436
32 91.81671847580691 16.863438216465127
33 64.2463557104673 58.730515362150214
34 -82.47482337039722 85.4285017126644
35 8.34289114701923 -97.26338229504539
36 -18.69322708886915 -70.77648329619915
37 -87.70131476719978 48.56909066225336
38 -38.69347235825278 5.006728844149137
39 -14.94001809548682 -29.1216152917944
40 74.00088500979703 59.87254021380929
41 77.92725855547673 -50.82649110326878
42 24.167821886056103 89.15359169822722
43 81.09792242316612 -58.32387081651005
44 13.549375477011736 -90.53794446522386
45 66.17253259401048 51.84376494427937
46 12.680334290745037 69.75216283644096
47 55.367874958575555 -31.255037163112704
48 -51.79132470259966 -52.299787734094316
49 61.65690093197554 27.508353730577312
50 -12.865367030162346 -65.63784652941024
51 -11.217916486772125 32.35657576160767
52 -90.25297535422771 -3.016912739208749
53 -93.93479112182686 -87.72484023667435
54 54.63694590709454 27.996994326126952
55 -79.836640149069 38.15539586779033
56 92.02053215184333 37.66906508870554
57 -45.60276955035243 20.28947140459077
58 -64.29597885120724 28.497104420984243
59 16.004614766231853 26.384997589770023
60 39.375947441700845 -98.59745405422893
61 -17.351630507480408 -87.19465022446778
62 -60.48716917956127 -13.094401297212514
63 -28.26521339971744 -54.4689651581024
64 5.036309888993401 -31.10676170803106
65 -30.425158062802993 2.376666380146574
66 -67.03875647009497 74.25268921271865
67 -7.852659074257431 94.2869024134857
EOF
