DIMENSION :68
NODE_COORD_SECTION
1 -28.901978265582784 0.4379183936077453
2 -47.61372724497759 -64.60069448471293
3 -85.26418278369572 4.043485040630344
4 -29.949965465379663 82.69934880969345
5 -69.35283419601213 -97.93055857207855
6 -23.443890920078374 77.69293167844836
7 -14.269462537248302 -88.58143202802069
8 49.812630325749865 76.33268025103172
9 -58.82764638559132 -55.21064042101713
10 91.0804409153805 81.59012103624076
11 35.01974021076708 -45.502775442274036
12 95.90151005284815 55.3025379969809
13 -58.442205363553136 60.401517470506235
14 67.17925314354923 -35.346336238915185
15 29.83635960732593 11.285389737544136
16 -20.037342231981057 19.373395296553625
17 88.417859361278 -74.67558963374566
18 -82.1621958448288 42.65581330880431
19 9.39428511399592 82.81902683718093
20 92.43190972974568 -63.04117255377304
21 -68.0520522230974 3.154982406456398
22 -69.61337978070243 -44.73715936558482
23 -65.79271958311634 -72.00519527789055
24 -33.74128545676342 -30.970083441864645
25 -68.12455992694588 -46.007288159742046
26 -84.84184483336689 -63.98109857770513
27 -6.913946820688153 10.864122598644485
28 15.534730884841679 -85.7238566639681
29 11.167024941649188 64.43019564041225
30 -69.62365015493319 43.03544380436773
31 -9.530136235994277 -60.70318854968328
32 -25.81658282464474 -83.07509272155227
33 95.14860025699315 2.116467493106285
34 -6.564640666445058 -83.20751090687264
35 86.7488203978155 23.92066302842521
36 69.86696500740211 -71.37393516718717
37 33.69404597313982 48.799340525285174
38 -61.276313156740315 81.45791912581629
39 14.233146087741318 36.24311985491238
40 18.26669939928287 65.80759264729613
41 -45.86093448726518 15.752995351323747
42 32.149978881064925 56.131113177396884
43 -58.574299638146066 94.86134421170644
44 -27.10667996778146 53.90871925052949
45 -57.42360898560695 95.4970824496665
46 2.5267220944885906 -7.58285000497969
47 8.253923424705036 58.66689377643098
48 15.583137835807918 -0.10322911322798234
49 1.1886098077005016 -46.286459920225
50 -0.031866373983248764 4.737806152918637
51 4.917558816509413 55.9512799931552
52 22.83663488503838 -15.526087585977507
53 79.27477188232425 15.26749062732047
54 41.458406419723815 9.785648236813117
55 -82.99171210697767 28.318703893310413
56 -6.844481635059168 15.380113929255202
57 25.627171320887427 -51.7617011312137
58 -46.25334057726707 -58.472575275209834
59 -90.44234245263107 18.312088993253184
60 -29.465404923886297 -66.80146554090054
61 -40.08557281057763 -0.13278088158834578
62 73.72478839705173 58.163023781299216
63 -27.330593821458038 -20.341191198387023
64 -50.73535233198092 -88.93036003090633
65 10.72718085913695 88.32773710038273
66 16.444455525628655 -92.55374501471172
67 -98.60742322159422 -60.957734184191814
68 -4.797362416840144 39.720194875769266
EOF
