DIMENSION :68
NODE_COORD_SECTION
1 20.17011185847619 19.606320465208825
2 98.85907590213594 -48.855359806393835
3 34.04883333981752 30.50215864411274
4 -87.81117760266272 10.197065613413358
5 38.50650244042126 -90.07356557129613
6 -13.107714657461017 47.11254251041191
7 -47.755558726698254 16.892430298773476
8 12.914999726874996 85.02107464788384
9 -48.35142671474952 58.26701727500273
10 37.69464724483001 75.68566538642682
11 91.57628635030116 -26.801518584537277
12 53.91688060055861 -43.6495765685305
13 -7.013143986274656 -44.24815643603943
14 -89.91290738451441 10.949017536009535
15 51.010478770383656 46.348516933083516
16 84.7200422277784 -26.99125565915091
17 61.77740222188467 -81.10369956506416
18 -24.69903114351868 -5.500547804802025
19 -7.694745920361072 -81.96520348903553
20 -55.22670053378755 23.040660273416492
21 24.969235787658462 59.71028711242093
22 41.15959789520244 79.2942626761033
23 -3.44358136551584 -1.6666584807167055
24 60.024089165202724 7.034271080345562
25 -78.3681317792717 85.0613181474663
26 54.836489383437026 80.2991209242712
27 40.921025070619095 -5.712935630975707
28 -83.10141053854474 -4.8039085690981835
29 -32.36082757731526 -20.79579330611881
30 44.34647322632824 48.34155377009094
31 18.175519872529392 32.3584703553301
32 -1.1570898139553094 -90.41534694699685
33 -91.73412479319558 73.38342174118887
34 8.925980684434023 -66.4237284803189
35 71.76459396306788 -36.341693549413876
36 20.581542275148323 22.90907742729044
37 -83.64715377467633 56.414503053899125
38 -81.54125125941599 54.96853016528641
39 -31.002963476958584 -69.14370320971426
40 -54.75063490941301 15.29883336982742
41 83.69755243200802 -69.8492813638396
42 32.103175484565526 42.20182546933748
43 85.04479464812601 -74.31975160906912
44 -80.44658406612459 -19.549087434999876
45 3.3257976133661344 -36.25879308967763
46 -3.722415183948911 -33.58384466349477
47 20.401498819903424 -84.0901826552554
48 -87.87928083025709 22.56073434128305
49 -9.698894314505765 -49.413120674446006
50 32.159647590309106 26.183087633139394
51 -75.5432672057365 -29.228865906169176
52 90.1883777527114 -64.55703642238922
53 -61.27208353626823 -78.09962524111867
54 -27.143754180683516 5.123913081791429
55 47.8422497694371 63.63857951867479
56 19.792208181413756 -94.75146931871986
57 62.60490938874693 -79.22382099786817
58 -39.60006384426873 -32.42291090222736
59 96.20643280841335 80.94988511164468
60 24.61018276900066 28.184074778024694
61 18.184649248206725 90.67731841632295
62 62.72837824849836 -91.27872345281102
63 8.073220749515357 16.24094582793589
64 88.61686041653917 84.64013630808952
65 -44.5041499938595 -17.755212759417446
66 -79.19709047047895 -74.43983513740895
67 29.441745425824394 -21.793569032232128
68 -62.29485720655929 61.13419648931054
EOF
