DIMENSION :68
NODE_COORD_SECTION
1 96.68447611112609 32.3359730958739
2 -13.977500600164234 -74.82460207350633
3 7.782968482451807 91.69257423169338
4 -14.568449477133314 -38.524995420033115
5 88.8299312018074 19.198340008393487
6 -41.91058214331589 -63.346220232374066
7 78.08950549782 20.528331120843404
8 78.04128028022768 98.55427997159842
9 28.892623616330184 -52.315394819291086
10 83.48275467237133 -56.90492304948569
11 -36.365043009609856 91.10114624316788
12 23.92931041841419 -91.82786383275888
13 -91.55089949032336 68.41570906863859
14 24.69615545874329 0.10661309453756473
15 -35.90105555218874 45.58363641666887
16 -57.306212284331615 -23.697568605554494
17 75.87104445583327 -15.202272924909337
18 60.39591221828863 57.19095601177847
19 -46.28589609529759 -96.282640885003
20 -81.06208035363247 21.204328833538227
21 -36.39563244785937 51.79908351362397
22 26.655776205812657 -51.567111570537435
23 -37.90865601548046 62.06000045861319
24 95.97671056887305 21.786287601769033
25 -21.795358231537193 -79.60573467322061
26 59.42462027087802 68.89198215781869
27 -39.62046698513204 9.602159747468008
28 -5.395315725670599 -66.37126679886715
29 -99.21485920833962 -68.41975428978282
30 48.38329913344862 -96.89304674189358
31 -74.58405253631446 88.66004238665838
32 92.08089999812793 84.07168370480466
33 -4.466275342575727 -86.12801350893801
34 -37.653089241146255 22.118107640832307
35 -95.47635518445811 -20.04975732863761
36 -53.51247198244191 -12.226427060602617
37 73.95481708798008 -11.816879366985432
38 56.36870744672973 15.414100842499863
39 53.61211846745235 40.75294765402171
40 1.6181771984197297 -25.852493295154915
41 12.49273513992675 33.99818520674802
42 20.701944736673767 74.2092483952249
43 71.23736945124602 75.06975399088466
44 57.552292768183264 68.08120073970133
45 71.19262555106712 -79.25741482569823
46 -18.224156270421872 -7.542334328141777
47 -98.72225786892625 -35.317652965506355
48 42.07179432672973 15.346876706791335
49 11.055230137591863 58.25658233006908
50 -84.65798099762769 2.010481071527437
51 26.881713817391528 40.018327946544844
52 -31.92369335507223 -5.892651484269919
53 57.741748041518974 70.27950911860103
54 81.94752536339965 -91.677659666521
55 -71.65609949061331 -80.26958723426989
56 12.153116009176856 3.9245260834129
57 9.285081254743318 44.850524023564276
58 -55.10917056744389 43.113512899358085
59 -72.43444933643113 -2.104727186287974
60 99.45820615229027 -26.323352174854904
61 35.463628401586675 65.53206503470824
62 80.81693230910759 0.39377191820679514
63 91.75575492782218 7.738223982563781
64 30.06456166314328 79.79042576414989
65 -33.50603165950119 -22.637612077363258
66 43.10793888050091 -27.745624794403284
67 -80.9703666921721 -59.20990759864551
68 31.93399605791157 16.19439518061148
EOF
