DIMENSION :68
NODE_COORD_SECTION
1 -60.52152589256814 -64.06770301894451
2 -65.87385379644118 -83.60148569637882
3 15.472390830168564 59.74817180011124
4 -91.54423201213761 26.271498507956892
5 -20.036349348974852 67.0803413752449
6 -15.740035320853309 51.154011752874226
7 61.75882430060446 -47.07894623357116
8 -90.4086125206256 -37.43156552057765
9 64.65834685110121 64.26321817117318
10 17.049276577881315 -64.18111590683165
11 -82.6806395342278 -27.92096857832371
12 34.24535163095143 -70.91144170106116
13 -44.93774347562969 -26.73373410690712
14 -41.837726012186295 -63.803306906021874
15 -95.20598225878769 -1.1377269311858527
16 33.03475310116394 -72.69636381993735
17 51.44804109059015 63.614882212855974
18 44.235053367991725 -58.73368278347226
19 -47.1834232694057 -17.96170673923676
20 -5.253881225061136 -25.989413127355363
21 -60.621285432440565 97.37123611461988
22 -33.84285927956428 19.200996370315735
23 86.70309455959358 22.393683742761667
24 -17.282083204665938 60.65251170990001
25 -19.76862839041398 74.84749927896627
26 -5.160003278826707 -9.65710621854106
27 5.724887864423607 5.2454156973971635
28 77.5340671857303 -68.451610688875
29 93.38348913642963 -38.85815143928164
30 -0.3753643139508256 83.53950451944468
31 19.62225409757103 9.478072827491332
32 61.18473336183345 -27.562247061751492
33 -72.28190159011393 -52.596567424842334
34 -80.51534309514163 92.24814262627504
35 67.01514493392744 -27.98683603941896
36 27.85068449886691 -49.253470821447976
37 70.10404171373554 50.7326541047058
38 97.18094887938872 96.81469781379371
39 -11.632916208392999 -63.3831327404073
40 56.46740919579989 -1.0196723604592393
41 -11.492399936591198 -93.3771206156142
42 -63.4756782144465 69.33300543188744
43 76.15851889890195 65.95235025310649
44 -69.77472810789298 82.65141248236202
45 57.391680769120114 57.84998111242524
46 -7.097750280954102 -72.50898081676328
47 -25.074043924270455 45.78300435876122
48 -61.838028544940606 44.145620147780875
49 63.05888257125923 93.71580687280556
50 57.226071922011755 53.81003044952803
51 53.82299858602889 -39.76718887111337
52 44.003499515727185 -36.06450268552381
53 36.59465548399746 43.55197236553954
54 43.454824119359216 -53.31676155625682
55 24.359678462596918 -32.98995372842077
56 -42.59006901261644 30.54581764542246
57 -87.93321783118327 78.39010540415222
58 -60.148005972094595 -80.38015498201966
59 25.976190269544475 -48.49934062428578
60 92.78221603228391 -39.32214880009914
61 -42.36249920807078 24.70488494185065
62 -65.86855779756355 15.101003673396619
63 52.1074161742099 -11.362483978400078
64 50.786250776213734 60.898546557020666
65 -22.755558947000253 44.13603535852829
66 72.64870330572663 -50.54617210583467
67 39.39435776405978 91.4517552691486
68 -92.24947730335089 72.30090267074712
EOF
