DIMENSION :68
NODE_COORD_SECTION
1 -69.49334689399663 83.0956366613672
2 63.793993903211685 -44.85030850551044
3 -7.301155891095519 -24.787456917414502
4 48.09349920544665 -10.458209659903517
5 68.51202473926867 -53.833123441487274
6 85.7430837548334 36.93310805695239
7 -31.42231932220976 16.06144935159581
8 -75.06291633588697 95.66346008135952
9 -66.85774522317067 97.20061250916481
10 -91.27763584466875 8.187459404147688
11 -10.127449503633358 33.047700755725714
12 -15.937679236384113 -95.89499924363778
13 17.591694459412594 -57.98411985962719
14 91.94429860770433 -76.0562664779976
15 14.071827683742754 -27.52943157562497
16 36.36368891783178 -50.690024687187794
17 -64.26371413805191 -3.3892942969341533
18 65.369558088681 -23.06138808780851
19 -71.89930030874999 23.43512624792055
20 13.958112428760387 17.336514382017242
21 -1.9911668899971602 -5.21059186856283
22 -43.54796337826794 -26.871860192254132
23 -7.804305692868368 -56.472350776879395
24 95.1050772662006 57.87607173828198
25 -58.563103453212406 39.11262469857641
26 72.02307176820699 -46.936840213169376
27 5.519949635047894 23.516880237759153
28 33.09396682874075 69.08717749956622
29 11.499511340469155 -50.92360962626748
30 -4.528980441470964 -24.467137081801013
31 -83.82453234831894 -30.01256681243609
32 -25.745014862519028 96.65030515685967
33 43.45900429215641 10.426431858410368
34 -90.62746321376467 -70.11735755635233
35 48.26858375308444 34.811562320472746
36 -99.75015507589949 -61.54974761315049
37 40.8241982511463 -20.486018925289244
38 3.731745518771561 93.4124804513412
39 -31.315099654359898 -29.634411946975163
40 79.79847928621186 -3.707828893154769
41 -1.3988636632343372 46.59934805927068
42 79.98357761353088 0.2622239086848026
43 66.22995414417278 39.39716296035135
44 -35.00194877083784 -33.942444170545926
45 -31.012249026037992 -87.99051795970858
46 -89.08249461451456 38.18983000688527
47 -34.208157118657496 -41.550288602091065
48 17.390503375945983 -92.29359822810655
49 17.168530965825155 -20.944199115853195
50 -33.322045275216 39.64901914226567
51 -49.817896557394526 -96.24981079647179
52 -1.0651150885123428 86.53184624778189
53 -35.134374978762324 -82.38148082082498
54 -33.002385738755805 -16.427553221087848
55 12.311023917498275 -41.533450908014856
56 -86.95929152623052 27.073452642231004
57 69.30247817420343 -97.6962731690595
58 -30.18008249739603 -25.733323944473653
59 10.35370691350866 30.24100901683454
60 30.818605350502708 71.09547284982136
61 35.23634861596915 79.079476748775
62 -43.53307206526231 -86.17471559163718
63 48.563091955262394 -82.09450131909834
64 87.70450636184398 -18.963715270811463
65 7.715916115429337 64.29711710660743
66 -76.49113026196927 -65.5338031716216
67 56.38620514145737 56.28547236725393
68 -14.386393642959618 -19.664729581656218
EOF
