DIMENSION :68
NODE_COORD_SECTION
1 -93.63552448057435 -57.920629927933206
2 33.30308418009693 79.98290542759827
3 51.0676959305184 -92.75456452550186
4 56.47055832272767 -72.16534874258578
5 -2.4518075707895974 85.29909575160696
6 -29.658958144755047 17.735842521522756
7 -95.77869712449585 87.20259727389197
8 -14.628472254941215 -25.105128878736153
9 -12.033019336808849 0.43544968949814233
10 8.289713519184502 48.03503855438399
11 54.379340678192506 -8.380817363040507
12 24.50544274198046 -76.55903778941628
13 -81.04345597569302 65.00085615280554
14 44.2316470252203 24.688636538081283
15 -24.830338705800827 53.486092571239794
16 -7.03957701283089 -81.01195875143125
17 85.0758232096733 -9.798711589722501
18 -87.70830704356749 12.981393513653103
19 69.11751962050792 -88.89614942796844
20 -96.28679022560813 14.004067333009957
21 -46.023570437891735 72.94831425780112
22 -4.217574518893642 57.22933670088463
23 0.826763617327714 -64.04475107249971
24 -55.73783878788525 -45.21784921927134
25 -18.94034102204236 56.81893745730355
26 85.11372011660657 -90.17876773351605
27 -7.473276880622521 65.22890746801639
28 -48.14751355502842 56.75276737263846
29 -83.4226350530079 -44.13060765898826
30 41.62276607361761 -61.84684770100972
31 4.6411362895457415 17.899917285327632
32 68.45006549188614 -90.35780623754914
33 52.832916801028176 45.209231372208876
34 77.48069325006716 75.86232201550806
35 -25.96478500564858 23.273897664303462
36 -89.38000956079122 -96.11662971149539
37 -90.86147338260555 72.24189718707086
38 -88.1678384178887 -65.23343889936275
39 -67.40274787085329 40.90066706506107
40 39.466214811795965 19.685454797669962
41 -97.81486043854339 -7.521939205807698
42 -86.6759325104758 43.91552653466687
43 78.81092134631993 -99.23620767678204
44 -34.21156655065157 -29.83167114489487
45 -0.5187767316131726 -16.17204827094372
46 -10.820304248637541 32.16002163757062
47 -75.02544252450207 42.65227800084077
48 -24.387478403592013 39.968285676144745
49 3.5165929338618866 -56.72105455122014
50 30.974502841684227 20.645630839936018
51 92.72362918376709 -16.3793891179957
52 -88.74925356958813 10.721153703517189
53 -35.69237589484628 -80.13534090363609
54 -22.730183152174078 -58.36308042460872
55 -20.487243760094344 92.44347071936195
56 93.04803354260471 14.8291313597706
57 67.98008073937939 -12.168192491266197
58 3.2607249376365104 -49.92157546700891
59 -31.28664074899166 99.97127901227367
60 16.970500106091535 8.917531763807602
61 -0.954281704604881 -86.08896367487078
62 -2.4056842210023746 -55.70123245855907
63 -94.016644669743 24.292895432777243
64 -86.80748808614274 8.387771055937293
65 24.02907569061628 22.598045164890053
66 -63.48534632372598 62.264021466073075
67 14.56503077758559 39.611718616567344
68 -99.16141818071924 74.47272610465478
EOF
