DIMENSION :68
NODE_COORD_SECTION
1 75.72856269685272 -86.82704543864088
2 -14.739293699722197 -18.430149487706473
3 -2.0382184905602116 -19.520358778251307
4 38.712456639196716 -18.78685034314651
5 54.14352970345959 -63.23435936736894
6 -39.48919341507591 -44.57218488427106
7 63.56493940506061 -65.2124438666301
8 -36.60817898136155 35.962297604763194
9 17.676488231597503 50.29960767200507
10 76.48362578114728 -48.49610432380642
11 -78.57310821915071 -62.27063411578726
12 -91.38079348250285 -56.212616389996974
13 10.283498130879167 77.03942575361953
14 -77.79077501267268 -73.80119199811583
15 16.841677819495843 -24.81554203560934
16 -96.21058547675263 -19.97785278208366
17 55.657152398889764 -68.13787417591234
18 77.70854140578228 20.39058179751514
19 -29.088015558513774 56.795426356622215
20 -48.97538991144681 -67.83175207373574
21 48.75127204583248 -65.42700144663701
22 -99.47151150441877 75.402313771228
23 34.604342545861385 73.11320937387609
24 -83.08430867611267 -9.35060663839458
25 15.530702046947681 43.10659808555232
26 6.478672497985883 -3.6057492474819526
27 -71.39243403132163 18.330586925709753
28 -82.70655405689473 -36.05708069398259
29 38.602450105576025 60.51928526540641
30 -95.27395974065294 79.58639453202693
31 91.6506722743415 -42.48970830470882
32 -19.81426722671047 59.495028558697896
33 -3.615562483115525 -80.32048844917206
34 97.40367567367431 69.7179818116484
35 9.936495437705943 -32.78597776329349
36 22.11698042941883 -78.17399336936435
37 -86.53192743731233 -0.4378978087943324
38 3.8900283772657502 -35.85002415850116
39 -49.6526914917242 -71.5614158376629
40 22.906179870416608 69.23161380630879
41 -30.169058940643012 77.05280395690613
42 -80.08523033412482 30.016918661852287
43 70.07863800219357 -99.23460770438786
44 -65.88031163089258 -79.51308356369631
45 66.5558319398302 -31.830669332241214
46 71.64757565808023 -49.16568520073823
47 -74.64242827793466 56.6296240339139
48 -93.66494709492568 52.95882106980574
49 95.71238206090206 -37.39484160517939
50 74.92609377009012 68.96785510183116
51 51.90177900322112 4.615225504502575
52 70.3721571019008 -16.466474882977337
53 -87.9424552942372 5.502340836158865
54 -40.22073115398144 -59.629305223772164
55 -60.2244891862151 -19.317922850484308
56 -42.352173297899796 13.765190863859388
57 54.21115554215237 30.359559488035302
58 -29.597630054520877 67.99505705849646
59 -24.701199802730727 36.23151287232824
60 94.81030647969311 -69.34795390190743
61 -87.03712647821247 96.98167762211435
62 0.7399135040382419 -69.71561000769057
63 -27.333826301563334 1.9164889505154434
64 -42.19028174823825 4.446157074602581
65 94.36668852504258 38.37707676507134
66 -24.167255107771098 71.15235221706294
67 -32.068948952225014 56.10259535758871
68 -79.43918694883835 -25.096814142612416
EOF
