DIMENSION :68
NODE_COORD_SECTION
1 -75.15999702941997 52.07021117904688
2 -13.837578282821042 -28.61583508245242
3 56.674907440314996 -91.8293105963051
4 -50.265859072646045 -84.9812349018759
5 -0.7950543377013304 74.08268346780801
6 -18.577622186640028 38.15137459053966
7 36.515236824117494 -36.309043886000694
8 41.931695942875365 -43.77540930394437
9 -91.14184325348691 -80.01840968159357
10 99.70439186841662 -57.14358260675449
11 90.41764502285645 -55.59187078684096
12 79.18775510243896 -50.43515670233945
13 -57.15954941858106 -54.83417639684838
14 99.23898086448568 42.38944961399068
15 99.30115752103634 -41.982178420642754
16 -37.6083466057203 -15.457890135731688
17 16.094448659059353 27.10612843237392
18 -96.44080457622654 18.63289466568459
19 -7.775517528471937 98.21926913307524
20 -64.14766314758057 -42.31854778701556
21 -97.81198057866789 -26.722378741792554
22 -58.46089465689492 81.03807354786792
23 13.12432378522142 -97.66347076875984
24 -52.222472494087604 49.50279436432555
25 -35.26846628469494 -51.80377266327745
26 -0.39730739264658155 -96.65507197931069
27 78.82568539005607 48.746807710235686
28 96.75143194209582 -12.410507223859895
29 35.14524541099334 -76.53456007557809
30 -3.7405637408082413 -39.14898446432768
31 0.9803841679146217 23.022153413546093
32 99.36721266870967 87.15935530793993
33 -65.56698195715617 4.739530148807887
34 -60.87724794184843 -15.363892294963549
35 -5.409980374758192 -68.30922233374335
36 -35.82948626961783 -89.4556274754062
37 -13.381371978073815 -60.49043924479711
38 -25.43234673718395 99.14859966663974
39 -54.230294277275036 92.52428670601171
40 -92.9297268246103 36.985363108514804
41 -78.49906170423446 -40.38165391942417
42 90.183764176692 59.55996228852652
43 -38.59125413532605 80.25700257626721
44 -6.626950246805066 84.14781040033853
45 14.38415959177118 -37.58927215216612
46 80.1800393805459 55.293556328856965
47 -26.615465878306125 -43.35631715681887
48 41.59715455320054 -27.234835147086827
49 -39.56053519100988 84.42531062144778
50 33.89737244581076 -3.8660533821135203
51 19.985936702979032 63.7618667960422
52 -25.77719248535874 75.8158193831407
53 31.354187105185076 -28.466034576889626
54 57.585359134998754 47.323093492300075
55 77.20239949891806 9.465100378052014
56 50.53459312677472 -56.359975044089495
57 -88.07511338452517 99.43533326514674
58 -10.400501278494076 30.04960276193728
59 -37.46500154256407 -76.10672206182609
60 66.71242779871335 -53.59699446127208
61 64.25049399779522 -51.5913971722951
62 -80.82499842280365 -46.262765884605116
63 83.98577249207833 -84.05360075553696
64 58.32733258956674 25.310505488608584
65 -82.81817680800103 86.23375082407853
66 -31.066422442764278 -3.4609436293170575
67 56.88144988701927 -91.37209316609867
68 90.39823420905029 -6.016946158184467
EOF
