DIMENSION :68
NODE_COORD_SECTION
1 -4.627294013888772 -57.87002318156669
2 67.66261633206844 51.05724225389142
3 -6.226594145717797 -56.870282352938915
4 -86.11446096315964 -38.20046828012498
5 -13.648509213142063 41.77504400749322
6 -94.17088398580364 46.56131537818911
7 20.13709187081649 -5.876046148411973
8 -60.384468063521 2.4907453443310033
9 -75.54661432776206 10.626161131844853
10 18.004259083967185 -47.77398441042031
11 -43.96981426582434 71.22225611649839
12 -22.809802492514336 48.42522105867607
13 58.65393335243485 -19.848218371422874
14 -62.17848491807321 -76.1934411417692
15 7.746060656638292 -45.26097712264592
16 6.586061332718955 -93.54413557189685
17 -7.51196403945589 76.21431566311881
18 -97.43319642605464 -55.427304518862464
19 51.58817870460726 95.66788759762332
20 11.668303431214056 -59.50990007018986
21 23.511631183721192 84.52213209179916
22 82.76774768915834 80.71740023588839
23 97.97171885359475 46.447430870494486
24 -29.154274097414117 -33.08071995904136
25 62.70726831833082 66.43557673343804
26 -94.79662081165546 -97.84141320584918
27 -71.95286255386898 62.784034673730304
28 -85.02577222927579 -32.60569885209188
29 -18.51024927889604 -70.96677544841896
30 79.49046321112877 -64.85982554864984
31 75.5019590273514 5.438126554029694
32 -12.334928223244916 10.353653377832146
33 83.96814598381755 3.3446407184663656
34 -11.597239392933773 63.03868994269314
35 -23.802942464945474 -79.11998244106084
36 93.1541749721193 22.710170941899705
37 52.120376497103734 -65.34407670336411
38 -47.920563767869 41.781718990964265
39 -41.70636209786527 -70.27833337060017
40 -33.11129362837441 -96.89728841875569
41 -38.46333062083818 38.79419373079992
42 -73.7211240186304 -53.71560219317226
43 -4.472787679147288 -98.16946794239539
44 -46.01279585417966 -81.88095190381884
45 15.388100786721395 -71.70260419728064
46 44.83417607353829 14.310227894623921
47 -3.715235164430169 47.03182037150961
48 30.72948220148612 -27.103836703008028
49 94.2764852718235 62.3755707318312
50 66.46654202651092 4.162459518689587
51 51.14142682561672 0.30538116752549627
52 54.23257588251391 -2.4957194694300426
53 69.62187053374257 -75.43011288200631
54 36.112817625909145 32.612304831449535
55 -88.48713550449811 30.38343159286285
56 75.46895044636136 -59.47919228980063
57 78.24386885810611 -17.98430973337433
58 -79.07652479694356 -90.52981719505888
59 22.079621957976656 50.65547373799825
60 0.7832891035677534 -88.7995221710701
61 5.793084102419073 30.215782537390822
62 31.08722941017956 35.20632104201201
63 79.63969404285226 -38.713466493561285
64 -62.93597085875846 61.647945840207456
65 76.68892363457843 -22.76977243109269
66 85.6385596153595 -21.973111703352814
67 -58.95441417186977 -98.5449381294907
68 5.725931625551965 50.39905187053117
EOF
