DIMENSION :68
NODE_COORD_SECTION
1 78.38754838388795 89.07059570169409
2 -25.02558315446184 92.20396510113807
3 -34.57307071720366 -28.0896029173431
4 -32.17473953828858 -14.708972579656617
5 -36.44905485986545 25.44433105468545
6 80.37024568227241 -49.27186056458057
7 47.17965523431744 87.41419734910122
8 -16.418614453066425 47.95001193053727
9 26.791483776056026 -65.53014655541853
10 91.09951022019126 -14.08507292133072
11 -10.32724143785579 -32.828066008721166
12 79.031681196112 70.68271805967663
13 -17.257236412589933 26.305048428984335
14 -51.86765773771249 5.729618793099306
15 39.096225091164314 16.02026424664996
16 85.9671631545115 46.00703863084351
17 -67.86846486522202 -56.88533041853982
18 -65.490099145623 31.165384736260194
19 -95.39023861650577 -53.20497532246815
20 97.72439653380621 -20.971777311682487
21 64.71597342969085 89.5614176951901
22 34.03520280801604 7.315946162503394
23 -32.8290761709153 -92.6139913137938
24 70.19197571454015 -30.217654797483505
25 -95.33220092304305 -23.8490052413366
26 -54.11563827324706 -57.65857345749712
27 23.385262281901035 41.348889349563365
28 52.56556676844096 -24.574010257057964
29 -53.94550568853222 -20.662551347306945
30 -34.705503928699414 -59.266572964750885
31 -62.965304249837615 10.980493626499907
32 -16.99223861222646 43.67835929930678
33 -23.92214136741498 -27.705017788055926
34 -9.51544139642209 47.285732600083264
35 20.940326473252327 61.763762886329545
36 34.368908607476044 58.922084820259414
37 33.72517928659232 -69.73746187009439
38 -34.034716329786136 68.17677861980204
39 21.815997810635878 57.08851789457225
40 -54.874708973562235 92.36896900162583
41 1.4892359683402674 64.36740040572326
42 -77.6054074176874 -14.42974995026833
43 30.768824627137292 -37.84559358225008
44 20.69079244215179 97.6969363836993
45 77.81340456175542 87.83401205311364
46 23.134628220099913 32.139941473684075
47 92.10293156445567 -94.03776944029273
48 -59.74163748965802 -56.435589101780124
49 27.918119523476918 68.48432874593144
50 77.66671888611393 -58.07480505260192
51 -66.91731102196567 0.299842746338868
52 -45.67246885795968 24.408384473995383
53 -39.33508348407566 -28.564081448575735
54 32.020479788463206 -56.076817408822286
55 87.31164765648947 -55.37099434331421
56 -91.92579774620717 -59.06756788552408
57 29.114340226034273 45.90405739028819
58 -3.6266433518359094 -85.17578478823684
59 -65.61653640716945 95.77932306089511
60 -24.281036807806913 -8.309073374579896
61 -97.56606847461154 60.0140884890871
62 19.97679746033782 -42.70359499009218
63 28.46102137525898 -68.64444807361237
64 41.05020650364614 67.17566817283065
65 -93.18741662168028 37.53027609263975
66 73.56534647246713 -79.77413485618708
67 -61.559924221017305 85.76458305677755
68 -90.74173688234073 -12.188763016406568
EOF
