DIMENSION :69
NODE_COORD_SECTION
1 56.802205052919845 -21.606677062947583
2 65.78278499843469 32.94909309427297
3 -65.44765118699094 77.20938414270555
4 60.60880463333186 87.8920927759437
5 49.63529809408692 60.466033971198186
6 -53.365613716346516 -31.213090407159186
7 -87.70521058687082 -36.645716654541616
8 68.03991807702297 -99.7390926727727
9 -19.987042868079726 -70.24340892744176
10 59.4713619083322 -90.22782600255137
11 25.671135746809057 48.28455085915641
12 73.91907274531272 12.214888899544121
13 98.2866923322722 3.4282627683200673
14 83.36370882857713 -81.24191614273037
15 -34.14164565839512 -54.148088905755486
16 3.928716263880162 55.69056852059151
17 -75.42095256754746 -67.84105096489033
18 57.63042623071587 -84.04123551198354
19 34.6519140857271 61.98948494578261
20 -75.58156689826971 -65.75173508589292
21 0.17155015282635588 49.101486593207255
22 61.05039472367403 -24.12595450444546
23 49.00929431420133 3.1264356111232843
24 67.44707256084678 -39.59174970437811
25 88.36780029716226 69.97921134790658
26 -33.475140668873536 -97.11142365563812
27 -87.35329335140072 81.44099628115663
28 -69.89529799010718 -51.385646789473995
29 -77.5121014784169 98.22301718631718
30 -68.6521300487329 1.9514577805223325
31 77.34526076481069 95.8581341871126
32 33.270551647702064 -94.76876181846006
33 48.65046122027948 39.05616896436095
34 -66.75914511683452 10.742757398861016
35 -33.37709366371908 17.698085368342646
36 -25.03668845754497 6.981650361458861
37 -39.00152333809752 -23.566874716460134
38 -87.69236510604593 9.73303102961269
39 84.428296390566 59.88202805411632
40 63.439898058451575 9.229839626288765
41 -22.974705981604643 -83.2613755781221
42 -70.93395104453401 -23.457792196581522
43 -18.487082262324435 58.60109773241575
44 65.19903700532973 75.51741505173874
45 -49.343081536205744 -46.846766115682684
46 -1.2874487213685484 -98.99599025612613
47 -97.86234990066771 -53.64489730415289
48 53.045877479188675 69.75791424364627
49 -29.253067703035995 -45.408295146176414
50 -88.22409839957885 27.342184770269327
51 -16.22991679365917 -54.7329596803602
52 -10.626104186384183 2.496298232164307
53 42.640249538469476 -66.8796933234949
54 1.3163247429212959 39.86484763938395
55 -67.57120627366953 -40.420195845709216
56 -70.1796710579506 -27.36036297122284
57 0.4619718014848644 93.7594007056152
58 66.82630461269653 58.583095950264834
59 -53.66916768708989 96.24122530119257
60 -17.548622782032936 -3.9347512899613264
61 -52.21240091945949 20.577555297613287
62 -85.01072905914774 -38.83979680856713
63 -89.5012924248817 92.4837681183443
64 7.633486029789594 -37.4874831060354
65 -25.649179955357354 -97.01662961193145
66 27.452482512751075 -2.402379970558812
67 -65.01691999469571 79.30510866110367
68 93.74685535990653 12.164653943320246
69 -53.554830248763665 -43.87865526697796
EOF
