DIMENSION :69
NODE_COORD_SECTION
1 37.859941245819385 -99.65070890448409
2 -34.746617330691706 -52.33066092483269
3 61.06361785714708 60.619638923579174
4 0.3626653866764826 -78.43932143751928
5 -10.1146449140779 -46.02439408727943
6 -61.407989966574775 -65.8556889468082
7 90.59648912294597 -99.75849496307798
8 -63.26589942373906 30.400959917152534
9 -35.22676138369137 0.14085978719009518
10 -49.30202499142069 87.50183827096635
11 48.08230079796846 86.34909310387195
12 78.44257217848465 20.19681245714328
13 -42.681305045484244 66.91625949569894
14 -30.951084276100232 45.70216857043292
15 3.7440493659197216 59.23484753653074
16 34.43607251261932 -5.748777466218584
17 -2.0001020722747853 -28.483202315604544
18 73.07760099459085 0.8852165906373841
19 60.3472707990791 78.7828641037247
20 69.17668537366617 -5.27404170700585
21 -80.28967838625309 61.65659095342707
22 -33.89016449999565 13.885666900003486
23 -64.02162091123147 -71.20580671120143
24 -70.4495510044612 -82.66630972467841
25 12.247282657493258 27.570697207239434
26 13.535280380116731 -60.546345875532516
27 77.15751468806627 -37.31824155715056
28 21.838202767492376 -61.31119920716781
29 -87.78687574239173 88.6096909669262
30 -82.6325785262091 -71.41273084820763
31 -25.057916877653597 -80.55883815815858
32 -26.096272214252963 -52.276868464213464
33 -74.01479841026489 -91.68672689416786
34 -12.651043089719678 -75.61688856488375
35 6.677301858966416 -11.196389222150273
36 67.75545630452419 -77.42708635350806
37 33.41101395236373 41.86907598561288
38 18.758837767472116 17.8111767091891
39 -23.950074739130045 54.477229342294635
40 77.63791562717986 44.34316696609801
41 69.88462999069674 -30.136962688497945
42 37.07723499844229 -20.17970134776354
43 -25.898514913063366 94.38299548199421
44 98.8092425964146 -10.844248402985528
45 34.46076767575249 22.22748431247892
46 19.664632067149384 -63.81959450530212
47 33.857220834194834 -33.20842654375531
48 2.160977437611436 89.88741362099839
49 -78.33732311573996 -53.70676549013731
50 -45.38861943016701 1.4678682223074162
51 -98.77298794724523 61.267241042622146
52 -0.1636267234982398 -90.99604999893735
53 -75.3598599370357 -77.14805740312289
54 46.91385718818199 -61.39988058162273
55 94.83450331985568 -56.67477814714994
56 57.00352098229365 13.896886661317609
57 -92.66617922071615 84.13498628166636
58 -67.86641541718654 -39.67411951248698
59 77.43072357307076 -28.291355541832445
60 -65.06051457567284 -3.871191816057234
61 93.3021907053203 37.615044620384396
62 7.695462023707563 39.07719269689872
63 11.548427741967473 -82.808622409218
64 -99.41826061765344 25.993633279620127
65 -31.132650226220008 -50.46325337054305
66 41.981454955094165 -58.41049515923871
67 22.053389362576752 61.81297653188659
68 -12.296877509108086 83.79808920956745
69 48.23588511618928 -7.917490569032282
EOF
