DIMENSION :69
NODE_COORD_SECTION
1 4.552599598012378 -32.97055466940016
2 5.435066276827001 -57.40702718882842
3 39.682655435016386 48.039826742854046
4 -47.75548170781872 5.214439791885823
5 -36.40096765503491 -79.47456048223624
6 10.676209581828772 36.54414805742522
7 59.63600141340763 73.30989722737917
8 -68.998894924163 88.08572775879645
9 38.84047884796905 74.07825866040753
10 13.208589703729274 -70.68563963312909
11 34.21652823994833 -81.63109654170336
12 -42.07818281978846 24.501212863170977
13 25.27469418563635 -58.852697116466565
14 -2.12270817463218 13.41909396812531
15 -93.8507447516692 36.69516262481761
16 90.12631369956915 15.5888186670917
17 89.64775649825489 -61.787169539683376
18 43.842170264629914 -75.98525744428667
19 99.9490331270608 45.446581725656046
20 -65.40621475307441 -68.10297194967127
21 48.26721056621017 -43.183301612716576
22 13.17289131375172 44.59720975901155
23 8.650956889501899 61.93622519283332
24 -44.46149987475634 69.17282834713069
25 -84.81124951450252 81.07430330807387
26 -79.83101130924663 -54.91426518602902
27 87.24238124671055 -99.96781485438315
28 80.08852560231185 82.22801237268305
29 55.93269638797608 42.06394690666181
30 79.06137300143203 6.198239270330745
31 12.952892050905973 42.888041352872364
32 24.92397069283436 75.80011962354624
33 -68.11351188348058 50.49994004293208
34 -22.248659015484762 -65.9755772332478
35 22.558415369007108 -41.589893660031606
36 16.530924742848896 81.31426095819245
37 70.54947911491948 99.0955997160307
38 75.24349464596685 -81.29712162538883
39 -13.144249201144447 -26.132228969280135
40 27.727377125238675 -1.5479470725747575
41 -53.22373612648812 76.02244567780733
42 -29.5712602653156 41.10842425043879
43 32.4637418799949 -23.946864070304244
44 -96.88265252424786 -69.56604278513545
45 -89.82522102298726 80.87186254047464
46 39.87362018361972 -18.544016807490266
47 -28.892607436632446 53.39622684410057
48 -3.870486731587164 91.92121410437807
49 -56.1845397306344 -15.47456563697665
50 92.2722637668059 -66.27281551017327
51 46.541102358664034 46.442029324386795
52 -9.703464152473586 -81.55629135199041
53 89.40764998848965 -75.65978094936506
54 37.21718516551002 79.82597942586486
55 -40.73265150480489 23.09557972804683
56 27.431361284354793 56.25990033675615
57 24.09959748048884 76.05522766615815
58 15.94515463876887 27.369514860782033
59 -20.792992913468126 -54.958636522980875
60 -84.64324172957515 -38.444813759816675
61 -75.94182566947734 93.82532681405982
62 91.71443660605613 65.02052198178819
63 6.477580540022984 41.743307586988806
64 37.844335142871245 87.88486268990127
65 -0.01533012835930947 59.7888604883552
66 47.46964061000918 -60.73258750868404
67 90.43560813805286 58.43157482565027
68 39.41923119855551 90.7679705362718
69 -60.27711523367118 34.57517229202443
EOF
