DIMENSION :69
NODE_COORD_SECTION
1 88.4503831687185 -93.44155785930275
2 -32.86053704284322 -5.517581733994618
3 7.686851052230665 -71.66171706931503
4 -56.88430658314212 -49.84164130790811
5 97.40006408026997 64.69608768538873
6 25.388822482670207 -1.4026561750995796
7 -74.16223880042821 -13.041340431985688
8 84.26647618346544 36.463441668454664
9 -59.96898321619659 17.397918193296476
10 -38.502949642301765 -62.81211723375737
11 17.987098168832375 10.705024851473112
12 -13.638483829460895 23.131242246806167
13 -31.597793300325264 -24.069727814867917
14 32.95271850955416 2.3721219213193905
15 60.004671496939466 63.62624308831292
16 44.20973324762576 7.848180526643247
17 -80.13419281155623 51.720876997086805
18 71.12657414767855 -24.010645299577902
19 -21.50793229957948 3.6861049652192435
20 79.65590519973205 -67.35269991401971
21 59.23888218557076 -56.14322898141224
22 63.18013170235582 16.038999158081452
23 -89.43705407244474 -2.7062971178064714
24 -34.976279638466295 59.586684259230395
25 61.85639041260231 75.37369946809406
26 -36.66779835117986 81.95012681460662
27 -52.91716406750593 53.32843770598333
28 -0.25516303806686835 87.21161432394064
29 -14.838195703276227 82.24326538354211
30 43.639552677344824 -34.91222915202299
31 32.0246394885487 5.565885348017645
32 75.3302264783579 -0.7933703577384534
33 -73.5084340499615 8.964115268874636
34 -55.55197637574374 -59.09767691389198
35 -59.4038913715059 22.410820862204957
36 -86.15992691521328 -13.356185539136561
37 14.709656949173905 14.663338255250949
38 34.67024437156235 -90.87174751146705
39 -91.20445495754537 -27.156402824886243
40 -84.99155758209716 35.23348482622495
41 33.34849979622703 43.614395471275316
42 -57.953680616959666 -61.56163634956082
43 -62.94801044913518 27.48616869331147
44 -2.821021665683759 18.98360478935443
45 22.912460351067978 -35.92220128602341
46 -36.45637138587454 -18.040107906906528
47 40.60609382901421 -76.3060207478762
48 67.20791389894441 -8.325869311155842
49 60.00020338868538 -70.6292238612782
50 -83.9479407696902 -19.94133171535985
51 -30.711977723179558 -26.41999981975802
52 4.4905792815709304 17.552530729931064
53 60.902151200082386 -34.927776964049556
54 37.5309018475474 16.797577119849194
55 -30.651484884420952 -56.1228784468375
56 94.26772707434262 -67.34322747422058
57 -92.67074284272796 36.26911729838446
58 -1.2363602072438766 46.475611858023086
59 9.999476996611989 -13.454819080229072
60 95.36787707873364 78.1719885657563
61 41.92943505796441 98.75074384019976
62 -64.12307976779124 -43.3462820447986
63 -52.67975246446292 49.0288966500473
64 -22.45805405955879 97.22707800424485
65 -68.75222876612543 88.05684945728544
66 63.77990735369744 -15.926272720012193
67 -51.81412515628725 43.07289333065708
68 13.546418815037782 -63.4624901309381
69 43.78688855045087 50.286115603444784
EOF
