DIMENSION :69
NODE_COORD_SECTION
1 44.34736570334442 -48.387577841084585
2 -49.03098035930533 89.2800401794222
3 88.32738025823679 88.6576684969929
4 -45.30509268006602 -96.20921879083598
5 72.81492012191367 -37.87182302710556
6 72.56292123460213 0.3301318604949728
7 -27.53992244609742 34.739221739582746
8 80.81688835207149 -59.76587846358497
9 81.3931445664729 -41.476560967924335
10 20.441339719309596 87.24432158240467
11 82.20737537005749 -98.57641429125988
12 -45.62963015736834 56.47655420599335
13 -64.88516734858027 35.12434484943611
14 26.769488093252278 -11.806269599831978
15 70.06950633960841 30.638092848613468
16 -13.420612260633106 79.32349572652456
17 68.75342393359261 38.82354596837311
18 57.23672657269091 76.95037272053233
19 8.67311001086513 -5.069653482656619
20 -64.536065188589 -59.4487552877369
21 -91.78475709171762 -20.573380248158742
22 -15.753695449577123 13.532027007970001
23 59.361966985863006 -8.219295214786015
24 -51.408539065901124 9.662432227716096
25 63.867807952395054 49.53218920465622
26 -32.607328278813924 -83.70513987792614
27 99.05188791822064 11.901585233275995
28 80.69410577709078 -56.20760704159902
29 -69.03962275443469 -54.64804938213488
30 38.88269397394072 -90.61992123267655
31 65.50604398315082 -2.070186244271895
32 8.80788065922708 -66.32737026665927
33 -17.70693962237995 29.876921817967002
34 -58.443101200214876 49.42079287428385
35 31.186901007547704 59.918288798117516
36 -82.40989351443606 74.55767878040868
37 88.29072078772094 -70.20387975930447
38 -82.83288289187034 85.41542250773594
39 65.84112880938787 64.03326003056847
40 -22.528694841493518 41.021588473261346
41 49.63789492557248 7.573922517386734
42 -7.433301646051575 -44.32616836931669
43 -2.0263863383031406 -39.13664569269915
44 88.29780518489031 94.53029361899738
45 -22.369003506608024 0.09239078956611024
46 -38.53040416672431 -24.25751991340006
47 35.36692009834519 69.7467060261759
48 11.12133486684941 -97.3039004646024
49 7.404068911931688 -34.7352376945188
50 -90.56547859849162 -78.7851766775372
51 54.80239107168637 -14.47757244245689
52 60.791838466347826 99.12055647676775
53 79.18432307680979 -71.9735960945084
54 -20.26952905797023 59.33322886319252
55 21.139168604307443 24.11256972998575
56 -17.99023064029639 -37.26803899101962
57 -27.266316684693706 67.10943242039068
58 -72.26016376900681 33.28861670830409
59 45.90736715827225 -26.659011653711474
60 81.49406725977576 45.52375148169335
61 30.132663546498804 -65.99268995984859
62 61.55536429264586 -46.87585816477746
63 45.571677393779595 -34.604779476374375
64 -61.077832600541406 27.599990984973033
65 52.06274142059783 45.535593325429346
66 16.427214163701805 97.14910362832418
67 9.621589327249367 -62.66231598671963
68 69.2981906396252 -71.56572204601004
69 -97.25647289161677 41.39516131059182
EOF
