DIMENSION :69
NODE_COORD_SECTION
1 72.91210684026365 -93.44513993731336
2 -13.084165304891712 -29.68987184384855
3 47.14532976424212 0.10626932744234807
4 9.73560239341029 -43.549851902255575
5 -30.799885360940692 -25.147096761662226
6 -27.732308113218835 90.85814166087061
7 26.96798346341822 -3.86513901276777
8 -57.001454028178 -46.13780873254774
9 28.57063267042207 -76.38435195266551
10 -47.50828750710077 35.87924435164467
11 -97.07280673185012 10.443722137706175
12 46.443489840407125 18.222342851131174
13 38.54565699397756 69.96107860807811
14 -48.412557228080246 96.10395148417808
15 74.87571511857647 -81.5144869593253
16 77.86692696642314 55.97525682880956
17 -0.9633285761955932 42.73215652501162
18 -15.60354345644501 -49.99461423693958
19 20.460767375497184 11.729122916332543
20 -77.91586152421385 72.41859975343382
21 96.96870089892201 -44.379042054475384
22 32.38913108238222 -64.42852696220078
23 -31.979189741242806 67.54284197070973
24 29.539484107067864 68.0662960331536
25 -85.63614847047472 -50.212582550509644
26 -77.36253526046934 -87.13918342222784
27 8.01990646638751 -78.22474488984062
28 -55.569189634743864 90.24862038424243
29 -57.459437721968996 -65.12103023873097
30 -54.869825151180976 8.748529181267713
31 40.675935989807186 97.94016360640651
32 82.50430471115007 56.35531575445788
33 -74.91514939653021 7.357291612103339
34 93.58634502109811 -14.731732643943246
35 7.438900142436495 96.91174933354247
36 -31.32401818383059 15.12807669424312
37 2.2497427556183993 75.03845113401846
38 64.92383803143028 22.956664870278118
39 -96.0244226137833 1.0362595282828124
40 -5.363904054221692 -37.59144587616894
41 79.4392083003091 66.75268350442926
42 2.5387568139057635 -39.39349919183608
43 -77.68320869464054 96.56639838266679
44 6.592714675135738 -22.251800878087778
45 92.43280893381998 -43.969987694283844
46 18.55218019953992 82.83478899857465
47 -80.17650778293992 68.32480325829684
48 83.31068988564289 98.28618066008156
49 92.00732305325488 77.7180470776812
50 -19.819554518761336 -3.1279490648203705
51 62.62798578418767 -29.497308006484445
52 -85.39770150109618 -3.6984079092871553
53 -79.38843044813835 66.43813331377834
54 95.3852208325539 -10.020941105966344
55 -58.79355097507395 27.50005462227074
56 40.425793367117905 -23.15373971136961
57 -96.24924361880971 -4.213878695963373
58 82.95958452991937 -91.102761648305
59 -94.26090162318393 -31.286385443135273
60 60.748111444445556 61.864332021091485
61 28.736477511259977 -52.81596114595351
62 -37.79358788038256 52.73903578114516
63 18.914175542147987 51.17875522952059
64 -23.67200991082059 -22.795041102970146
65 -66.54123719320894 87.2888910695608
66 -52.63468916909082 20.7244543397008
67 73.83204275646403 -26.028280798652162
68 70.57575501253973 -91.06571919795208
69 77.83628209892848 -17.135191838912277
EOF
