DIMENSION :69
NODE_COORD_SECTION
1 7.183795798867081 -41.91275780518018
2 1.8174186772190097 -21.75205768897345
3 26.074329168987703 -81.83019223033135
4 -76.04547061373242 -77.4594759583278
5 -10.721817838563936 -56.50866810520514
6 -56.66701333272779 -35.815693306567425
7 97.73346074486571 5.894599627121551
8 75.04636495692199 75.67591568707212
9 27.57487139358834 -99.26657550483233
10 -24.90672127500622 -40.17735192231371
11 -39.363901397533056 23.26020230979364
12 0.6463505037905435 -45.98864983294828
13 48.479766887994714 95.9741454089181
14 -19.329372244239096 15.79995456346144
15 1.342924987638355 -4.211052462523426
16 5.173932315938856 -37.383884874070425
17 72.48748425305743 -64.45751927357287
18 -63.90180054790531 84.63639372405225
19 -31.203196404797964 91.28536273035212
20 -81.16265018692039 27.458641185817186
21 -39.939102297285636 -65.05080479940463
22 -69.40608615362439 49.969033790995184
23 82.24458477987088 31.409376042432314
24 -59.73691661271976 2.844594108950375
25 34.13425059591091 89.62142571423254
26 -25.740525436277494 44.420835210614456
27 -47.88944687630685 19.42386770416205
28 83.67849793058298 13.193338216511208
29 -85.60399241264707 38.7647250145404
30 90.410684913029 -89.98883033781499
31 -26.022221359328796 -99.47722571380635
32 53.30396586718774 -91.94097743430281
33 -51.49221545148011 63.7587805806202
34 40.19544527593035 -94.98593523218159
35 -94.1663603952789 -78.8540199365085
36 17.61073637251434 59.302571934176484
37 75.41553223043542 12.493090859408284
38 77.15554983693306 11.170447975043203
39 -11.264223208498052 -96.31266528788956
40 6.100740720478484 -20.679221020609745
41 5.909266613807333 91.04882820631968
42 -20.611419743067373 45.16068469973291
43 21.054647282502188 -96.99806235950952
44 -98.73535336510217 89.23878409218821
45 55.587585993027204 -85.86686350666848
46 56.96616185484788 28.24356947141132
47 46.44906428178146 61.11900881610248
48 48.37437095787226 15.972197426788043
49 15.383230486738725 55.6721359341544
50 82.2648217850683 -82.03189161804323
51 -34.269164040541284 26.566571325905585
52 -44.23366480115174 47.06507661085419
53 94.80590763018739 -9.031160124144094
54 -59.134334398389 55.86428585240509
55 32.77484357874613 -45.28579258307737
56 8.271662846398797 22.210060811287008
57 23.058665074034934 -28.1676887591195
58 50.67918769260575 -64.98091005612017
59 44.630774738630976 -44.45988823472149
60 -33.550380602294354 -9.643159613153458
61 43.184050436128416 26.084211214766214
62 46.9514036637986 -58.55594371742474
63 85.9927670523866 -94.77125306662555
64 74.28053422091125 11.315314957266295
65 -15.603697921995746 -77.15094852777503
66 80.80760376341499 -26.859462230405057
67 -61.816790613546615 -11.9947244102881
68 47.974417288475735 -69.240412172457
69 47.75581830319777 -4.96557676370773
EOF
