DIMENSION :69
NODE_COORD_SECTION
1 -66.6207042336929 -91.69266798002738
2 41.922321342514465 92.84760650360437
3 33.74751104296709 49.616024927833024
4 97.09792940689849 -15.290949916091407
5 -10.306484752609023 -82.07774756602677
6 82.6368612400363 22.443649131070103
7 -16.632826751992553 -78.19849319588144
8 -14.403334451307416 -11.294621391159112
9 8.315322612271146 4.869763781838614
10 97.42846114232287 -69.08979948293863
11 -86.00197116265518 -30.885122902115654
12 79.62025277922686 -11.88898725553203
13 15.039700248498718 16.577611223404404
14 -68.8491388454726 -56.75566722535861
15 16.173244130102347 13.123782416266593
16 -71.26770642756703 56.54100067757807
17 39.18722501545426 -10.037001133912923
18 -38.20512782934866 88.4320922558968
19 54.78718213573987 -58.26635876681991
20 16.396087170849682 4.070548036171701
21 20.134279504506367 54.387632570456674
22 75.71055118434313 66.62779332799334
23 -98.0743699378547 -98.2271805173026
24 -0.5148187677339422 72.81396342296273
25 -74.767602842619 86.72459889027309
26 20.820145371148627 -38.39081075022921
27 29.91334859859768 70.64275146022837
28 -44.13725608801653 -64.01737839167401
29 39.27299805303761 -65.05670877065654
30 60.4779799823865 -22.58519705692676
31 49.735107769227255 -51.56072588920044
32 87.68604206199336 4.3281917866303985
33 35.65384444398086 76.61868444958415
34 -99.36639707343507 -71.93041205075608
35 29.98652986973366 -38.04864289794392
36 -21.90771186843334 93.87733732170247
37 89.40333725173642 28.77114368067089
38 -87.04564041160285 59.3052515388128
39 -18.489004819929164 21.943554875814158
40 -51.077955406996935 -41.13580153964848
41 -57.780959283051494 75.4430551546154
42 -73.43627284739149 31.181450497940887
43 -57.12122847656538 -74.87157880968468
44 -82.8634785072732 43.76686592981781
45 79.67654896324763 -70.58145918842571
46 -88.94840162612911 -59.4858933769691
47 -48.135264877028575 -57.76493517448493
48 -2.4150783211938744 58.35410772424342
49 30.76507123953226 -5.507519574764757
50 -76.58719617307857 -87.98288645817026
51 38.08085425735598 -16.41982511959222
52 -50.221811323407636 29.648615110555
53 49.905892813181396 -55.304910416958684
54 -58.42990314912788 37.06365954068971
55 21.919697368412216 -16.452259471679568
56 16.3253072932078 -65.28702795566991
57 91.61000036199019 -13.121682497266235
58 57.13784998863221 88.97344546689473
59 -45.034760060061885 -4.616297237906423
60 -49.311531290789354 68.16465723940354
61 37.93114357628667 23.070335372215524
62 -49.91723686862806 93.7320089746739
63 87.02722733055944 -62.2881967717827
64 81.91333805501728 -51.67370350716949
65 -11.12949590015117 -20.99569978193807
66 17.937747232330835 85.04845653555014
67 94.95525910129675 -15.82313082804292
68 -86.00933082481517 15.917401493273303
69 75.8893403786274 15.227735025138116
EOF
