DIMENSION :69
NODE_COORD_SECTION
1 7.013296010187744 57.20662715954066
2 -95.58695644628831 -68.47017245747404
3 83.47786730052417 -89.75180677670201
4 -63.6118028014943 -69.6548016816509
5 -46.997630906874896 -72.08943450276351
6 -36.17907714207909 -56.144907896320426
7 85.11639772669761 94.36757000163462
8 -54.29123904431652 20.897274569690637
9 92.9736775299256 -10.820703731988516
10 41.88526256672182 -30.865230604866014
11 -0.6805015216663719 78.03716565808926
12 36.20454306869249 29.42878228955692
13 27.752077962128126 -88.18768808934672
14 -12.084081115469232 76.66973926613497
15 5.001749930276958 88.03927348750983
16 -26.778051963234745 -40.50061603060237
17 -92.19666136664624 -46.61883201094752
18 -57.510100422325024 56.395839875157776
19 17.038844887744162 81.28656900298446
20 63.31319587638029 21.88256388976511
21 -47.821129534851735 -54.03765747513081
22 45.59588702881612 24.16134431477026
23 -49.34698564944735 -68.04925559198192
24 52.059823676664195 -65.74164389337966
25 -70.36911278161236 68.01321858950925
26 86.05079790929352 -83.18848999399533
27 -78.20302918567754 54.68733266051737
28 18.246330943707108 93.91631743102246
29 12.054210572350343 66.79733641771648
30 64.8445641953167 5.9865380456723045
31 -81.30736700300108 55.362992933173274
32 -37.95988193053685 77.37502335352119
33 60.4109963032611 47.765234903616005
34 95.06934484085224 9.539143344430997
35 -70.31908251427217 50.69146147454774
36 34.83408556291809 -29.175702935713204
37 53.29461378568777 -2.7028893020984555
38 -88.91050858606735 29.478035486136662
39 -37.4612237441879 -51.815529032106646
40 8.408032948383152 85.29645399064555
41 18.28892668639004 55.213520889686095
42 -90.39150659948987 -4.656526106614493
43 40.41979386898785 27.823828980965956
44 31.065166854068536 60.472794354796974
45 76.27926220829698 3.4604424283277098
46 95.28912664480305 -58.07873273476354
47 -90.42544242458005 16.860966054440667
48 -31.600019124566828 11.031609782103487
49 58.87126161991685 87.37485019375694
50 -46.416923176142745 -99.7986593611155
51 44.007070913286896 99.15016935416543
52 76.35369007659466 19.443929012148203
53 9.073897937739488 -64.06285077764082
54 -76.57370430205874 30.48722961046198
55 -17.776556598134746 -49.578260580828506
56 4.213555729985245 -70.87672082623587
57 -74.59708242807204 -2.5833397501587427
58 -7.5436841591026536 76.56267126033828
59 81.2291433132605 -59.09863211293705
60 -24.78772429304223 41.83569810704398
61 -40.43907525236563 -43.183578937553776
62 -12.59219307595825 69.82159320356612
63 22.930976083236843 96.68192157463983
64 42.383741846855884 -26.72375709890551
65 -72.14961213602184 51.52353709061606
66 -17.65739627191536 62.267728425373775
67 58.10016326314411 61.25395314711852
68 -32.668614089147056 -29.281723675855346
69 46.475805974531795 51.57139887076258
EOF
