DIMENSION :69
NODE_COORD_SECTION
1 -63.72129753233728 34.774025530855425
2 40.819357446317895 -22.911719955266193
3 93.31014858830358 -51.55638130702436
4 -41.911409157478666 -92.43539648620676
5 -19.859208635406006 80.36110574104595
6 48.79451085352591 26.46956865458972
7 14.145323324680746 33.38933492920697
8 -11.87386212513293 78.8465554807191
9 -84.20383574265027 21.70579508012645
10 70.01952266663483 20.150531247493902
11 -38.54722751618562 41.75715891470463
12 -11.484252601078083 22.90713720492583
13 -82.74158537500354 -5.242554038579357
14 82.8589641822422 -49.61531293414681
15 -37.37768888242465 54.02202074619609
16 70.14414423049055 -49.565256357747224
17 62.74139816448778 -77.03121318123883
18 5.926044647756811 -34.17931471919762
19 -18.15736980586003 13.4068347604738
20 11.052236813456531 31.76807614112701
21 42.30335215321139 -11.227906608704515
22 -17.915255269854995 37.134381843059145
23 29.533699722917305 -36.741655257876495
24 63.02634725091622 -37.490084996769866
25 -81.51832407790221 -74.66874836253695
26 97.66918794051674 76.72581656556696
27 -45.15196633418217 62.90195661584812
28 4.734840572987295 -27.341099854561506
29 62.5747113922379 7.475929507231015
30 22.076611505505014 53.88742110210197
31 -31.102948347788 -14.118176091281114
32 51.566416757111256 -54.334310357239076
33 39.226741183493516 70.72412919091323
34 -97.10995141805768 96.84965810086044
35 -3.641226740015597 -45.50755394772097
36 82.32632380126142 -36.180362800825286
37 61.97247321259036 -62.700607792043606
38 -98.31289732270241 23.110307458261616
39 3.1231201131671753 -85.49198350237398
40 92.94671811297309 46.372312132484524
41 92.39721289789969 78.0488648790249
42 5.690984286905646 -10.546231664896126
43 97.63108093006812 4.015764322119409
44 37.367437965188714 96.80407891602678
45 -94.43095595753684 -10.831516866276772
46 0.420078851743952 3.0664960027614114
47 53.56392983575827 -79.7404304857917
48 65.74343863357566 -74.36001613257773
49 94.39922696304717 12.64156615367402
50 -61.507684114431285 85.15490492865624
51 -48.46114112892135 38.40007028305149
52 20.135150495961 65.2212271219602
53 35.587032118768946 -20.703004153095932
54 89.74055026063584 -71.52805193422371
55 87.4671360358771 -13.902476792085338
56 97.8379714556387 -57.16155785115742
57 89.8053593681125 -96.60667321244728
58 7.795253813025923 -59.84133647766119
59 -54.76883679032041 27.823662886223687
60 42.50718030116718 28.633020714737256
61 -41.21672382874269 7.634987225577802
62 -1.7092702530854496 11.306882185092732
63 81.33660638226763 62.808847227232775
64 73.23452259754771 24.672793469718826
65 -28.058209406132733 7.526863646409112
66 -76.14889223432854 4.649391942707638
67 19.195890580980418 90.53064415310331
68 11.73270654756999 11.608254886214127
69 -74.76086898993782 33.9735382637015
EOF
