DIMENSION :70
NODE_COORD_SECTION
1 75.340464516119 -42.630641541718205
2 22.975081502961416 92.19483432614416
3 -70.11436711075754 -71.65950593512925
4 -32.48396248900323 -31.747491633495997
5 62.28556301652861 31.847334159938555
6 95.1600499695185 -49.04581033518403
7 87.37791371321754 59.948036113974666
8 77.58548993865645 86.0885564717039
9 -40.85883265016148 -16.650750065175373
10 -37.54747632588733 -26.95012442380842
11 11.89238262653845 30.933622396307612
12 -98.30071160964098 -38.37788455768296
13 -22.467327747503546 -63.57458933750444
14 -97.12632824004659 -61.30520183359476
15 -29.283424633305913 -97.67765189504256
16 95.08397697072493 -25.7230610936721
17 -96.45181034044592 52.51103636120416
18 -63.496720285907585 8.089664217756749
19 42.383294800734745 -2.477862003584903
20 6.963832709345311 1.1820411156547266
21 51.54351180704944 20.17074884563297
22 -72.97051099642107 -48.57118881707898
23 82.22483978106041 -95.63365846534684
24 -75.96436956786678 77.43266759784095
25 59.6096874129411 -23.83418169754485
26 25.937663212377487 -87.73211243714385
27 97.16797604370225 -96.31783276908517
28 5.410707148936567 16.666177681066756
29 -75.64056671204511 11.250383660048783
30 19.494688153292316 -79.34046485387643
31 -47.57413408747677 -96.70871334287479
32 -5.819458583013088 -66.64082746311084
33 -77.31135976445059 64.60298058303832
34 -11.315090133927484 22.463454810273632
35 -17.2567750182306 6.3487933245154125
36 40.76212944992551 58.25200047438548
37 -81.83075821403884 60.79950603136976
38 -57.74598053394122 -58.76300902826759
39 -69.14905808809289 92.92680071177185
40 23.179410684883493 88.30700740277933
41 -0.270326668903607 -6.766009532504029
42 -66.98295147858988 39.112558270314935
43 85.78643696175826 43.74892274882916
44 -0.5630633394935387 -37.39329855087288
45 50.2791678534891 -92.10663821432502
46 17.586827136638888 -6.9318724688131255
47 -56.264012058711344 84.98185696562678
48 77.14212979571624 5.598120671989577
49 92.93217393062096 -8.60756057337639
50 69.67904308851868 52.997015614245555
51 -35.94473506460946 -17.009610392130696
52 35.532273768035594 29.08961309080192
53 -87.51090696600947 17.175460470702177
54 -92.84972047593256 -2.016730790567607
55 43.12435761731058 67.96199375527877
56 85.06258357138455 34.40635820500211
57 99.82963521527262 53.79035084089884
58 42.9251501951606 -42.811159005652314
59 -21.306479889212596 -84.69268260736284
60 -0.2884687751542714 6.110801969727731
61 -83.124987449303 -10.85801768597156
62 19.968884407502685 -88.24116519836494
63 47.37587102595032 -36.25718259427377
64 -92.8402829022223 -61.305744574012856
65 29.775232183084256 74.63071936849738
66 -59.5384403653332 -55.84891473226852
67 67.9433406832683 -1.038263385317137
68 71.99853881869626 87.64599733523619
69 7.977754526267873 -56.91756154747863
70 49.33023413714963 -48.703724405239335
EOF
