DIMENSION :70
NODE_COORD_SECTION
1 -26.91791920114062 81.79974389187004
2 57.12485683621972 86.30602223778999
3 -63.16630050481407 4.376313270334123
4 82.29526545400341 -12.005094909234643
5 -37.7364086074534 -50.198561052869614
6 98.47800247681283 19.907731071633435
7 -58.60203681608114 -27.323381294268387
8 -61.41299100753672 56.95728776831433
9 -41.61217063419789 -28.90602522770355
10 -21.724736507366856 -1.7831556481410047
11 69.07939060205442 -70.82525881775422
12 88.48919599417641 11.892901117260607
13 -59.14546884077545 -20.525909775091435
14 -68.09780258543785 18.172717328121976
15 28.797311757359495 -25.752246122463433
16 -24.134774663412855 90.05527378226688
17 -22.280987553425376 -30.385267272675947
18 -26.386043122442814 -42.06161966629065
19 -65.69933730893834 -27.060289681374854
20 -74.17640754783818 40.64869996843643
21 29.588702606987994 81.29759783383977
22 76.2039042177168 -6.234499865110294
23 49.305970441514546 -52.328061220364376
24 -82.32124908123131 65.50303636089075
25 47.916627758559 -48.42224180856907
26 89.79577252388492 -18.919466659923813
27 -17.88956602663785 -77.9113853116941
28 33.36362553354843 38.42277252408448
29 -59.651877553344576 -36.21328986315564
30 -65.0844017108771 -8.801656326607983
31 27.336333854376875 69.94381150654789
32 41.450041131151806 -80.38326661528876
33 25.777041884686852 -27.719973153073354
34 54.99968433499035 45.069472215783776
35 2.4630578513826293 72.93631772213143
36 26.933290429028432 -68.38547421216383
37 51.76765500290725 -68.16411182960378
38 -36.505120751274745 -64.53261542766325
39 -23.197017321981733 41.39846959060327
40 26.93714837401089 -86.92389587861342
41 96.99853937680527 -89.38924198567307
42 -29.29264100942575 79.02189151951742
43 -59.42258885109799 1.745202327897161
44 82.49551305951036 -83.09937190660266
45 -68.61531339713021 15.558418318790899
46 25.556189460782505 -10.494988043298733
47 -88.25108922880369 4.589648368900697
48 -33.43302676301238 -30.959106220173553
49 56.53409001945255 9.218643903973273
50 57.38797340266822 13.775538790704516
51 28.26622471592765 -42.56853993953955
52 98.43853762531208 -45.570415956972134
53 99.19503973179192 46.781758515645606
54 53.008721850491725 21.788521443380887
55 23.378007322744978 -64.17585184881125
56 4.674767927143591 46.423579205561424
57 80.35040428950083 12.335319100406949
58 -45.91070626832057 -7.924025215165798
59 -68.32829441780001 -23.07234035984709
60 -63.23143583300457 -53.827421450224634
61 -67.38487751453317 -16.800829873304394
62 -89.89937421150067 84.10499987010189
63 -76.5062551280835 9.35249677762316
64 -94.35011848698434 48.318316741208946
65 88.59318909481496 1.2551254137940049
66 71.93496976887775 38.919600949885904
67 15.40735380177793 23.20153670496694
68 43.20859888493925 99.43054378986366
69 12.850335671140485 -19.822440482035788
70 -38.630556011926686 -0.5275309301950841
EOF
