DIMENSION :70
NODE_COORD_SECTION
1 -21.36062212594993 60.61388577185562
2 -60.77038433753754 2.6783679737606008
3 -89.67849077150535 73.41283863389859
4 -26.309250900952023 -31.87363698529164
5 -52.052676310285605 67.75487231992011
6 -79.86063456174472 25.238380262305938
7 62.49914270269724 -50.52066841796092
8 46.67507703481911 83.20456764655103
9 54.88229921232477 -37.35949692437421
10 66.93709453441468 1.3520754363607779
11 87.59341106229849 72.93029752592409
12 -50.92524114172543 -16.89559504157485
13 -26.081704425513806 -32.40792998843878
14 73.57155800738232 64.49893431535705
15 64.58259155955582 66.87561836160424
16 -51.69723638390846 30.300885587142318
17 79.00480673337708 -99.1275526190143
18 62.05838976363685 -59.83382794803562
19 -83.22204307043467 -4.390467221917163
20 -88.13529079397493 27.96955184316674
21 -45.26737416076572 33.56875034360513
22 -25.21087749490198 49.32866783582824
23 -14.089263977773456 -93.66169984343502
24 11.514811189856005 -4.481574605678773
25 -10.993993187210265 -39.108481415040245
26 -13.176927291616792 66.38452179145537
27 -69.69648242937608 56.02744750704639
28 71.22282457967893 -99.47133885787396
29 -5.122575341108401 -8.203350018379012
30 48.318424189194275 97.95236894127609
31 19.782426363017905 52.274917254167235
32 -5.891708340289895 38.51013588199294
33 59.20116282813453 10.836304148986954
34 -82.74130148321163 98.93681032785318
35 -50.01378890416779 -12.883646036956506
36 -46.5016857165786 1.878236846341963
37 65.76202820895716 16.145103741885862
38 92.63091155713926 -7.731898402920365
39 -51.27137765133713 92.6687509594527
40 83.26512049481272 29.558089152675564
41 -9.464594329245557 -12.532177947661523
42 -91.78840602106936 8.72248148807708
43 -2.9298053732784695 97.51873218799011
44 52.599663285138746 -21.37754403676051
45 -83.26512623569164 -11.865191221233346
46 97.117018214355 13.229252219430492
47 37.75580942162219 -87.23828738568584
48 -39.62249207714261 9.369626374226996
49 -32.69627387958063 54.89146321040519
50 -12.726182840559574 34.07095696456824
51 93.67419048882724 -73.40180685641315
52 34.273229276838094 -74.75256903615978
53 2.5065530978166493 79.48789792272669
54 -62.033738890043644 61.38287518439981
55 68.99564719790052 36.393428890880216
56 69.77964262582313 -40.97023888807381
57 -19.722820952602248 -64.06483071713748
58 77.61644527284656 31.35807819200798
59 55.64427228818042 -2.8932747144615405
60 -5.711980661277664 46.651733510617674
61 -73.02080531950568 -42.665783629286835
62 52.95364391842753 -37.4357119307503
63 17.760878593581438 -85.00337978322392
64 -8.614366729523852 80.10981488393492
65 -83.7646484039916 -83.81616157886836
66 -50.27094181867422 60.77882552342942
67 -23.187108500049277 -34.491821609704544
68 70.52679074818354 80.83315115379116
69 -96.51796091739386 -87.92610439375952
70 -4.8677432112395564 58.74786745215795
EOF
