DIMENSION :70
NODE_COORD_SECTION
1 -9.704179546721463 -4.442824628001347
2 72.64604243626377 63.35206582452386
3 -35.20075292562697 -43.03965751601915
4 71.34060429573296 21.93881966777336
5 84.88057583928665 96.3023586455688
6 66.90755625445962 -30.10334250411455
7 -77.31099783512308 76.81337626183682
8 -22.150026446298796 -48.21376648090154
9 -92.06150348679292 90.23236290443145
10 26.38035689957023 -90.09826006339962
11 -98.29172584911208 -77.49217050190657
12 18.423486292846093 -20.60129474589256
13 99.53800784424902 -9.920897586113924
14 20.60513273825218 -49.37599935962458
15 -71.64969356434179 -74.22756989487895
16 -39.03398887936067 59.42069713030355
17 -3.5405249137091346 39.635528439599796
18 -59.50780163582241 -96.90536718359158
19 -68.09785735525622 -42.42693772019677
20 -15.84549252731145 47.8934184006377
21 -98.44807149554929 -50.5653400101681
22 -16.998920971280512 -6.737132277873869
23 -58.04313415875826 98.24617464959678
24 82.94893744432409 -11.190266865187908
25 -47.435119258134264 -66.43610221816643
26 -38.72821544691134 -38.18618450661197
27 -97.02090156674468 54.470539744778876
28 98.38296337815677 -93.70350162262638
29 88.1115168925707 1.5208338186330792
30 -99.63601666138142 -90.93312825188616
31 -71.42010241937399 1.9836818637479325
32 -43.20935184270349 -56.16937692636106
33 58.419452064687846 9.016832292350259
34 28.760326579972315 51.36097182620813
35 68.15745285416335 82.94915107238825
36 -46.37451085219484 -58.104968348810985
37 78.52535031086316 21.634577808972892
38 -74.20978772587785 5.3328679853531895
39 -91.44029543686545 36.88094401308771
40 -32.972070275616105 -4.5191430393539065
41 -28.430360056702526 -4.754087155660741
42 35.13017207465049 66.4947456882143
43 -16.574783511445744 94.03129843825042
44 -63.70227448353209 -17.157949066180493
45 99.84759079810019 27.096164896607377
46 4.537178034803716 -1.4825816243780139
47 12.858485513030075 -89.85188702993803
48 -9.572730924406187 -93.09132343182807
49 31.272945252946926 81.46122116996196
50 -38.02884489314084 99.62530212233395
51 46.096017414356055 -28.49174970621273
52 61.85226649248975 -59.23482162583063
53 -61.08953159945067 -56.2163757294702
54 88.2628250778838 -37.4904995329757
55 29.819340882796098 -50.86702322352501
56 70.57590691765623 -81.40019004215219
57 -18.766481715165753 7.1939005556546505
58 96.48326466699231 -5.834833459567193
59 -25.228739282955942 -68.90824053455435
60 13.822839537734026 63.531520345508085
61 -39.2369820063815 -54.676594951684706
62 78.17137946010479 12.059456392043558
63 -56.66842260690144 -88.19928928865981
64 -53.62082504265129 -6.279482043992886
65 8.744003530365859 -24.68506818925924
66 26.57548716256551 83.03630173398722
67 -69.29146925232821 -32.77808521884866
68 86.7747644439674 98.16879743627968
69 93.51602346056836 64.93730067331663
70 -2.934631692185306 21.36421318452409
EOF
