DIMENSION :70
NODE_COORD_SECTION
1 46.11206989091039 -30.20007110678651
2 -38.578022938831104 -44.004139578511925
3 55.13661166001191 -65.23576474150656
4 29.419779917663817 -94.5444818475684
5 94.50672359548298 -34.33555336933773
6 45.05568534664502 -99.74501993898264
7 -16.83227589351837 35.04368538772982
8 -0.22223292226131264 -56.45231153675863
9 17.017220657510506 36.69296005601748
10 -36.57281461056265 -6.84065026144134
11 -9.962029479991543 -7.849489099059269
12 -7.5733091963358135 -28.517179431593817
13 -48.35314840635523 73.27720863578483
14 80.7435482884984 -30.87453200875474
15 -85.59810947293903 -71.07315408044974
16 -76.27430123897827 -44.18392455808187
17 8.43566508694407 -62.480816671394535
18 12.761641726116224 -63.50752345233668
19 42.460136340323146 -27.637336603998847
20 7.816035797026231 46.155060629320275
21 75.91436443259019 62.86279705756738
22 45.2445603742259 -36.01450694596542
23 32.8032662733485 -37.70878066534902
24 29.893185752464518 45.39391124474321
25 -4.997952158012467 91.57960632301035
26 33.33852031088102 -79.92796134562991
27 1.2775039994861856 18.641560748348127
28 74.22752699218375 -15.20638141885378
29 -51.995945555317476 -45.98526400766898
30 -7.973623345424727 31.617778212475457
31 -61.47127721318544 96.15447327714085
32 42.089816206426605 -4.685244051169349
33 -39.63385719018744 43.49934482275188
34 37.81406145984596 78.24781555060397
35 82.88089084401688 -94.53199029771586
36 -55.262374954496906 -83.39110186626829
37 62.84129809919381 -9.164161112142978
38 -8.1938080210669 -11.180159531207963
39 -78.79472871839485 29.47892908839887
40 6.619164839501423 -64.92497434841229
41 -88.27466344077186 -7.737941294850614
42 4.3270733172359 56.41528498305536
43 -59.56344827133344 -86.11374813805965
44 63.95056585099951 -7.612931371538778
45 -85.18234140196472 94.80075899414149
46 11.24336793908202 38.25485558193725
47 -97.60776265732693 60.82317562221232
48 -6.177014782282157 -44.10108126338543
49 -39.236676374661485 92.90058451049248
50 82.1446843637579 56.94457658784589
51 64.55147480194813 4.483674712256828
52 -41.004284168679426 -7.666877869257419
53 99.43272190558784 -59.72522405091518
54 -29.46169166551664 69.45870695232352
55 19.449645488680005 97.64991360691485
56 -96.46837290406205 36.159526679268595
57 -29.004898461531738 30.843909199333268
58 26.214354132252907 -79.73432995796719
59 75.34490290265546 -11.973174542405701
60 -15.568897637964213 94.0701068665195
61 31.342194524838135 -47.31113828751579
62 79.93757570850443 45.00333639286188
63 -49.18708348231833 -86.70991729141176
64 74.42075778560607 -23.043758849397932
65 71.5181806607356 -31.079689245685586
66 -39.37789810250762 -58.89014587677113
67 5.926132721437185 -6.246363219106101
68 -78.94675699112909 -99.20533037685556
69 -21.187744430759665 -70.62903822666466
70 -44.854713791505986 -28.18369113054044
EOF
