DIMENSION :70
NODE_COORD_SECTION
1 98.34500944253145 65.9423315322606
2 -64.17723178245743 -27.52211158855617
3 53.61891888414959 -11.604480149110884
4 97.96763726295444 28.70927872243746
5 -50.3364959510364 52.10005945650403
6 -78.80323457941437 -23.95510069039159
7 85.26767829643924 10.856575549553199
8 43.137298158911136 -48.33606506507946
9 -51.399801238557984 -3.4277212461139754
10 45.71457122549964 -77.99038214901918
11 50.52374822807076 -11.123068247889975
12 -30.798298665007778 -87.50672227096766
13 73.33056769509315 82.99875524528929
14 -11.028426629611516 39.01356205728186
15 57.04918885181243 84.73934418800178
16 11.182886000443105 98.7433411690289
17 33.94853530022402 -48.57418859126745
18 -2.266534828842154 58.300621126819436
19 -8.407798489511293 19.007367005596905
20 -33.834214883105346 89.33408113647226
21 95.77217156925718 8.00267633168366
22 26.810902646136455 44.71777466667038
23 -63.12198593395486 84.79327124594471
24 -82.69109972684909 42.963627408140894
25 -23.266131621956987 -30.202459854824326
26 73.74523135501741 -65.8755124298851
27 -32.33759701724175 30.348712617280597
28 -62.005900105757746 57.374396362187326
29 91.51123086131082 73.6394191551631
30 -57.53853809615117 68.61705681426187
31 -76.39597616799641 -36.11558390921199
32 36.271860179917894 -84.11277526904763
33 65.05496317056145 27.89218897111958
34 -78.95518611622381 70.97414249437696
35 6.611892524290425 84.52510982039414
36 -50.24185923717799 87.60987033830341
37 88.16995122172347 36.067006586254735
38 -91.2029942948508 49.72974893903984
39 -99.67584829692677 93.3059654762927
40 51.13920405071471 97.72601788816422
41 -62.19417672900791 71.17931628669501
42 -22.27137053379475 -23.720122208170764
43 -40.62551304220952 -11.88322399514577
44 74.44055385170532 34.27117299500614
45 -65.28675095929823 29.756781043411536
46 3.6437659662004904 -74.57084682366715
47 66.10236454354356 -3.4998348424791743
48 22.216321618368255 7.801551230530407
49 -38.87780882157419 44.404311912498315
50 51.973147709762316 -79.2163994029542
51 2.363361387550839 50.2100314891392
52 63.81527739982516 30.362337926730447
53 -88.90159595617496 83.83248792375161
54 53.512133790810424 -23.604083054142635
55 34.095882749428114 55.43649583635491
56 84.8797863870829 30.161486604324665
57 -3.765631725535144 19.255620939540364
58 -44.78031917681713 -23.930629946677456
59 56.30040569509498 62.603613091050335
60 -1.7660954680112297 -31.64466807103095
61 -20.669024503368234 -13.934341873861243
62 -18.76537701985383 81.7266964468565
63 96.08765551006798 89.64608896724306
64 -23.68312398943641 74.35229682294872
65 58.72620080620146 -80.31175046479927
66 89.26547362213162 12.250149166093479
67 21.45181297880478 2.671222343292115
68 15.318319888389496 66.04088171790647
69 -24.073052254513527 -5.472804210711459
70 -42.48996971756076 -15.800981896051368
EOF
