DIMENSION :70
NODE_COORD_SECTION
1 10.010283491347096 -7.5176767517706224
2 80.25491915219462 77.63840504579315
3 99.18286064491599 -22.595953641280303
4 -85.344995793078 60.606301837734264
5 97.47560173380566 15.46515167435787
6 51.56081351023673 -39.06278030856758
7 -83.5869259915026 -53.31210172204322
8 8.101198702817044 -35.20944464761601
9 -43.45309093441945 -88.4311438901101
10 18.15000207211712 20.857512595400735
11 62.1243995244231 30.396189001515438
12 0.46636476088886525 21.75557742797622
13 -75.03846133316266 12.412625652761136
14 -34.58979169330168 -11.742433989429756
15 42.28736202667079 98.46779137850592
16 -29.04327986546261 -64.512777114201
17 -84.44702688264682 -25.407170589711228
18 -13.414595256506388 24.627577412473386
19 -59.32474659796849 -41.03075374461014
20 -47.27945572957355 59.352215065569055
21 -15.088233412755699 61.052930364675376
22 -66.24820905977947 -26.896208851213174
23 -28.460048848717918 39.15342145189996
24 -45.73513227177013 71.50803063521306
25 -99.25969200102426 -58.44248917815864
26 80.96420426120781 43.62571236993145
27 23.55971470869136 6.325369421280342
28 -33.129346939681525 -63.59101930202051
29 -44.44227127665768 16.17646313242919
30 9.729167377829711 -1.3573849317953801
31 -32.28480509026362 57.42149428063183
32 93.1627846839161 -56.18526384038736
33 -75.58892565722941 -84.31423331255515
34 -23.03912748536783 -44.224350814881895
35 -48.25006851501612 56.208407863106004
36 -18.008897423191655 66.70753712268268
37 -85.75083525596412 82.79092424888955
38 75.57629592151127 -26.158284599010045
39 -46.12845434219308 -52.99237726936423
40 4.778676629726249 -70.47565231815176
41 -97.38476921869417 -11.920493069946076
42 -52.11423803288222 38.64545577983171
43 -81.65005704297303 -76.14760823651176
44 58.49367122542998 -71.88978772157806
45 13.314684716379531 -15.39114444614684
46 61.93511904141056 -85.05446664607274
47 45.66870202971322 83.982933162411
48 -69.59902547412678 92.7990228339522
49 26.714239336903134 55.03535641143668
50 10.95587199450594 -18.99852717477745
51 59.88596307511281 -55.41372849649653
52 9.749827298531514 -63.971977143351296
53 72.32861524025822 -44.80855803253634
54 -53.92055924967336 12.107359147560686
55 -74.13897702261727 51.68695305309353
56 -18.44619691290606 -24.107794413699082
57 -98.64892348412262 -91.98342490814724
58 -97.52815935163446 -70.48146645345308
59 -60.99708649480642 -39.905093784113156
60 -12.380728260410805 77.04493684186545
61 -13.215892670626502 51.748550648679924
62 29.045048029383253 -18.822322381606767
63 -39.80280799238167 -86.68332298853714
64 -10.021339153758063 0.35101179143526906
65 -51.17359443375615 96.28122848076967
66 -18.09879196244431 70.64640867325016
67 18.567204583098658 2.336288100642193
68 -78.11523220046324 2.698394352381058
69 53.172477726329305 91.59505695262732
70 -8.333904323613524 0.6487337510080948
EOF
