DIMENSION :70
NODE_COORD_SECTION
1 -59.681269354949286 0.4352606000621222
2 42.80851502612359 31.507127565719685
3 -89.77626915265446 31.85143293132927
4 93.68778556409052 9.626983487008218
5 -20.590970228955484 15.299722847652461
6 43.72210922164754 -10.915463315753811
7 -93.06800641597948 -88.98346210967951
8 -61.449066447117026 7.1154702860908685
9 94.42794578705264 42.82672503882864
10 -10.251745759860341 3.621279657760141
11 94.40346194712328 -12.64607191764749
12 -92.09644704221735 -30.621805708272646
13 -25.45429756936575 -54.21348349564998
14 46.32381021570498 -0.6000107905733927
15 -82.9667585295943 -5.188371585194787
16 -72.20079747566729 11.055407074753447
17 -10.939350599627957 22.118990053422067
18 -50.273275868557235 -14.044790793199937
19 -40.734474887853736 -8.084884344928284
20 -33.012606268637356 25.287716273629172
21 -45.5267624545242 57.17767422873405
22 37.32447920297031 70.1959072148417
23 52.151252754951884 -62.08119808061845
24 80.5714790304906 31.95312779223906
25 -13.808579035541129 -81.48476783851197
26 -49.06954017995062 -98.89142128687203
27 7.115241269426662 -17.797865040592868
28 50.60257613263522 -39.56223388905009
29 -17.47641457033204 -2.8832840795263195
30 -76.57551486867825 -86.55281688312746
31 49.58903096239672 95.8165555725401
32 58.765725174658826 -41.65344207343915
33 -61.384619538895244 48.98682599430154
34 8.793717418501657 -13.183901157738333
35 75.16570689636865 -75.91039314903728
36 76.31467005941852 -32.43991836466442
37 -62.01340828077726 40.99742033050063
38 65.7502624200248 -13.447547705333719
39 -99.06703972757907 -10.807574835411486
40 -93.58866287729057 -40.95612765489967
41 -80.67557641044358 54.9015210804769
42 -44.91830989775665 -97.18602625243962
43 -65.3594216722528 21.576843518003713
44 64.02638602909929 67.81642516373299
45 -33.81067882171318 -46.57989331259389
46 60.89066637829666 -45.721323123819914
47 -65.64128116286497 49.18838038985115
48 -71.44292556673979 -80.51787762496676
49 -82.71031479967776 -37.69214151009699
50 95.88004795238498 72.86262667246189
51 -18.71690640539434 -76.63864189416628
52 54.31860418265575 89.73536450220249
53 -55.018341847169694 -27.69578942669841
54 0.839602477369624 35.861980746585886
55 38.3434244150784 10.302410442733347
56 -25.934718504727016 88.24214130073608
57 -0.3497347796568988 14.875855650110623
58 -1.5093399901728617 -38.074355262415985
59 -82.72864585318544 27.068589241952253
60 80.69771402255384 -91.69471457194653
61 67.62816132006068 15.657054211363459
62 -88.15508691522294 -62.7352806122411
63 -73.21593850443698 50.946390824733385
64 22.312283353899858 33.71968506480479
65 40.30820365848206 -20.506089838760857
66 -92.7663777796202 -11.495007913477622
67 -75.46012609012857 -18.862119304872095
68 95.74916206650454 44.22365800204341
69 42.10614740158826 10.99891696330593
70 72.1634933486549 68.58880690059135
EOF
