DIMENSION :70
NODE_COORD_SECTION
1 -56.29491833320166 -62.41982707065068
2 43.26505946774847 69.1989897071382
3 -36.88039561827448 -91.89991098762482
4 -84.30717630893017 32.04796711824008
5 4.883813191559014 -44.48611010457406
6 -41.71029301067237 -96.33484185776413
7 -32.401243950199586 -46.71929837645226
8 31.395767607880373 96.41410344661622
9 -36.428567601872295 32.04907559063429
10 -54.56447439718812 -77.58888037560546
11 30.228713393308823 -14.69873159394615
12 90.35990284045815 -56.2819430042921
13 -18.657575677183488 71.67049024263602
14 -1.3354783292813295 -96.3772381194004
15 56.933949557659616 98.23904910213051
16 -77.56517903572802 39.428347815554076
17 94.20336661975514 34.164298817791206
18 -66.02993457807267 -67.1634877642214
19 -13.445372592399679 0.2683535962211039
20 -30.110320139790332 -59.0758593720885
21 23.76486014199311 -92.23336534005992
22 30.22717066825581 68.87655451213263
23 -86.42751099504224 78.09938462204641
24 16.86821536032643 95.05477422229686
25 73.43539285684847 65.869251079251
26 49.79125880979436 39.63825815141456
27 -49.06318460605894 28.177292959901422
28 -65.07962649625934 79.9986455896613
29 82.29347977374098 -63.81143470798485
30 -25.998239575688743 -40.87594439804345
31 -69.3532688005674 -91.45222924078742
32 -95.23310379110485 7.827634544080155
33 59.29421667178042 -38.69567464848065
34 38.746711785776085 -92.86201014385287
35 89.74612630851732 -84.70463666493106
36 24.453021059990405 54.18334473486763
37 -29.533408204535206 79.4741850993675
38 -94.75534062581981 63.04520245283106
39 -60.612594934316924 37.460826563877134
40 64.04765036555028 -68.52858018480981
41 1.757769301680952 4.630362643086514
42 51.20009677692519 -64.99734911444237
43 -35.3796364358507 -5.656297223726895
44 -22.955887065976427 -28.019820622851228
45 70.18058282811756 34.46470762252193
46 -82.51132001126604 76.0672139724413
47 52.56235628992371 -90.90358603976516
48 28.618881174962468 -62.670200853266735
49 5.920499159883093 -34.4916069960058
50 -4.471514256510062 -71.41247371737495
51 -3.393859382104125 22.51611818821837
52 50.904451907300086 -79.34165885661935
53 78.05833059757364 -55.88751337073663
54 90.4935335529855 88.28574934894218
55 74.32149336134233 0.9405491051068964
56 -14.567408939389011 -42.04917299489892
57 -13.435111051641584 -67.76436535044934
58 45.52589420051348 -70.56449397717475
59 -53.29302553689344 42.15412462393101
60 -77.09570480785901 14.917616970536244
61 93.22387613460424 -83.05484769520027
62 62.10251744743192 -17.45770552046477
63 -23.55198005332049 33.21057297835566
64 -99.55737022764575 65.82839351715864
65 -85.8607464845606 42.537716925522886
66 1.7131270326099752 -94.06741710221496
67 -87.1623665828003 64.07826840157662
68 -33.51527585390568 30.707933170821775
69 -53.516679159214895 94.18596010753154
70 -95.99456655794174 -57.34218659502002
EOF
