DIMENSION :71
NODE_COORD_SECTION
1 12.669150155827126 16.44702423440718
2 -81.19450726522119 -53.61429810352505
3 68.6889129777145 -41.07822325955588
4 77.89030371098096 30.29618607896623
5 -83.05549090333537 -75.75519441974201
6 67.66163652815206 -95.00033375296029
7 -75.82939753621125 55.49118270327449
8 -1.7573618172515921 95.27246079400706
9 -72.13736438097791 47.836030384149296
10 60.31026749268733 70.11352516388348
11 96.53159075650476 14.954365199557415
12 68.30260421378927 -22.190660813106405
13 65.2099149716108 99.86320002872725
14 -57.97256448497912 20.25608381489552
15 91.50287005650745 39.220656279429136
16 -48.63924944345692 61.979707322737
17 81.58099928230939 -79.23884798780935
18 68.45048766426362 -59.41635407989998
19 -79.13896678940391 -64.54042716710637
20 72.81731453076767 47.89300352031407
21 10.724181059486597 19.18162223937597
22 -63.02906270142496 84.85302636697637
23 60.47212615034522 -97.0086015679937
24 83.63682729074424 58.27882271320962
25 12.822828072307274 46.95145711389327
26 -49.58507344718359 -16.157706012149276
27 91.59966748371849 19.16460740768386
28 -76.33152428982618 -12.778641436880235
29 -48.130959319642976 99.97078746903844
30 -89.33248054019438 -45.87447605920505
31 -14.366901989564155 40.626366085356324
32 7.488428707494805 -30.048956394450315
33 -9.714091995299242 -13.542600365773978
34 89.89711436670163 -88.89217204040443
35 42.39284321064284 -13.607697854748707
36 -94.57962765780574 -97.40049890607689
37 -64.04547747940579 53.94352775781735
38 -22.963806472468335 -59.773151963086704
39 -57.83165464504181 19.121906671628963
40 -57.60945355853815 -9.175823727082232
41 -73.19798229474497 16.4313548371521
42 47.1746761816473 -69.77296305950719
43 21.645205072080515 -8.994307198467538
44 -12.726531026769223 -43.791178158194825
45 88.1069120005501 73.1134391260776
46 -48.47789955029662 22.412930498052063
47 -66.12223630994332 70.67045318563024
48 -44.61535460469796 -20.653900459635437
49 47.6779864711028 60.064360821364716
50 -24.405062390151528 79.78767991641487
51 -97.5366637771498 -82.49115999050483
52 -3.2234688470161927 -91.49138880105238
53 44.06293024384513 26.309768445401176
54 63.28520895142472 29.983062481561007
55 30.074341381693245 -80.16052879290194
56 -7.006079124695859 -87.18550547460504
57 12.943033263582322 75.67915409922242
58 -45.53324205730236 -14.112705960545966
59 -28.495379560752482 63.30391327473001
60 34.94507565559584 8.793937203515384
61 86.87017088140792 -34.15144660545208
62 33.79530767677838 97.87679454909559
63 -68.61385486754261 45.90667428167421
64 4.544846903131045 -60.73718240848134
65 -6.497689363295336 5.979432183657821
66 -61.641345157856684 -58.44175350105616
67 -3.26761889985319 -93.89546188566828
68 32.78599341266289 -66.59027722289888
69 87.4938021408469 44.360028911467424
70 21.833203197602472 94.92712579035097
71 64.46458899763024 80.35147636813403
EOF
