DIMENSION :71
NODE_COORD_SECTION
1 47.70241159333028 -74.53162560190577
2 54.845374344044245 -66.81882934549895
3 12.670361715207278 -17.57682719356484
4 69.97504000820427 -89.12716001369316
5 -65.27474495472201 47.56855084336661
6 85.31601110371736 60.55695705143242
7 49.945232755176136 18.822660212443495
8 -10.566969964771118 -69.78220017136947
9 -36.42603418127555 -11.37109136008722
10 -41.535250038242324 14.397197834799599
11 78.18131560653359 -20.41300412518339
12 -99.71098152708436 -57.76159176112288
13 -81.8158057367389 80.03453499365335
14 -32.963661400987206 13.274242740603356
15 -7.396159847659163 -20.292576686416368
16 77.53463773001124 0.32576778845213994
17 -92.33768255165809 -73.1037295099705
18 -73.37971134766592 50.79219415865103
19 91.79756163426907 -18.944915600000158
20 -25.148362274479894 -39.22353538326473
21 -72.0970969659929 -81.3923278805748
22 10.01308966951207 70.90524664953921
23 -98.9264970572841 64.736103534302
24 50.899152645983946 -61.63401621450599
25 -35.13122421065471 70.22476155239173
26 24.21959277834162 -23.40218424942539
27 -94.923610224417 29.972536351147824
28 -12.931743211790021 22.237145285093902
29 37.18994189261062 -51.4252483206259
30 90.24980001848758 88.33278934251194
31 -87.7108764208727 -1.584513391437909
32 -18.139951211119865 -6.490323220038945
33 25.73758814894873 87.00007034445173
34 -64.13268310849492 -81.32595812104779
35 24.09040249100846 -47.20346527127217
36 57.043540050318256 36.01727536415632
37 -12.170545526984995 -57.35616594534212
38 61.44570556780198 -20.510459720068397
39 31.021857550686377 -11.176142357633225
40 -39.25045654952066 81.57832358834943
41 -96.27721365837272 -99.8168900341004
42 89.08902759833518 -11.858730291604644
43 -91.07907980446357 -90.77080318390689
44 -97.34310969949797 81.20655391452374
45 53.05113725152924 75.9161740613394
46 55.1727494948357 89.06821117353923
47 -62.42437709505337 38.87196321740106
48 6.427155246611676 -56.332082243217215
49 68.8612770612387 -73.88996919242973
50 56.461352180418714 -42.83135462668775
51 14.557657789241233 -10.193293867871816
52 14.544155984953974 -67.21010484993903
53 -33.09355206014865 -86.48559332520658
54 -90.04117189481484 99.38802515087681
55 -13.110112464885475 -44.77974901966786
56 30.714528185551757 -35.070518166400035
57 97.85220145003171 -64.051456098908
58 -63.35166002655272 -79.08135521628053
59 73.2046022119803 -38.85533997026718
60 -65.01445436358229 98.00612108343176
61 20.051098721197434 70.86695473294515
62 29.277297892873293 -27.582593405262386
63 99.04871486080535 -45.14763265374242
64 -43.26350654540381 -46.49415758729645
65 -59.457485309290824 39.81045805172789
66 14.344094619513243 44.64788479178887
67 -82.00779721912306 58.83967615351196
68 -59.300162609143484 62.86281933978947
69 21.93375833361455 46.648713752637406
70 -31.557263662507978 26.95295275235779
71 41.19602468897597 -30.695120956369465
EOF
