DIMENSION :71
NODE_COORD_SECTION
1 -22.74515331718257 53.2392965331363
2 -75.83763667261694 -72.37692083952199
3 -93.18917814226194 -66.33275420162923
4 30.27023559841203 0.875608261902471
5 74.72121784731706 90.58646932868106
6 -84.29503146225005 61.790981123007185
7 -11.034734922930895 68.41862522501566
8 -40.897146098131685 -89.64606080365955
9 25.485095429819722 -36.41684418981153
10 53.410951597034625 9.37436072149805
11 -26.85081340748671 39.5577222995403
12 -70.5013570265671 -3.291506376630821
13 90.9390335302661 16.883187048559705
14 6.851377091480643 71.6831775414343
15 -84.0850093268652 -10.391609141230362
16 -93.515336564183 -1.6684225169832416
17 73.99371295228141 34.70925346512814
18 -59.68227229424894 -26.286788952259755
19 -59.70370452386771 -72.69436050530217
20 -48.40205193129452 46.50499630342898
21 -28.19739750271222 -47.96147474008754
22 22.568655420780487 -60.78583303661329
23 92.27406290006192 9.759091936244118
24 -11.575475971953935 26.7779481621357
25 47.88356323205235 58.72044009205351
26 0.7002705979985251 54.97894329778458
27 -28.282231848323875 0.7516334251071584
28 -31.409978643751273 -55.98074989577173
29 96.29369668465671 25.432861085418807
30 -26.70382378614022 -84.23962150649665
31 35.45796101784154 -40.92036869437015
32 98.35823337206838 7.550134431779767
33 -79.48633881710577 -69.61714929933258
34 -51.98641361610792 -8.778350067165846
35 -79.85357743255388 60.8408475925103
36 35.993828380996604 2.7638490436660703
37 99.69772003717847 -84.34167237824724
38 18.761711108224844 6.326643782619243
39 -17.439863345576327 -90.42359657593546
40 20.045460575761666 -34.361673447674406
41 -35.05426762907592 -47.86312843033469
42 47.628661441190104 76.576495711306
43 -94.99461127471756 -61.82703170082693
44 -61.294441456082474 26.548178708357753
45 -41.74660648614938 41.8578910373287
46 -13.286846125494264 -10.501413796256529
47 63.47822173307941 -43.56853304960868
48 0.4030019992179632 -60.217741492243974
49 -3.2030418870873376 36.76440544740615
50 25.017263666285288 73.79422130011909
51 6.2374409618208375 -51.79146215388264
52 -84.21500355380553 65.17300627954032
53 -84.7913588824022 -97.27925833645061
54 -4.4435700905383015 -52.44874284742094
55 40.44652720333312 72.03698998069703
56 -48.75570470012622 18.243921966365065
57 -91.50095546676329 -92.28766771814583
58 -72.15697087290518 86.92791263697498
59 -25.459405043711996 69.13150535640469
60 64.14815516597565 55.281291979015975
61 -51.71724109453242 63.133896261544464
62 80.89970677710488 6.714032883629216
63 -86.02525832161837 -67.31411999022012
64 -20.074851528447482 -90.26347375158257
65 -5.036520021081699 -2.9277376626603058
66 41.95877004285674 94.17602561281876
67 58.00995605378961 -57.63201010850305
68 -78.8338479038137 46.36528601012756
69 78.5348148252227 88.49005169753406
70 -73.99617317821136 -12.408241529154736
71 95.19291491561967 17.918758060970646
EOF
