DIMENSION :71
NODE_COORD_SECTION
1 72.3963991549274 92.44871328909184
2 29.940556311814902 -41.22097176714974
3 83.76244290640031 66.82757445728555
4 -1.6267357811828589 -89.9662591986031
5 -14.558649260138608 -38.23500734101653
6 56.196319381494845 -61.64136821575581
7 -57.154748310114336 72.73772183435594
8 -55.92089645635314 -17.560199011816735
9 -75.70001109777581 -2.611316236006857
10 71.98485391097239 79.93718425735347
11 -96.27935490332693 53.2755244550022
12 6.626769874814315 -74.47397579394008
13 28.473546771125058 -82.35682796978344
14 52.788001648007366 -23.851640296835527
15 -97.78884388358455 69.91490754279766
16 79.56140870521202 67.47005223169774
17 30.3178037208649 -7.989350535729443
18 -43.958453101939845 20.57772171606949
19 54.70568260486178 -12.734906836461917
20 -44.27201205273577 64.23904546876804
21 65.0523023696127 -84.36743399123378
22 64.87545395307319 75.58901764596061
23 15.171874686683992 -88.97069290739847
24 87.25303614457991 50.89376440068142
25 96.06495280069566 46.078180548064466
26 -23.748867197164756 58.08256741934633
27 21.292011243372315 -59.81530810177542
28 -54.99854197734706 -5.972131297607675
29 -34.33172439860725 68.78738762894292
30 6.151899973464523 -27.90796651102238
31 -35.12128717895084 24.78965930226515
32 75.16471082473274 99.24872388351821
33 -68.5364043361757 7.594151677937617
34 34.482921291893746 -32.8741557246333
35 71.72665128347964 -29.175072453990296
36 0.6365749600961976 -22.394020742012316
37 -1.5306376530942885 -53.263282670591686
38 62.336867495885684 51.15946970283372
39 26.056557351529563 83.47450811503401
40 -35.167219940898136 -75.1258778241521
41 7.169912414306182 80.76093211643905
42 4.281565018114449 -62.8151594350254
43 24.70776235027023 -9.747119899905485
44 -34.38929642901947 -82.40468447418712
45 87.64084985726413 -41.27716029219015
46 88.32583561093779 -47.77684944467959
47 96.23554401254268 35.3845971765503
48 -23.054556768121998 -20.211278045933284
49 -60.0926216112899 39.0968605716418
50 86.21984737353105 -12.292740317608633
51 70.06946050611697 86.84260273219496
52 -93.9815090300829 24.232572634072397
53 50.69177114836174 -78.20419085396541
54 46.7461574369631 -79.8599801386974
55 30.889024489645067 47.45149365565044
56 83.37521867771144 -77.7747161293214
57 6.70625231048038 73.70892879673193
58 54.65772863574915 -19.065310752939197
59 -56.62713290812733 11.461923378583762
60 -66.19249376288943 5.731749733174254
61 -85.35245781082075 -85.83570652008608
62 -12.080796760526468 4.343751631360078
63 -17.522269791736903 58.00251432400009
64 -74.38232694722366 55.82124066045276
65 -11.950675858304251 -23.27825602089328
66 95.90760729454041 -67.6176463383838
67 -45.596558520152875 -77.18457881995795
68 -54.07995205028102 81.30294831608418
69 11.148844631382744 -86.29734451975577
70 71.22878802115534 5.652615109286586
71 43.400226739729334 39.681839155626164
EOF
