DIMENSION :71
NODE_COORD_SECTION
1 -73.68575519139817 60.141456414605386
2 64.18003217937965 67.70806033951212
3 -79.44931640608878 64.52498651106026
4 54.664935819158416 74.59051219454278
5 85.11090960008673 -17.056926582852384
6 4.221213509979464 23.158699818898867
7 -57.27458247352089 94.6003517223798
8 66.99739633916118 38.66252020988745
9 -57.63822831928358 56.340459059154284
10 -29.646111260239834 5.627972448315987
11 -87.21249142324233 -64.70048080881074
12 23.825701039012074 -59.024122307918645
13 11.449553538293316 60.04654924753936
14 -4.122170308387666 34.69067514899996
15 94.33543256439009 -11.809375314777682
16 -25.549287613077382 90.8823425531985
17 -66.54190798211795 -9.026464705504964
18 -6.105476400677915 -4.75152747906958
19 -9.167202501326827 -10.844190235999164
20 -41.257149516848045 59.35770835111197
21 -78.70898508379355 39.54305015305428
22 23.87765589230601 47.83968415042958
23 21.202861095257546 67.78853385779203
24 -99.01082146942473 -18.51920750097142
25 66.15616841953772 -29.352823800198863
26 -47.16415458174814 27.389047353847488
27 -12.133111946589821 69.64490060668504
28 9.66089159318014 -63.194505630450216
29 29.0719853264103 -11.833362174804904
30 -3.7760362077038536 -28.196395772657183
31 -15.11736424463183 -54.74478393859703
32 93.25748407923865 74.03213214044214
33 90.05210991131219 11.952328260313408
34 73.75919845295849 -28.17891386475482
35 43.8391534862416 59.802089479724174
36 52.383800605387506 -3.615606855886597
37 -22.37553807989505 -53.82351825358669
38 -34.70183123827803 -16.483021220320467
39 65.16418532611016 -72.62875187347173
40 58.21626504987299 -25.90193068492539
41 -48.65893103563419 -32.04025968610185
42 -98.06867523806334 94.87649644267512
43 32.500458670319034 -76.31862765900735
44 -22.485473276135437 0.4278901456430333
45 59.9348095722718 -84.81968250138748
46 77.4508887601041 -12.162203935064639
47 -42.19298707094767 -18.800801725122597
48 54.33473055224263 -42.42137376571817
49 -52.22057552457537 -97.62842170249189
50 15.348549973710163 -12.78740134226986
51 54.84191741741435 -79.45390229212407
52 -91.39924996945625 8.966795208340557
53 32.30900544446129 -56.38579360083307
54 -23.500751595414002 -62.109488540815995
55 88.68256427953568 -77.89756848219822
56 -38.31047124529137 -15.780813681038921
57 -74.94683124887867 11.329291402268524
58 42.68720006743618 1.733282406414773
59 98.93982734340631 91.71590260286612
60 49.186870780431974 -26.68557924902946
61 18.9442224073959 9.878511527836409
62 -38.86953155992503 -84.43470923439105
63 -55.677692977377525 -75.57985030048044
64 30.969880743055967 -3.726148137622488
65 14.552574492564347 -7.122280793623986
66 85.16032218186078 -98.33360924745256
67 -33.79308211092051 -79.93012505166152
68 58.772288196561846 64.80803878757061
69 7.906571019337989 3.130136338178133
70 -3.788350285800604 72.17355354669894
71 -81.12790881313883 54.798691517133335
EOF
