DIMENSION :71
NODE_COORD_SECTION
1 42.16325511033824 13.72243562411775
2 3.344211347022579 35.24146695006601
3 29.524321188342014 18.322301241945297
4 -19.224083691607774 -26.596502962566703
5 77.74747234177707 -32.96321635642401
6 91.46569954405365 -18.464765464722916
7 2.1704807480968213 40.982503328726295
8 -45.809760081175234 78.67626131994453
9 76.66691230198566 -12.480514215334452
10 -95.90854372968872 -40.67586357193817
11 92.08936418615428 -41.00810391225163
12 24.30212862322199 -36.74985430040347
13 -97.22785301947658 29.837381167305153
14 29.80638410054354 51.16471406545071
15 -37.65542299832219 26.568135560538167
16 -45.50674408146067 89.9739237067206
17 -80.1672796837896 26.415945288582932
18 27.713166123225946 -36.71736216807822
19 98.00393509814671 32.97252887273336
20 43.24867980347989 -34.03617035585822
21 8.135048674125201 -79.05451253377419
22 -78.5375222404862 16.027766815044316
23 -31.13828186101304 -42.81065205955845
24 44.48708276630836 22.688730269003017
25 -8.50701800826181 51.46011928263562
26 -95.32767650029189 86.4410417153536
27 -29.8484275346365 -32.119003564719776
28 48.10828586382064 75.12025966378337
29 72.32718834089638 36.89570790581763
30 17.8928000710157 -80.66060780950755
31 63.90641743024287 47.525321742991224
32 5.91433281731355 -98.64588018929976
33 -77.53038221536667 -28.96690552630558
34 7.272519750099477 73.32501351218272
35 93.62156967697766 -30.358701169529184
36 38.06028880461264 -65.89115152359228
37 -72.65065016344805 -22.26719815105669
38 25.082928278973824 18.12516848408852
39 -5.122657641026578 8.009346463670155
40 -94.80883240682358 -94.49173562823793
41 -68.7839955941678 31.367525341895913
42 82.25681219250203 -50.331143911910736
43 -25.422634878871648 6.792504181323665
44 81.42106463810998 -63.4461520198012
45 81.05703394665557 -3.6414154849620246
46 13.097192763147717 -60.69352550518203
47 -18.541131571439067 90.46478262102411
48 -86.68913640349429 12.693341035182243
49 16.865084145679532 89.72268182071227
50 -37.6871239607367 83.57887802051178
51 40.5312093557547 -57.54716039332013
52 7.324627436133824E-4 36.891750024582365
53 -94.08828446562016 20.535111912891907
54 54.53694409941846 -29.058066685711978
55 74.09885112919673 31.39732290607941
56 -20.346379686023013 -98.38893498535435
57 68.68371359302878 -89.78423708572127
58 -43.51563985849649 31.85294306545444
59 82.02507502675488 13.940072300733704
60 -42.63391439062381 71.10491940455049
61 -5.861733677917471 -52.455891386109556
62 91.9050366041044 -11.37488744957534
63 3.892665239077118 -7.056533257574898
64 59.70262679922149 15.43443186875595
65 -8.066770602835135 -17.6905639811568
66 -80.51148043262566 71.45632747106737
67 35.71780804335455 -39.951880330553436
68 51.00979701358591 87.61149037080506
69 -20.71128234971485 -88.49737504533303
70 -66.1233956417723 -82.96149665932111
71 23.873480167402448 1.4752484900944864
EOF
