DIMENSION :71
NODE_COORD_SECTION
1 -12.532042143443945 -78.77435688227712
2 0.12937483094479774 -58.067465264352116
3 -84.98048247913621 -32.286927065479006
4 40.638964473090624 -22.617021267320993
5 -43.78252767999109 58.61409610783724
6 -81.81267545051153 -84.70865719085312
7 31.530841735455198 -41.79888304787558
8 -56.472118569774786 85.50342010892791
9 54.579047626811104 63.68531114159805
10 -44.2745014531734 -51.292560619356856
11 24.328456707276573 -3.4988762084371388
12 82.83723862920675 -1.8592031223695642
13 61.015469110604215 24.818827999162323
14 -74.61236845088126 8.726640285914016
15 -57.386242125579166 36.26098383453285
16 33.22566655949362 -51.583117407175735
17 21.51487868203131 -20.78732004986263
18 -15.1728216298755 6.557378163520426
19 5.1929772719333585 21.779519498885634
20 -2.167083627466667 -34.6200429944639
21 -30.024064862304357 -60.63861578297134
22 0.5891906461514793 -56.73487398091861
23 -56.35321399705513 34.97399486947933
24 76.68442515230922 -27.79170364329812
25 40.450904090193546 20.864513578934037
26 -42.0483292527404 -63.0385297232464
27 61.18591701746183 -54.368701121192366
28 -13.866481567740905 99.61137138728446
29 81.40290676236864 37.97210713649943
30 89.38262484355442 -39.10595317828647
31 42.34907655751087 56.34910811466585
32 26.997400784354085 -31.66491384879548
33 -67.86646620786338 -16.72692530391815
34 44.269127257426476 -28.65638611285894
35 -1.3005896078410473 83.57319302602542
36 -50.95668745116748 -55.32273668822889
37 -28.462793227012014 57.93302117725659
38 72.57456294627227 -45.765496398292306
39 85.67570826448693 66.13720787704781
40 9.480969257706093 22.919606189215358
41 -0.661635963584132 -31.112454336165968
42 45.08037663783159 69.36470369932695
43 75.75470953158649 42.711144611686905
44 -26.882342649815257 38.58245797895515
45 -40.03215404920459 59.39741021008507
46 -17.131467284420438 -78.83818432248194
47 -76.91937661580005 -10.43526415548628
48 51.83212508487941 -33.59145778540598
49 69.23470078422517 89.3717507415131
50 18.700944340850697 34.87114239625711
51 4.718248978814785 -39.94792792316808
52 31.023607974258482 -93.01805321924594
53 -46.05038197726357 -68.13437169567538
54 -37.04787491703483 67.08214395308579
55 -26.314180700354555 17.223600634544482
56 80.6921857607453 15.888626446829022
57 64.65630108846341 -97.84188762555404
58 96.75134091554392 -70.50044792074537
59 8.923949612965856 0.9718980867095439
60 -1.193259775524453 79.32466387501563
61 71.62698783929625 85.81721087151445
62 64.99041303227119 54.865335699072205
63 97.3567919794834 21.117304665092234
64 84.61676895662995 90.05852384057425
65 4.278378640546194 82.15785199973789
66 -8.146403138213643 83.93778554549422
67 33.20179307849489 17.83980499306938
68 89.56427521452949 27.65355998918608
69 -55.8357734162555 29.49918040698597
70 -8.47441508304874 -97.56596286600532
71 69.68420896357966 -19.13666247849011
EOF
