DIMENSION :71
NODE_COORD_SECTION
1 -1.4986361902507639 59.44392952804429
2 32.53591391359555 -25.729609203532064
3 -3.1479822263920596 77.56321784544465
4 -29.59638480795948 54.83332861472897
5 91.19245155556655 -67.11624134329857
6 -39.14714495574587 -33.42856771086345
7 42.421299717783825 -43.13630522780496
8 2.5346737586593235 -35.00409197593197
9 -93.3587938480731 99.27717859444192
10 -34.75924226133007 88.77213237764315
11 -51.45264092980189 -3.878543260311787
12 -50.236177840385366 75.1918960410579
13 -37.523134195476835 53.731238442734735
14 40.248606738822986 63.03523110157195
15 -13.3524182962109 -17.275324149554947
16 57.70652097428601 -3.37817183493776
17 87.716460910622 -66.43073395665041
18 30.59363289138159 3.6411987601183
19 65.6392163696583 34.970000724520276
20 -13.171799622538359 9.38972367207225
21 -17.085605503437023 -83.05365140328529
22 -58.64945009962306 71.33183834466425
23 -42.353162784728006 -87.62154284190626
24 4.304634985328576 -29.558336574698842
25 76.46678806183016 73.96721991490503
26 -32.85283942708665 79.5704038380054
27 -18.80734524102614 -82.0331076565582
28 -62.53318321408861 44.12400120080213
29 62.226887265424864 -88.28716718062674
30 -11.977454776479263 -43.37555248850376
31 52.02605059533687 -41.11871674381851
32 -38.5134518672086 84.2674220319062
33 -46.41226379140948 -95.41808618001262
34 -70.39590070800594 17.377696523174578
35 61.74847045212894 -18.201930371802305
36 -56.04102545423544 -53.29681598914331
37 -60.81160462189128 -48.6463272127573
38 35.2596760536932 48.777176418481304
39 -5.609980419018612 49.499797839474525
40 -80.96160000332473 61.117704897372704
41 -24.600059683575637 -49.62203375567176
42 -52.11893279552267 62.8218237221069
43 41.09393831590248 -24.96863123242359
44 -86.2165043543923 41.151759937060206
45 -99.2525062689235 -65.70085191432386
46 -51.04490938970723 20.998881218503016
47 23.065249627661217 79.84307310998744
48 -0.6316763181736746 -38.349394278636126
49 -92.5754376176364 55.719875056235594
50 -47.421483486528345 84.0742659555271
51 82.9398265436406 92.32669678724173
52 89.81524998174399 -18.02880334580192
53 55.0558584460305 -34.78892453387397
54 -97.92690000435549 -8.856788980662046
55 54.7300833443351 53.15095891820798
56 60.906127005174426 44.25279544590501
57 -38.135023472314785 -26.925599371024916
58 66.85694949920858 21.847405387681505
59 -27.496361756128906 -56.19750207976504
60 11.927941341552568 25.557208274671765
61 58.40305387166882 36.263333225925294
62 -12.771484401468982 45.664886716085135
63 27.951066529106498 4.738675676102403
64 -57.09082529295431 -27.21510015754569
65 38.99471788586149 61.8692378109445
66 64.71939555015919 12.178945636770067
67 -63.00087982310538 -40.441544446381236
68 -29.996854180071892 99.27322939635332
69 -3.9423860719631563 68.57863941813258
70 45.6722601649586 86.23227407305893
71 -74.37442386256443 11.59761080876558
EOF
