DIMENSION :71
NODE_COORD_SECTION
1 6.89402181265875 -3.250288514611725
2 -3.856016660134827 88.84464663592937
3 16.042632161631005 59.550585200806836
4 -40.10653193880096 69.06855670490438
5 40.9451569302436 -34.98020856871804
6 -90.43997674899984 79.88662425059866
7 85.94918741498117 7.198646856321858
8 92.77778308417993 25.350569197442667
9 -30.042072439432886 45.43097487876949
10 22.334561200663657 -87.59466407422379
11 -99.91785219216973 -25.65425776394703
12 -32.55563053268429 -20.326481560078903
13 69.56679044606744 85.74285497367106
14 -33.18040367823913 22.332916995980952
15 44.036392121277316 -99.85309238725686
16 -93.0184091670279 -22.722029296486994
17 4.205076194901864 76.45793917033436
18 -71.02511711469033 -95.95520630040669
19 98.54845850939395 -29.95785844740226
20 -72.37307959441009 -0.48145346706647274
21 26.03629750867485 -97.23037249374255
22 -10.278258835094988 18.231131847715005
23 -83.12364309690794 32.92042723478997
24 80.93249688434486 35.095972243860274
25 8.321491780793949 68.54385986300821
26 -63.91555340516308 83.71602887988087
27 -77.05649632276385 -45.22939871032341
28 -66.70358113415895 30.93997047636651
29 -51.621124635152206 83.74074425116441
30 -60.22451784190006 -92.86930403449627
31 -9.596875201736069 -74.77472870261519
32 -94.48399349880697 1.6493202822779978
33 25.29198622955991 56.6823507520721
34 -49.11912289928666 -45.65308072175866
35 -87.22074612254924 -16.595952581633355
36 45.01927769830186 26.3952749182766
37 -52.47734660552694 82.57294590124368
38 -95.69812630477725 -82.42298717050483
39 -75.15930928140868 79.4623692737365
40 53.43091374727999 -87.80541413372407
41 -24.415022686500777 69.67792516188257
42 86.60925094804645 -17.953488244904364
43 -14.635910001398543 38.252096689440265
44 42.12893038739216 -47.54152824538043
45 54.93660744642489 94.56770486231144
46 60.96642925436407 -53.854105562695054
47 -18.55751840517938 41.5002214179936
48 -61.55166335595219 59.72363616036381
49 -55.7564496406606 27.832761210332976
50 -2.222289772815202 -1.0324519164782657
51 64.49543541088516 94.91186994195397
52 -84.81200105567251 1.4717191597952706
53 74.17476628186944 21.676147793757636
54 -91.2821363788563 9.134228890915779
55 -21.862862057717876 -3.3961453649155686
56 66.07699134946344 -82.0566314361685
57 -78.11721104769664 -99.2102984681305
58 -68.20070810197424 28.825292513137555
59 88.05862770612455 -26.72490909313116
60 -0.14332227503683725 -49.14683181604032
61 -63.67335395000167 -52.07983135071559
62 65.13306333071989 -33.09309129457188
63 74.08047316753553 0.520022867395781
64 75.63473963157003 61.911711883373385
65 99.59331057580559 25.531539613125886
66 -2.959972198673995 35.07256119624827
67 94.53204640986621 73.69141239117397
68 52.167435990885764 -29.93892881022471
69 59.37393216770016 24.96983503578585
70 -69.83170424069576 20.900003448384624
71 83.11377005845023 -54.281337570897634
EOF
