DIMENSION :72
NODE_COORD_SECTION
1 -3.399111159336911 -0.18876193596078394
2 -27.94853071130059 33.52447608896699
3 -87.60080639277099 -33.73438907166036
4 95.49323416744878 94.04032337550831
5 4.999780305296795 74.88329932002227
6 -57.75876421832644 -57.46113999805411
7 6.528771768742487 48.49817160206473
8 -10.440503033058746 -19.892857693107686
9 41.929083631580994 60.06175634900947
10 -19.016154336881016 9.31439664204919
11 32.57997878089043 66.26428655573272
12 13.933204981692128 5.762303203599657
13 65.35642836275238 38.21327825522596
14 85.6470017304388 -71.17762921969808
15 -4.823635548642528 37.34472363548474
16 -16.046128228493558 -92.27636378479198
17 -43.689538622741786 -56.46907039378248
18 82.22833217163347 88.56821414917681
19 46.20570547023294 -67.61172123717293
20 -48.0063370095843 -91.48400557179757
21 15.300533751882497 -79.92297846729109
22 -58.0191847221355 -24.705863881266495
23 -52.71416073941664 -53.57544420018681
24 -10.945248682796603 73.3508684822421
25 46.49279427767874 50.99240782146515
26 -75.72890873778397 92.38727325408959
27 -37.43500865000726 11.746416343962167
28 16.42766258975759 79.66471231506989
29 -22.70117221149009 -37.721399935035585
30 55.82692023012535 -45.6002799166322
31 54.51285698492234 -18.93174962816768
32 -77.43307081433719 90.7221728644997
33 11.033173902381208 55.05883229770549
34 -93.46991814520248 -24.913425327561285
35 -94.64139691263331 -40.13356900828231
36 50.34027504930191 74.69053353003306
37 -39.7040656291761 -29.77559701064149
38 71.91091768854582 -84.63169081846084
39 -63.16788166911695 -83.19189130526561
40 -10.19241566711328 -39.40838958386059
41 58.73672864059435 -60.627481298102694
42 22.500789311631934 7.623737580884878
43 -49.135243588374244 -48.82533186837106
44 61.68590040343014 72.53730536150704
45 -1.1437658648478788 -74.05809381383827
46 30.198684541985983 -77.28023595951271
47 63.905752769966455 46.186034097014385
48 -73.343276425644 -66.34487220801086
49 -6.49840082761213 -89.54760810698639
50 -68.19174466180698 -3.8157934769650836
51 57.5106596761118 -12.867890484769063
52 5.67183196201708 -18.89009718740313
53 -91.28806030590926 -76.24524409232964
54 -60.098511673311975 -20.07203298809995
55 -82.14201857458426 -26.78237401314729
56 46.41388339500517 -16.372077558032274
57 -34.42983548974139 82.1971233573729
58 -38.83469202317742 35.92270730256487
59 -13.14971845889174 -97.97342504890425
60 21.068071950355517 2.9297737959380896
61 -41.28254800755013 -71.38596212168524
62 -67.61266131328019 -61.75959241222835
63 -2.5439772937083944 -44.48744484255431
64 -9.438955109535229 -9.521882485074443
65 -10.813497780125772 33.04459493093063
66 -65.7629352911799 99.86094441294938
67 -84.05162294974429 -33.57877314649838
68 20.42338784749657 -39.05332442627547
69 -40.790039471888505 57.08583170353475
70 92.99865143093643 90.65399817699654
71 -36.30274888031406 94.05116218875528
72 83.4318497564222 -66.18337422750218
EOF
