DIMENSION :72
NODE_COORD_SECTION
1 43.161390187787276 1.311225713377695
2 -85.24431582597363 -86.57432932020039
3 45.72051054403693 5.4662264016210855
4 -65.11954892597217 -62.460461480195285
5 83.0618855436361 48.62593372357185
6 59.193057209468094 -74.57481705179838
7 -54.30808634422415 66.7650273729613
8 -97.57969232158872 -78.82452476027677
9 -38.78345541054813 -90.50521749842922
10 -26.492113315393468 -0.6977590334093833
11 -79.77280257387207 -86.39203534942608
12 -39.68508563404458 63.23432859430517
13 61.20564554305665 -38.01305951927958
14 -92.77061994067101 77.94907126868969
15 20.777056998573286 -4.418714351638428
16 22.990834708049718 4.9315986409549595
17 87.86726658516739 29.950258008030005
18 -46.14175163398193 82.07076411262105
19 -86.20336532867614 42.90453164448712
20 -63.6373732489095 -3.235684034414831
21 25.069543448898244 46.07071300014695
22 -95.76471779305784 -62.579902427898595
23 61.59518663967319 30.741181911786242
24 -34.29539661213954 76.70413674565361
25 20.301752567156385 87.16083095227899
26 90.2053131116144 -60.69954356495795
27 -77.41729834752186 36.441441258506075
28 -52.35389620681079 -62.38837273469036
29 43.74053228131757 -14.416628592514598
30 28.732877414119258 -79.25696610488814
31 -56.43026918549248 -81.37661104648568
32 41.44654279247507 75.27797392445336
33 19.447430189871653 -29.28349182629178
34 -73.37426037707726 -59.235343241276375
35 -33.223293607155796 -3.001253501798473
36 64.70653259879646 58.50042407390973
37 -23.645971954336304 44.366781984920095
38 -43.97737626439569 59.112358078008214
39 -75.79100753220152 -38.150429863927826
40 48.67123798894809 12.597632623759793
41 16.690961920522966 44.03603650248226
42 60.80131692160717 13.90106624444391
43 -57.94611580824191 92.06200784307333
44 98.28232342912443 57.771203365754275
45 -50.48300483140973 -2.0513821567944603
46 -95.93654322745849 68.5505925682337
47 27.755838729568012 -89.37650625511755
48 92.13463384907521 93.71969085393442
49 87.00445743678736 25.745079822646375
50 16.852215716970022 -55.57182240037923
51 -37.57379916253463 56.48953609547982
52 7.4939422434818255 -28.088727191768513
53 -48.86270780964244 88.74864380769225
54 58.259153566074616 5.602881035248103
55 71.24360333615002 1.7263868266091293
56 -94.4680360860918 -53.07860982239183
57 88.47792914437395 -56.28934612314778
58 -52.92351692042783 -87.88200053017042
59 -5.498612608597213 92.83587546232124
60 61.9349422178679 -51.75845752422863
61 40.65927324297584 -96.05871636711227
62 75.15097630491076 8.187825148445256
63 31.95822136771571 45.168556827405496
64 -21.958043535469557 63.96555787776168
65 -31.74196895242156 61.73177559933478
66 62.59580575294643 -38.27501190574356
67 83.14820207358588 69.33155518168434
68 57.669320898600574 77.75953314102935
69 75.70563488337768 75.97439354963004
70 -34.98346822814551 21.60455916638668
71 56.30666335753634 58.49724377816176
72 -15.22274925613219 -49.47826845313632
EOF
