DIMENSION :72
NODE_COORD_SECTION
1 -69.65824708869101 12.448676204940739
2 -76.97389008553203 -87.8559252292598
3 -6.222537996006622 -72.83077197785339
4 27.681847174320666 66.12205959511758
5 35.296001794136146 48.60783695968189
6 18.973740812628108 77.19285056513604
7 -99.11480535708306 -85.51338441970928
8 62.285812278434946 -65.3208018991121
9 -50.4714193744612 -60.548658956055505
10 -22.744383444663583 -49.317561158716195
11 -58.3689787774043 -43.15550635364962
12 50.486994394356685 -72.94712468188786
13 2.5765049530854185 -12.263948407074537
14 90.10946707735718 43.70053023540274
15 -41.627534516058475 20.543318931454195
16 -99.90432528222118 2.0658328302769036
17 72.56154951512866 -31.639874931613846
18 -49.90020125553647 31.9839170620007
19 -72.94175116002725 -13.84515344745094
20 95.68143181003853 -24.159783979544542
21 84.29452882791662 -23.714266304266076
22 -35.86898409027373 0.829108738091449
23 44.034945144610134 -11.678934480882177
24 62.71442820345146 -41.70853017284164
25 65.4484540876779 -72.0592249868295
26 -10.994070586980385 8.521014540800948
27 63.50066495477526 -70.26476921530234
28 -72.9197814051277 60.09338455734911
29 8.45674478061575 -79.99416916199388
30 98.68591255933 34.685965130423114
31 58.26190632800453 98.21132308616833
32 5.124328614668158 -38.479391735302215
33 35.792808249256154 99.49262677936852
34 -56.59100732139668 29.975261569541487
35 26.449906638177765 65.74810462606607
36 9.382901587065206 -15.425146460762988
37 16.28722670284573 -50.97971708538758
38 10.822086648652515 33.48558138480621
39 16.85271440796143 98.49406158775744
40 5.155607134759222 -40.19897866082154
41 30.138774023160977 -58.804490098889886
42 -50.71634194695178 -25.67758598929548
43 95.51923368417877 -43.48053140604626
44 3.077080731544072 29.199551667440005
45 -69.72445791343978 -33.99689180404522
46 -36.50698223344093 23.712853671799166
47 -73.70851471331947 12.301855667587745
48 -77.15682402730053 -23.35883439088657
49 97.72240938445228 -14.887058953465711
50 -57.39744690935484 14.073911611959431
51 -12.078658072722305 66.83106959216593
52 -86.75178328949407 -72.809642293745
53 -61.3688936689605 17.009671869281433
54 30.969102761223155 91.44269509856869
55 -99.57201102011001 92.24025046375303
56 63.6895621170666 -93.25620426435239
57 -79.37086760774916 6.851518635945581
58 1.700752520393209 17.674592758491997
59 -16.647633591644876 -20.13109509911078
60 -7.704305826454544 3.38989894906625
61 -3.8562280258579875 -15.035760111231198
62 43.15528198539178 -11.184155033774672
63 18.56480936038278 22.664380313319924
64 45.834094454402305 -78.10410659727324
65 -89.64255516683117 -32.12336072341728
66 18.546530055879344 86.05662841019785
67 40.28218912769714 -89.17204701172369
68 96.55515099817225 -27.271469501169364
69 -58.54932778071851 -94.19620123713908
70 -91.18507997635945 -74.32902753711255
71 24.950752609342672 69.61181502367734
72 -28.871645317210778 -12.985228163765612
EOF
