DIMENSION :72
NODE_COORD_SECTION
1 72.10444511007572 -78.66239941416492
2 -47.84697443191534 -72.31771504776255
3 -84.2608158451962 -87.20259252394274
4 41.135808306025666 89.94224542792026
5 -58.10123335141741 -79.36511060212798
6 86.00750510062193 36.442344601521
7 38.00978774737831 60.621167288626594
8 46.50594230385988 -46.84114548417413
9 38.447348096183475 9.685363805210656
10 21.120035904683604 -65.19021339182207
11 -29.187131751918713 23.728266866562592
12 -91.86677999567755 -46.889923846906754
13 43.4573140989107 -25.411643821567267
14 -92.56069447698782 83.57412346929519
15 61.82928659759128 5.116292386369395
16 81.66719738609967 -9.689632121853592
17 -6.546240776772223 85.10338018192033
18 93.00231737705585 42.6664468018341
19 14.824073998032247 65.84837115577227
20 11.194303606336092 -56.752286899003444
21 -31.783917911869963 -22.563922907077853
22 -51.40796521464392 -16.25416813530431
23 -67.589847060688 90.34039026110193
24 19.648606901266135 13.178312336500227
25 -31.46686667952592 71.75325437900509
26 -54.80957457067122 -97.44616441566099
27 40.70899840492811 7.080336459527345
28 -74.15380395448064 -79.35759403853686
29 30.933489836922718 -71.6669059354085
30 -5.616854059599291 -2.5567537328113303
31 68.56455809362112 -6.313991927163215
32 -76.70072265432549 -54.89241923355015
33 77.04706141258879 -3.743074933041271
34 -88.12782144690652 -69.51254745661863
35 -96.03336797097668 45.207347404292136
36 -94.03365581133254 49.14572556358624
37 45.25430180662917 58.548716008555544
38 -85.74742245837015 -62.42338494293811
39 0.33995439776094827 -65.42030639091146
40 76.09462193864044 -21.450016349132923
41 -97.72074426315336 -72.33140821107153
42 -90.79033132290672 3.9068966890694554
43 55.35529570733124 44.13410470216451
44 -80.6889456942458 79.7978212006559
45 -17.617275595636485 -4.733417422822967
46 -10.70711524531049 -28.730992157085893
47 -65.08126577310318 -2.928881330648636
48 82.11805633229201 26.266626428114506
49 -48.18823851108469 90.10289211695385
50 -10.577486627084483 93.54233301069792
51 64.99543715406085 67.80408597433086
52 -63.049674548448166 94.607924334579
53 -53.83824003591353 -51.95907172240097
54 18.28561004964253 6.800869817905692
55 -36.07585631586752 0.07842703611200363
56 69.94892533404246 82.68657568801976
57 78.30742360942321 48.0193156881991
58 -76.22266651459117 -69.56278750895042
59 37.87864125111449 -88.22699491597578
60 -23.391097315959158 10.491141893150058
61 -35.441213288802615 17.909170641063838
62 -97.35608715443877 -34.289119017449664
63 12.132437547735137 15.289856206229956
64 -99.54329912514052 -4.5782766814403715
65 -33.301380957876006 64.1628864136168
66 -85.5164558953231 8.12719640440018
67 20.782930024569083 -67.56141826230589
68 -0.08640368679053267 -56.63854279621334
69 97.55741090424507 -70.83932209724564
70 10.26144469641315 40.05299953464245
71 27.591285906382495 32.721592649549535
72 78.50141993089207 -53.06203665780531
EOF
