DIMENSION :72
NODE_COORD_SECTION
1 46.80677350431753 29.957020701582934
2 -24.65209789990992 78.67688689534216
3 -9.518201534345167 -42.41479391439806
4 -16.777296833511258 94.4268556369475
5 44.0974137388518 27.66722105654165
6 94.10264601401806 -30.041965331362874
7 42.68229861325614 -26.62097334245827
8 -78.0907583923914 73.56393628547002
9 91.34825116559892 92.73476973073915
10 77.06232619711858 28.68728246866391
11 -85.6190837605874 62.93293212536568
12 -13.52341149163965 92.17200436860392
13 84.22346994273065 69.33814402385727
14 17.587387801622768 -29.46964552673505
15 -39.09870023311684 59.77370887978074
16 -44.58905847777992 72.88855618010115
17 -20.33762735706874 -6.411078231497598
18 -45.504374296235575 -51.311647386938496
19 -86.91551319752466 45.0044255017618
20 41.722611784816735 -61.11410767606633
21 -96.3727775631056 41.527731358852265
22 81.26567000747292 81.30349670032672
23 13.582881573323832 -29.229659945006418
24 29.62148750556713 53.95387028176478
25 -28.392585183882673 -27.21330815168143
26 -93.52652772438172 14.570410633809573
27 -91.51129758519178 50.09446277941586
28 -13.74647808177805 0.2413237781085087
29 -30.46371013173726 -26.175363286236504
30 75.61786675988029 87.95926634470618
31 -33.04682506687797 -58.01103913242043
32 -16.345489031213617 -14.937547959794514
33 92.77675083203684 54.641314300969526
34 14.491606490685442 -82.04303919665105
35 -48.54731835454553 10.748741762189496
36 -83.9226178391459 18.174375506340894
37 -9.168013466191653 2.876848118088631
38 4.254021513972916 66.73261241983622
39 11.358124349287309 -11.666632616130258
40 -52.15068194865262 50.932144688355265
41 15.437575191626735 -50.797274012308065
42 -51.63840368177808 -87.86634502381514
43 22.463788999922784 18.743625296715223
44 -23.08514613968518 -81.27256102479043
45 19.691137548761375 47.910495425901416
46 -58.48728046325462 85.41870068428733
47 -54.868109628409535 -86.70102074387715
48 -50.778675158155906 -21.88280411024448
49 -94.12411910258702 26.604501314450403
50 0.7628269727604646 93.13350862178459
51 -76.29086156468661 95.72212232845348
52 -90.8972194720006 -19.951534299899222
53 -30.36579953539625 8.904874526592607
54 -31.03378661601704 -10.463756448818827
55 99.87149329806832 -34.063051095666225
56 -79.18124807634646 -29.414347078433934
57 -61.8523277296841 64.06700773492665
58 50.700759406229565 15.978330081875143
59 -37.44659853741141 61.48612260154934
60 46.40399025424085 60.54650070538463
61 49.97959945953738 -12.57621482341564
62 90.83179987894349 -26.35291430968634
63 -92.88224971219793 45.47453402759638
64 14.98554993325547 -44.54700693881368
65 -25.763561232296368 65.55683985675304
66 -44.12857087404072 -53.92354009031168
67 -73.57718298202467 -0.05510456669858854
68 68.72336564395988 -12.7965570074348
69 16.70431233456158 30.103040890986534
70 28.289441142216106 37.83204383287108
71 6.442409027421377 -46.408309768346825
72 -79.4693857542583 38.87203835032125
EOF
