DIMENSION :72
NODE_COORD_SECTION
1 -11.88573950731626 -99.14192113350775
2 91.78334915294121 17.417646350175133
3 -74.58129229365625 77.95342401836643
4 76.90107373378672 40.31153478848435
5 -53.18228332710715 -71.29860292639489
6 98.00216322765391 -80.76444927137615
7 40.67921850834017 7.223465355288596
8 35.66402709029498 -17.685287188471534
9 59.95750549377689 83.66627655146786
10 80.29270661537481 -61.88315110465075
11 84.19444097278713 -35.07250232210272
12 -45.98085684270436 -83.34366328824586
13 81.97024278384077 13.464619110736336
14 -76.41241605297316 -95.48346770750365
15 99.66441344017196 82.67416317289022
16 -26.446222549291207 5.5667032466959085
17 59.613966742395206 96.11804599120211
18 31.962183014823438 -41.836605308584396
19 89.23273891481185 37.91266489053143
20 -55.22713497604626 70.39016363537115
21 -77.61803128867729 92.88547678150266
22 -19.339516839434822 -3.1963310806306424
23 -84.74092169269629 77.6428772709803
24 14.409154068348528 -26.681724086635157
25 1.2980176077001175 -62.5177624300387
26 -15.02126445698974 51.27522274727173
27 73.05113463680505 -50.87999926788886
28 -46.5805621580456 -72.59337922059277
29 23.749157900329635 -34.50311238403303
30 96.16336075652458 -46.68144294168381
31 7.212326330119879 -33.53985332391093
32 60.823115870438215 26.28155422815051
33 -17.987642874280567 -62.0879053527235
34 84.47918352062464 -87.46909917364825
35 94.26146770891123 92.05302544030602
36 -71.460738863492 -65.05682303062746
37 -76.86875607867327 62.63573168137165
38 19.604413987611878 68.8696028104942
39 64.18066225259523 -38.31197926806915
40 2.378463106733946 -66.92927610714372
41 -42.2007769975828 67.94846438149358
42 8.508449194312107 -62.88891083714043
43 83.54764775208389 32.29990800829569
44 -75.65425002782042 -47.76333897024645
45 35.90514696559265 31.774152347214226
46 0.9689116556991024 -90.32835204933261
47 -27.091098240056027 81.240427326683
48 91.41075415341157 98.4357007202625
49 86.39787157847624 -79.3208171515605
50 22.884050780480308 34.19625465530413
51 81.04968833761032 -64.01801250275491
52 -84.09858002403554 1.3350418099370245
53 -30.87411513058038 42.507109576535925
54 47.53682426864364 -67.67823925564483
55 -11.18266188605672 -36.84022386238694
56 -77.32248259539179 -18.34798570798155
57 -63.6917035564134 66.55477303600384
58 -35.033117971408785 -23.979395755100285
59 65.1540067307624 95.85847348677353
60 68.24016984541234 78.06544564892127
61 -48.70657944735508 -84.80382766762278
62 -40.3932913209019 87.93134206233498
63 -52.004860385347214 28.049843086653425
64 -83.06631774430409 25.06694768177246
65 62.261202091517475 80.86036183732014
66 56.33819336732125 -17.917707386873644
67 72.68994030474002 55.087464244216335
68 -40.60412391925914 -76.84159021130236
69 78.52574736163118 -27.730430529089233
70 45.12582187333635 -88.58556198597782
71 20.60001216120169 89.16484809007298
72 8.413257490493734 -7.19807122680794
EOF
