DIMENSION :72
NODE_COORD_SECTION
1 5.337789965434453 78.1551943465231
2 90.68442888811785 -34.04047193572852
3 20.608623165845486 -0.8809867402828075
4 85.26634769582137 -54.14141046032586
5 66.64657657190983 62.828336178786
6 53.811192096267405 71.54180757450794
7 72.57921055336894 -77.19994158769383
8 -59.28244613325164 -70.40875698857703
9 54.40627344113915 40.34757660553274
10 70.77121470186722 -74.43787293205403
11 -61.90285837780476 -73.34327730925729
12 69.05164937146225 -77.68674824667565
13 97.59087435622442 0.5227672845730496
14 -82.46618645029741 -28.71582437740348
15 -3.940383844755374 42.73603054995175
16 80.20286398103988 30.695082996222453
17 -23.977612180773548 -63.1073353482994
18 -48.64902816192009 -35.94082602982587
19 82.3730737764457 -73.55363794772533
20 85.826975679583 43.06155398514301
21 22.112839534578654 -10.894351997672828
22 -44.63873060698644 40.772628126117695
23 -34.44617965192151 -67.77938517486407
24 -58.3103515446213 -5.67191496732022
25 75.98757355845478 46.59193141398862
26 -74.94827606296548 40.62163659270931
27 18.288106957458723 21.174029662018484
28 -44.259204384875474 -15.779347800810356
29 41.64620187038034 -82.56646669506122
30 -93.26623336469486 43.6290478993256
31 -42.39203904216713 -70.33712759108124
32 97.03126976246799 -59.81432584851649
33 41.8173680940356 16.338271149337146
34 48.18964449212285 -56.69935322037476
35 -23.661017153322376 77.65026983163864
36 -9.371952783280577 66.39608637815095
37 19.163625949707992 -24.376024891211927
38 71.64549225200611 -80.16830891831925
39 38.476353311977704 -54.21459746310153
40 33.68421248333706 -29.740122453659154
41 81.49265031940644 33.11921939317634
42 29.22728442205937 -69.73102973972185
43 -38.854686596492805 -99.89766970911393
44 17.81998356773255 -92.16271395616025
45 -61.36894382487918 -99.11318273537904
46 51.05598904596414 -17.965252219472163
47 -44.197600587408644 93.24471390298709
48 92.97101370853835 39.57297768486981
49 28.617077523910268 68.67632038296333
50 46.1380876526936 6.218688246552091
51 -48.66640144017389 -78.8773580369135
52 -42.13977626706953 37.7493594100805
53 -19.131688415154173 -53.98824798466582
54 -33.792212519353654 -2.9558162615428216
55 71.70577114922582 -36.09215104807235
56 12.249443823515065 37.067402113220226
57 -86.01915557351612 96.82085802158306
58 92.67713659389597 -66.08483025945736
59 90.82751571908892 -9.726444635338922
60 56.127060784844105 -30.23890386747638
61 -84.1840620520774 70.51211258869549
62 56.85027709416883 52.44981981198157
63 -62.724217385083094 53.78520593625663
64 -29.012031029422076 -23.348127693834897
65 -96.4693861963732 -16.594268666457253
66 -46.441847156508146 80.90726451722082
67 -28.45555619288504 -39.65168276259892
68 68.36203735063725 35.549232829220585
69 -88.79170819666837 54.42492129650881
70 -41.63016909480024 -91.58634030765798
71 8.471078185209691 35.61970029874257
72 40.74740429040767 -1.5962167495437711
EOF
