DIMENSION :72
NODE_COORD_SECTION
1 79.08756069992035 11.673638717798013
2 9.65636149523688 -62.86240617531467
3 65.21247487174895 90.4668771317429
4 67.9628829781148 -67.80433251880154
5 22.571808894927116 -3.2618698987153465
6 24.834285225109355 19.61081455788147
7 80.82569193166549 -23.224110372781382
8 -28.11260218513725 71.02028069858011
9 -86.02824531398568 -20.334294353110252
10 -92.33611605315745 -50.17373071130895
11 -53.89984609421712 81.93222913423148
12 -3.885250079318169 59.985475898498834
13 62.99366445746176 -10.707541350466116
14 -73.44929258857762 -98.8512602731324
15 46.83969889240248 31.664059300112456
16 -1.7178216291676875 -78.21704998897764
17 -66.45237429732268 -98.63843090921173
18 1.0243889980269927 86.32126572795698
19 55.64141412466549 49.45243554812865
20 91.24463879247503 28.051929859512654
21 78.42408372008339 -48.46611802500642
22 74.98020885007764 46.369900900864195
23 63.087077418787516 -18.2693765051239
24 -0.7429106849494502 -74.8203449622778
25 97.66424498478813 -7.497454532827817
26 -72.90881592801219 -1.3484655222120665
27 -74.79342473696067 87.89055830999322
28 25.15530560603129 71.19810961081436
29 68.28057923315788 99.11782212622145
30 28.546693202456765 -89.54894018071933
31 -0.13045514172000594 -75.99734594835626
32 -36.30850217890895 75.18316417630444
33 -57.01633503660668 -24.571514704842357
34 -91.72588023763002 14.53405444319229
35 94.76147028451314 99.15527408417131
36 -53.81904464092126 80.56240083456916
37 65.57161485957351 67.54590351108521
38 -64.20042277255051 -66.93866609335859
39 99.6005561001943 -66.67995074036804
40 51.61597883979624 -16.26208775497571
41 0.6383899172640213 -63.762821196938816
42 81.90409144523954 26.271531018727416
43 25.251478908657916 95.64934751902692
44 -30.596673314917 29.430256420534704
45 -74.74282827707202 93.1535058155223
46 67.23142056574463 32.33801949976001
47 22.39247579895867 -47.88787817192339
48 48.881499796199904 -25.8501192121021
49 80.29510315535194 -45.39996135070883
50 -40.99620835224336 -85.19362620214581
51 2.3918091007349034 1.3743670876686735
52 -79.22601110999625 59.20222249893993
53 29.015616135157273 16.753544116537242
54 -73.9982019148179 84.01867374785502
55 -66.9500036750686 27.830479989046324
56 -74.26513091833479 84.63274934623252
57 -79.37537162159643 6.234010582535561
58 -88.03529129680018 8.930865154949515
59 -68.13597198572853 50.69173308236009
60 35.142906509556695 -74.4817906372689
61 6.416793507682982 9.936546224895793
62 37.567431178443144 85.72943879432995
63 -70.5302268694312 -1.961871283556917
64 -0.6995710302711018 82.01028640411752
65 -93.82184646806199 38.02976121507831
66 -8.869614896613243 79.65365828077611
67 -74.08113526177324 84.7398932922649
68 -91.80673308336668 -95.46200315162771
69 -27.49864728357258 -75.97307556049755
70 -81.78144135843068 -93.57036642780885
71 -87.55365839306268 -76.84517168590766
72 -0.03202641585791355 -14.425018502007461
EOF
