DIMENSION :72
NODE_COORD_SECTION
1 -87.1514118345486 40.305321370129576
2 88.77235910544789 81.72315750629332
3 18.52137299642895 -96.0194698505013
4 -86.13135762446235 93.2770496705391
5 61.65596696365759 -14.870707216873583
6 -29.988441471916545 96.44888788120304
7 77.95155020762593 69.41150525319756
8 31.444072974350348 31.84984511160556
9 -60.26377846421455 51.93617907768186
10 -42.96542325103565 53.93130174915598
11 -50.03408849756956 31.806263518040225
12 39.727435816358394 -95.74518952859049
13 -5.807659038590884 -5.702822981566499
14 -0.18222061480655327 76.24404299609932
15 -8.014294360904884 -60.218418343485425
16 -43.006933276678 -6.480479441536332
17 -53.47578887253539 -72.69798138810712
18 -61.06429877792117 -76.66893695693153
19 29.53913318597239 -59.26787812133505
20 -11.617598529435398 -22.733131597856996
21 58.53078006968801 -43.2439401311671
22 -84.11237599819445 -86.6677267869461
23 24.147121853610003 96.4350612483615
24 12.139989637655702 -53.344754039516616
25 7.843525425901788 75.91892124267949
26 -18.46794475842171 0.4897801938919457
27 93.41858766440319 -63.100715434298095
28 -12.214473002761352 -15.147614567627144
29 -79.25245604488478 33.690866053084704
30 12.785387988330712 -22.959079105056986
31 -43.98858712066777 81.36548838979209
32 -78.62183115976522 -3.55084466953231
33 -40.053520486663686 -71.8468215452774
34 97.74094765635004 15.504376325257184
35 -75.88461871293077 5.363422371690248
36 73.02939930164283 -70.78043550702887
37 -85.0724516546996 -70.63118780289565
38 -0.6352926549710389 17.765600162500903
39 16.11336286974337 82.73247991119393
40 -58.17934498982768 -20.366843568102567
41 92.58292725684456 -14.650489359307016
42 -42.076076023307095 87.36780736767332
43 12.076948217513106 81.51194626364094
44 13.282015378832597 23.5261708755977
45 55.74371435330181 15.095709508249499
46 -57.69508146281357 91.41478682709271
47 -75.24718274434557 -57.3928943204085
48 -95.41185257109663 -36.66242705321683
49 7.282753240617268 -57.38455779180012
50 -89.62372488909168 -71.50822705413162
51 8.696088849913153 -79.86250962841214
52 -7.372181045475386 -66.68368359699025
53 67.44256166699918 -24.17151380673471
54 88.55369838425642 -30.989361315777387
55 80.20686283814021 12.373495242600654
56 60.10317835114455 -45.893964741825144
57 -57.955411553417946 -15.737989575719524
58 -69.27721804256987 -15.614338647844733
59 -29.27373189081615 62.16764266047454
60 -55.18494021923293 78.11343931490711
61 -70.76392906464737 79.44400263557691
62 66.67592862866778 -68.55391359908756
63 -13.651791094452221 -44.2132981585271
64 27.29058501292718 -82.9333727020903
65 62.4307690548803 -48.09932760313631
66 0.2197122437697061 8.49177181919076
67 96.10311552020843 -0.9490573431147453
68 41.909313163755314 93.16960950941501
69 37.099754256787605 -31.335889841901903
70 -32.8911567011703 49.39815178358319
71 21.66986921235916 -0.3132015387444511
72 -53.31584248200512 5.259276048553232
EOF
