DIMENSION :72
NODE_COORD_SECTION
1 75.44271571265284 93.95384457310203
2 59.900296059217936 15.903170956183814
3 -44.25145832410908 -13.388152282785711
4 6.83572399950063 -89.03708557042873
5 90.36379950846475 -68.26284093735309
6 6.997938490181127 83.68621997706683
7 -42.867424230780024 -51.62907424869702
8 -99.6559641062768 -4.978258533285526
9 -92.5583990101394 90.02689214372597
10 -50.957994730423486 -64.95595617084683
11 9.713283407229454 41.20232113967785
12 -73.43561039537823 -54.923137404210934
13 95.42356092099337 42.36733772633278
14 1.802438127851886 69.40872952975909
15 -31.338707851473345 53.326516310938956
16 85.17461954006984 21.98292825123073
17 -77.52728324781988 98.63553901718561
18 -48.44505786382911 77.858075390436
19 68.71086192959126 3.7948949307097877
20 -16.051929000002204 54.89939573327439
21 -67.16353925205564 27.23156032504204
22 -7.810189725075475 38.07504097848903
23 91.09351395189177 20.618739911519185
24 52.55309121421712 16.895747696592807
25 -65.29090021547262 -91.12721802630273
26 86.99112959035455 55.95025346884461
27 -65.75634833029709 71.20538633484287
28 -45.14897083721516 -0.8471219347339485
29 46.94456210281044 25.89843890451479
30 -34.75735860419553 20.233856719488358
31 -39.06763841521437 74.00769659550153
32 -65.1509621304206 -24.833076860864224
33 -97.72457282559184 40.99068091980806
34 13.816552561029624 86.64288584062541
35 -55.514274649704085 -29.706744698447423
36 81.4639020792419 -3.6382104204330687
37 -45.30545798951175 -30.78165614351711
38 -26.098553333556268 57.830517665777904
39 86.74385622205813 -15.060657538603792
40 -52.74683436335621 -89.48337425276762
41 88.65551182978743 97.30979159764561
42 3.0256621011916565 75.62331581997847
43 30.416867679931926 -44.83989217679334
44 6.269774028454961 -55.585522350870356
45 -22.251729699150545 54.0609362552006
46 -87.46770070702942 91.93285208571285
47 38.49411689750991 56.07209579549263
48 86.19651683678578 -57.88161658197335
49 90.50600684414258 85.78483368404503
50 40.66213623163796 34.747865975138126
51 -36.637130211885435 -97.9955917866692
52 -40.08350400471015 -99.71882410624873
53 90.9996755805918 40.70896911146471
54 71.40072027277367 35.613241391217684
55 78.29274371637695 52.45973037499877
56 -68.32412073427287 91.89520401615448
57 31.876382783693174 16.226607690597874
58 -40.75413379059811 -64.99794979685032
59 93.94205821208786 1.6324942025058817
60 -97.00478004032931 -80.11173206886424
61 -12.502165791622815 72.90834711331169
62 -29.94820567463006 -68.01305987138524
63 -67.45751893195691 -19.60955283588399
64 53.48549950534428 91.9719829899089
65 24.835155545066414 69.18019195706225
66 98.10621441451201 94.61703777206517
67 82.41807780683106 -50.37420796611576
68 -78.274741179107 -41.85117269023804
69 59.77630462499798 -79.42558941927885
70 -30.403456714505666 97.40669636564525
71 5.495132526775208 13.882265964080801
72 -78.64499659371981 -97.71585082875009
EOF
