DIMENSION :72
NODE_COORD_SECTION
1 -32.6192306582048 57.189641022840874
2 -34.47388864525476 33.58566303244919
3 -78.79530742406568 39.38685218334743
4 85.97803269689203 -25.289459979510823
5 -21.007948748539704 -66.28291950129051
6 -48.71336430594933 -98.28959327824376
7 30.21232573090117 31.494279069446378
8 -75.92245731319295 -72.21645260536059
9 37.148582521691765 15.623189139056379
10 9.130070438746827 42.83788011156244
11 -10.258441779807953 -92.43962959576577
12 92.07876160907625 -59.467867010673615
13 -42.168447082410275 -20.57638401101501
14 98.4771592910925 10.798026154023546
15 -49.747565896928215 -72.91897900352112
16 63.63527274823073 -55.83698811243805
17 22.45873548823012 -16.159982827164683
18 -98.50635834791568 68.60724171291224
19 -12.15671156456149 69.39592960606322
20 -60.101523593749874 -54.64752743729775
21 -17.37062537255069 -85.011624951837
22 49.99399180283501 86.89462444306528
23 10.198084949421656 -16.746827687941717
24 39.04950698523791 -71.24410839019436
25 47.937958272712024 -89.95365790278271
26 98.8905468918135 -14.15373199576149
27 -61.81932219943342 -64.44415251384825
28 -93.79533839996105 54.98840933749713
29 -95.48692948360835 -36.69416688200231
30 56.34430214492701 -12.926081235317085
31 -64.26770166240728 88.19716233742088
32 78.8506160300762 -54.51693515298051
33 61.93759019419133 68.51710790342167
34 -69.2263833023039 -8.185850057497944
35 -89.27145822732072 81.89011418254367
36 -7.03431033641948 95.63263036556407
37 76.20649878026032 1.4306320456766173
38 4.87708015429709 51.8643827313814
39 -40.54793022935404 -44.10193660825239
40 64.9833711684968 -92.37865339698644
41 46.37853186129581 96.4429208013853
42 -3.1732152371615143 -50.338031526721096
43 77.33724572045458 82.57241523958254
44 34.75440379614366 84.3529136381313
45 32.57792112790662 21.252640243613
46 -81.21173625754147 -46.08742649218465
47 -91.35693675133744 45.603715061398276
48 -95.33637731959948 -24.119127951896672
49 93.00249244796817 3.43321981017732
50 92.92333916149491 67.17414781618044
51 -42.28953000068725 40.892339671942324
52 60.05789519256291 -80.2523233665957
53 87.59435652943202 12.828222162083037
54 35.032120530803866 -68.19730028221716
55 -65.5395065665096 28.945087956842087
56 6.141244955931555 66.63875093385346
57 46.029441346042034 53.675702109800596
58 -34.009571196081765 10.666150286879429
59 -43.21073975778111 -82.29611511417434
60 6.493607437823542 32.757698227961384
61 -52.317847992747325 -29.632180107279396
62 -38.86113242338782 -90.96752068340031
63 -17.483694304887678 -95.28711155259924
64 -41.63068588565173 -29.671038318217384
65 11.221334230111069 20.75198676310262
66 -2.2201882927862044 -45.96154413089031
67 93.5423047515915 -42.46980859789653
68 89.93162944599871 97.63417937483206
69 41.49386434730212 -79.12027081630428
70 10.93855154151069 -1.8548124089266196
71 -95.12743089698246 61.29042374531397
72 -85.42042972026454 -20.011516344087028
EOF
