DIMENSION :73
NODE_COORD_SECTION
1 88.38128195695998 14.11689451546441
2 83.43239882642769 -12.5794866505002
3 50.378608160238514 -12.271161362770172
4 -89.71836029100892 -73.57342220289833
5 -77.78834023396035 17.916400414087235
6 30.470286808388863 3.5383131972035216
7 43.720393792590926 -99.11122906807559
8 48.12946142916084 -7.067016655515459
9 13.13111055666674 38.354785817242714
10 39.14817013883899 -96.83459891883079
11 3.8266299362327914 -82.51605824290579
12 34.85450324276647 75.02344756444663
13 -63.239912568813736 81.2050303042391
14 55.3010160035071 -25.35641352764219
15 -79.103561316516 -7.709225693097068
16 82.37044431061778 7.698270520718779
17 50.04221903333715 72.21610183828017
18 4.51932349031398 -51.36908400324094
19 -98.3492115507415 -95.43342741897001
20 87.82870836299534 -21.67152090343471
21 -78.33331082336008 -67.18723991293747
22 -67.86726053327526 54.28548809604757
23 99.19948849167005 -46.44480090652892
24 -43.65258940205508 -0.7724083390227037
25 -64.20612832979066 -91.11624897670134
26 23.723357860720995 87.32670668632886
27 96.28949103928898 -84.7156939731447
28 65.59815894978183 31.553912466106283
29 91.74041773390766 -68.43539443609652
30 91.3251100299465 -68.61975959584123
31 89.59085376157086 -35.439678957381915
32 -17.592935859293007 -73.0502878553832
33 72.28009248747696 38.92133919814452
34 -39.53455694785144 24.0128921892006
35 72.67648658615508 -83.93259837664498
36 -8.47386514043933 3.323389160259495
37 -96.7834495450146 -62.55872122546107
38 43.20550139648921 -91.1362990730006
39 65.35204305013477 -11.523320142898513
40 46.73133648469408 -78.81898224582426
41 -23.115645980193293 32.237255282267824
42 32.33512056755768 65.27744860880009
43 86.99211744189873 -54.52801379211103
44 4.403559730442112 -23.08657656616606
45 62.23447096506743 -95.12855904904384
46 -98.12115330845799 56.846881320843295
47 21.539085568905136 -82.40165114965097
48 49.74876124290017 -20.554911270902636
49 -25.839532882070102 67.70505013307883
50 49.069232521862745 90.26986073343286
51 -28.179245121663698 58.83946754352891
52 75.81349719251443 -73.34888182082595
53 24.721703248335913 73.68018676318954
54 62.943693869184045 -74.07229179139041
55 -49.15686058574769 41.83048693389543
56 25.452116359536703 -52.051474958186404
57 28.919738829533372 -89.55994959234756
58 54.721109877879826 -68.40900157013989
59 7.714553650398585 45.61222206909193
60 56.401897834846295 29.468097000707957
61 87.68419965694696 57.693788169421566
62 -64.88548477113669 -79.34096065927814
63 -64.14266676829433 -60.16683153699449
64 39.62228807348137 88.21303332700273
65 20.72439388910179 36.73220595166441
66 73.73601851702597 66.3392789044351
67 -38.83660992531972 19.305510588469986
68 -48.94539263999891 11.6107225295857
69 -28.097130567832224 -68.99934534301974
70 25.750293393077797 33.172939546496394
71 57.74986664635912 92.82138812247192
72 -33.04161212639923 -71.13624986795332
73 -40.212777436192205 6.635216909159396
EOF
