DIMENSION :73
NODE_COORD_SECTION
1 -61.02303758688679 42.198472672022206
2 62.211338070092154 -79.18591827439478
3 -13.65118931953269 84.43485059768216
4 -6.309356422176577 -42.14739508281811
5 -85.63446105296704 28.2763080071322
6 1.2408589556831089 -72.8283076849865
7 -14.809902055233962 -44.919742454217904
8 14.27047950100841 -79.14459697367508
9 -41.73832289339337 61.94153792750177
10 36.41192265938486 6.106252023309324
11 -38.51666978921837 64.33040000202118
12 -36.73957278597801 -13.095311596328443
13 -98.81371751928792 38.338694172066624
14 -44.05417610647078 60.24806318737848
15 -73.52257136761182 -5.638369032954671
16 90.5383497023652 -29.77771416836606
17 17.67840823192006 -45.29341676074339
18 -26.983616167707922 -15.551638583770483
19 3.916027716457819 -80.4655450322299
20 -39.499636930016194 -30.014798069057875
21 31.525372995210518 48.703181876129946
22 -38.316179015248906 29.558937120507665
23 -97.22138162424206 61.49701855802522
24 -97.13098003530914 -25.971678118277936
25 -16.446038191077704 61.889289330956274
26 40.74122592640143 -46.715473633804926
27 -61.08917534620504 -66.0995706831825
28 -21.007842719352027 45.323047133841186
29 -2.8611228912645714 -80.22293338719308
30 -96.87012285834813 -87.98578228862308
31 -34.299884364616105 -6.867879612965623
32 -13.711270790541391 -29.861962308571435
33 26.58473571053166 -30.15020061720665
34 -61.42032528209916 97.53810156838702
35 23.953129632028208 -38.526441191260965
36 73.4978789111446 96.78832164919783
37 -76.46215413184257 -31.040912263797992
38 47.13088593034715 -27.444571878277912
39 -28.86901780865297 -60.91152554325585
40 -10.612529961220602 -56.12094373511418
41 6.584029039496443 61.50572648447681
42 91.19353459243106 8.880510774850052
43 0.09866796440857684 71.24796595114401
44 37.57834479909371 6.950160032066961
45 -30.811278063007492 39.810552211987385
46 -16.199412022074384 82.25264562665126
47 7.544902648233148 -12.801373922178655
48 60.14055809503418 42.42805980452172
49 11.135613065216532 28.081429819450733
50 60.711277659922104 -72.34371753949891
51 22.22863275649783 77.07999689400845
52 22.617811219222588 -42.20914858742677
53 -71.37994024756853 -18.617260234436543
54 34.02076916749019 -90.94232248640206
55 -46.79157020439635 -76.7023882051391
56 23.136401699521954 86.8530388464161
57 -51.84645267067054 41.013519347202816
58 74.9323901453871 7.464342485698921
59 -31.78893336540456 52.75780805625274
60 -1.7451513093361513 79.07620558114803
61 -60.5645590677564 37.70054919429592
62 23.348758577465972 -18.78653507942869
63 62.295491155978624 26.370655046602394
64 48.21052690442045 81.81177566794739
65 92.34824539040872 84.01264411795967
66 -28.062034375138794 -97.60442283358064
67 26.96847262418136 -67.77282582764187
68 -45.78049129458894 -55.61783100772411
69 -6.767315230665517 47.40237541301781
70 -77.6688647319078 -76.68022429153649
71 79.90814032905519 -1.142880245970204
72 -89.51412267043119 22.90658133923877
73 85.59877977696203 -54.718514756385986
EOF
