DIMENSION :73
NODE_COORD_SECTION
1 65.838303231058 -0.7207423480163158
2 -27.2362488530882 -56.72211082154786
3 58.69522595906372 -74.53248560540806
4 34.915368843007656 -75.33489951807375
5 17.06366147095848 -43.58951996906511
6 29.175416149826077 -44.73289587543319
7 62.94365997593263 -80.20534559586967
8 -98.80698309674275 -23.61235592452502
9 -36.99158958471634 -53.190383064314496
10 41.31951361764834 4.140305798919059
11 -95.14333103910799 72.40757572221816
12 -36.258495022893754 -93.56420804745855
13 -44.342483657145195 11.071914290219766
14 -82.71100538974918 94.23867209168708
15 48.87224507100447 58.12542867863118
16 59.24806072944992 19.79987915868604
17 -38.66026421270177 -90.22735647680445
18 55.73392055707785 58.36028852777764
19 40.86327377907108 -30.51499432049947
20 -14.34316258048365 64.85987680901377
21 23.538331432946592 14.001530578351122
22 20.03998408307035 43.475841978665045
23 -59.58766544931065 -70.86818198901474
24 -75.57523323387099 -54.647685550697474
25 54.66907541980825 -6.287916799077678
26 -10.674167704316133 18.67327755130654
27 -6.618052769017439 89.47927713610403
28 -67.82554910110545 -24.730724953058598
29 -58.01824150258843 45.292120342156494
30 33.915546759637806 -90.76223857449608
31 -45.0635587699157 86.04214164819467
32 74.4002662003152 5.595814696274999
33 -97.25848340041279 49.7617546248872
34 -87.05757348516516 10.773090500347294
35 -76.82821968640371 60.850570603461364
36 23.883897292368417 1.791987014537355
37 73.8461798689502 -96.99493534296954
38 -58.25962677020804 -12.729091987611582
39 -6.490505244870121 22.350984629212903
40 -3.5243367827000753 -99.07422486086051
41 -28.964111352080096 -90.55831123554215
42 -73.32083657317936 7.0338644960628045
43 94.01106706819454 -41.80003026799221
44 -53.10226365300037 27.363103851913806
45 -97.14872465764583 -19.455361975132718
46 15.09975636956986 20.35911156121462
47 11.76895436698129 -32.64245707851741
48 -2.774328794996819 -4.078722045553462
49 74.496419421734 29.610516960739375
50 -41.99398953397908 32.88821272394742
51 70.53053247854467 -72.11407632300366
52 -79.29568457671819 81.39202091021784
53 -33.237174711857634 4.188487025903868
54 -66.83104769280129 78.52987217669937
55 -30.288811930701982 66.86019742809262
56 -46.44547551178804 83.34041368408077
57 25.170703293663152 47.574112069971335
58 -73.70008393960762 45.861644709920455
59 -55.04715460155829 48.7969569613835
60 57.42679273102246 -34.91406389299465
61 -55.516218713297064 -69.22556269356758
62 -82.05122368669586 -38.083104949084266
63 60.384110747872086 49.00734517776013
64 5.158143240956562 -4.228081852800898
65 83.75388673372564 -53.64950985748847
66 -26.216480927770178 -12.73673331021979
67 92.73837627548656 -71.71939253572428
68 -87.5115527290248 -25.570412975746677
69 -2.948418068800734 -94.45652159934474
70 -14.09256489454988 26.2789001457824
71 -82.51395601030858 75.30448024705782
72 88.39252922528357 -35.05697500199278
73 -84.9609121161033 -69.90906163526441
EOF
