DIMENSION :73
NODE_COORD_SECTION
1 -97.79597013521746 90.02955853883569
2 -83.24393771890436 68.22897980676831
3 78.02634065880488 -81.65577345537389
4 -44.33337331057727 27.85347363149637
5 5.295499448944938 -77.91998510381866
6 -10.787404093449297 -45.1872756169345
7 26.3229950498651 -62.39227153556017
8 71.36882694831499 66.62739978206636
9 74.86299284248463 14.403187693798031
10 -91.29470087871732 -41.11312510341314
11 -90.68930993510294 -23.880008610166897
12 -93.20531922797419 -31.033144465945227
13 7.5684512829316475 -73.58732460484462
14 -23.552468956816824 80.33779548334815
15 -63.450214573982564 64.4822107823976
16 -50.04788389390886 89.17441048590135
17 -45.98237153803482 71.60480292292593
18 67.84741206408975 -58.109478698701245
19 -73.56994587971471 57.444071940462834
20 88.35940365871787 70.3875621563283
21 -46.30695327364202 13.735704033958257
22 -55.51761470804954 1.2191069662328857
23 -19.80339064046963 -87.0272741334974
24 -72.21149944857797 95.5379681743049
25 -58.76305976688732 11.008700469168971
26 -86.59962663570613 -11.393745432399456
27 44.904036120224276 -34.96491618212832
28 -42.83686223044412 -59.18691266118332
29 21.740644338614374 62.178133640150804
30 93.90389026131268 86.5585351645889
31 -12.044988917954697 -31.00020768877563
32 -55.23201540852898 73.02650805855183
33 -37.30349916374212 -41.52399794532058
34 1.9732926582259722 17.78339621838016
35 55.879621023040414 -51.434936658608834
36 0.9250540468858333 82.30323150574554
37 -99.73132575261914 95.26756173303198
38 12.485445508609544 57.934291212697985
39 40.01169776270535 -76.88136633178608
40 -7.70630102551813 -8.513852238839718
41 -92.46096628341958 47.34220556439743
42 -90.6159525068801 39.53006282378797
43 -78.28167840364159 44.436109888503154
44 42.95034335778743 33.66994993270072
45 -77.61562796339408 -38.25416303017961
46 -16.042128346208244 63.45492632275716
47 19.83883962433464 -78.37606708651816
48 -92.59573874352989 -60.73126504454598
49 -17.35873314436583 72.0609837855003
50 -8.616846562709782 84.44526354757184
51 -87.01041182772104 -36.78676802007532
52 50.70566275103815 24.02353456553857
53 -33.785265107286094 88.04095862997156
54 -74.31358724026462 -13.030510808979457
55 59.39058971014339 15.310800325241146
56 -79.19770359994038 19.356089230544143
57 83.7870304077851 64.5042267323675
58 23.283899103112844 17.907219113450594
59 86.87047754115923 24.7134611645953
60 -51.69917088198446 36.47498186907734
61 21.782761103802372 3.3952889754098834
62 55.25399244948855 92.43401285739799
63 -24.294118584512773 -94.10796625143156
64 58.789280028121624 -94.35946198048981
65 83.24660565214225 92.91834394833879
66 18.498717770601928 -60.482060555571124
67 6.951549691557602 40.75121731329
68 -67.12326507443638 -18.00536239734774
69 -75.71010308409302 -62.35006605458713
70 -14.04928667036313 -96.565795641359
71 -1.082560290312486 90.0715743893362
72 99.1065866130426 -40.63831450398045
73 -66.23770603245643 -16.463171725618437
EOF
