DIMENSION :73
NODE_COORD_SECTION
1 38.26674359097635 38.99121125330208
2 -80.49934284571887 -33.50230216449175
3 -31.21917412645243 -57.24237725065298
4 -51.59347753995538 -34.56007270818708
5 -95.65840573516566 -66.9352477121113
6 -63.66820157884714 69.77739477139772
7 -58.03720717292941 -4.232952250651479
8 47.857128028652625 16.874518112498535
9 -76.7807713605156 -34.6829836541243
10 64.14184288102174 -86.55390998389427
11 54.96228652307619 19.08575110143677
12 -65.39613216351827 -50.064010827744895
13 -84.01697092747851 -77.93870899259427
14 85.55854546134745 10.52817637662369
15 -76.07898101998474 26.349879018133862
16 78.57156433152747 71.2034393778975
17 -56.05649218177702 88.6942312592598
18 84.13268470837946 27.669215794414598
19 -90.80380735612272 59.26197118223527
20 -9.641546508524996 75.65392903844835
21 92.75335197018367 -83.75350264180175
22 1.7837932854667145 -22.02859380830266
23 21.7716868234682 -26.638447571947978
24 99.9038176934256 95.9249214314568
25 -43.2212074584224 71.09988481222723
26 -65.0212264713437 -62.96546316205265
27 -27.49629718480753 77.6653878331307
28 -2.28332073588507 -23.264600823620654
29 -28.616418125774018 -28.22275992267184
30 79.79968094690852 48.6088213878472
31 36.85712247872516 57.083584921926075
32 73.82174856351256 65.87192274926431
33 -9.218177410541244 -33.28866289704233
34 86.05693843769015 36.26576304863292
35 57.788856631644876 56.51783769655103
36 39.5789255078796 63.145887297110534
37 -40.88414074374067 -43.100963363938625
38 30.604173208190275 87.49334715075452
39 -40.56561114941795 55.548054310606716
40 67.53257073691682 -81.27178620629707
41 -27.584424172540295 -82.6530533697241
42 70.01100324791318 26.621800516414893
43 -5.746162759447145 -87.38639203307812
44 -65.55315615903652 22.267729205179805
45 79.09525190494713 21.214823713677063
46 82.74994895161552 -57.01383329369385
47 -3.70631835449538 -92.40453671398335
48 2.68327865927931 -25.80048805973057
49 16.64425978988824 -79.43700782372349
50 61.05378630752958 90.73195293038484
51 -36.779486865586186 61.70543709762967
52 -74.92306372126208 80.64938125752886
53 -67.83211498096512 -12.389984039723828
54 62.59953066088494 -73.32992464873695
55 -60.21701249136684 -36.4111645286894
56 8.467331075937807 -36.65912007978769
57 -15.565499810947259 -29.593137138619326
58 -17.824645943375145 2.587389858495797
59 25.358227906120007 80.54673636922999
60 21.04037059427897 -74.08907569924622
61 -24.914722087610627 -33.16617824384946
62 53.486653483536486 78.4190335522253
63 -21.760997210493827 -16.215901357552198
64 78.63761039725628 -31.9596256320567
65 6.662841089744546 70.82645527706359
66 41.25752086962666 72.68883272202388
67 -60.682181404603305 -33.4099125468025
68 95.18903339707882 -11.194148759257928
69 15.114921603718031 94.73676083341687
70 -66.21610973450878 -83.37598402955831
71 47.824278663832104 -15.643320874745385
72 -67.57440033443014 -29.341068937822286
73 74.4294479704395 21.73586859333598
EOF
