DIMENSION :73
NODE_COORD_SECTION
1 -4.135347750921923 92.30156590315119
2 -83.57056728474728 -93.22985059101212
3 -7.551704271449793 5.3939314813629835
4 -48.526216676477674 -15.846063215289604
5 -83.1441553939095 -27.695645263389878
6 -93.79108912041134 84.21765324451377
7 95.09560065635407 67.35608864682533
8 1.3281986155024867 -9.734061886187504
9 73.63745304261468 63.35331474282668
10 -13.092939027707757 50.82301931463451
11 -69.30269984277527 92.08397345371137
12 -30.01500127391479 -26.689792326897944
13 14.155131093566382 83.48415271400339
14 -24.85579443129717 53.55344093135679
15 -33.26705009632438 -47.65781883798257
16 98.41801383181146 29.23743985378806
17 -31.214617824053036 -77.29034109365108
18 50.21392006965246 57.33693589416271
19 -19.967767302024427 32.72576047914089
20 99.53765628064068 -41.280421110251964
21 -6.21101936915413 -53.64987585986785
22 -70.34381745304061 47.529134819651404
23 -69.27237345202641 -86.46124157534294
24 94.4391201664238 -31.37827311010612
25 -6.073040535869282 66.686513651067
26 24.969702057483573 3.2418421825766615
27 82.94780714857171 18.69857440221972
28 77.61786086186407 71.28896951805754
29 21.895470583688393 -63.15734372716193
30 -62.3803654476752 -42.06028473891059
31 94.90801643343275 -93.42746557723247
32 -3.691352544422159 -76.94557385728467
33 -97.76425937036342 70.80267251284735
34 -94.50300837976661 13.711237050813892
35 51.053656428658485 -67.3472485386629
36 -20.89563742536407 93.3747217553344
37 77.3753671006086 -56.530089468196266
38 59.985916919143506 25.620237443482978
39 58.91335646430181 62.975690342246054
40 99.01084104808226 5.9991532069894475
41 23.45719426380748 -25.326367039254464
42 3.7951668273377095 -77.4557256646712
43 83.31775360393848 67.19256124947498
44 -93.90598124964274 43.5787843149362
45 33.61209252808723 -48.970280904230165
46 69.70995377687507 80.90603806387045
47 -59.35973733963071 -29.803133620303512
48 14.875598143504305 -42.8782352594683
49 16.331763048583724 89.56161497324544
50 70.42050519206899 17.70409530864339
51 25.71605330593573 91.21531473186326
52 81.6334914262743 -28.298936023179763
53 6.597955317145704 -3.0122175452615494
54 -0.4165198956301026 -80.75080305072662
55 -5.904487864364057 49.26838037697152
56 -43.236685135768774 29.820895975665422
57 -62.57576708186592 28.58189323547225
58 -5.727417044606355 -27.98760699925056
59 72.28841464210524 -36.093279307971926
60 47.35715795607112 63.848101748669535
61 69.466617089311 0.5120650991505613
62 -81.02544012718162 -88.00876574640472
63 -81.34492248993288 -69.87026562781477
64 -24.844088558929386 38.91470437699948
65 -73.64068371692326 59.56531033704374
66 -18.713120322012443 59.000257545193904
67 7.6007474817575655 96.39249805681408
68 65.0313345895093 -42.302061962968374
69 33.43180133231854 -35.83649889525343
70 39.47331024191615 -47.707925476899725
71 -40.2705847554583 -75.39266394849386
72 49.154191974582005 68.48391332286991
73 7.463498491122351 80.57710359089535
EOF
