DIMENSION :73
NODE_COORD_SECTION
1 92.47960422253558 0.9632143552054515
2 54.30456492840224 -7.746558843976288
3 -86.58359883833428 -93.2233862350044
4 -92.5981286353439 -40.394959817066955
5 20.480092797773807 -28.83735189840455
6 -7.889234801353069 95.12937829119949
7 28.632162723383374 14.614359267374624
8 95.04026362324339 8.19079363757082
9 -68.08031849664678 39.079881267142355
10 8.348806034813677 9.538409285710102
11 86.30287156697034 -49.11634613183149
12 -97.7296562995469 -19.255774824883545
13 49.70709723606481 -13.154704525140275
14 -80.56911156676023 -84.6643900549231
15 87.58183664147484 -83.61942485490992
16 -38.55491510853617 86.14483719082153
17 -53.02442216818775 38.657974932376504
18 98.63383941740832 30.312524082940485
19 78.11232688627453 -28.57663279298191
20 -24.694337558842136 -88.4543094293839
21 39.68178518985778 36.89445159811487
22 5.895884233478469 -81.35458436714305
23 -37.46798190510432 90.16557024893015
24 61.359526597859684 -10.016974134654987
25 66.17982013676757 -93.14728524107217
26 -69.43489737440399 -84.48220743654929
27 -76.46934963409464 -50.75254122155124
28 -91.96172609723251 -38.886706991154306
29 51.42657777269474 64.03770336587021
30 7.255776827449381 -15.676501384099566
31 68.11714419674152 29.692156244815408
32 -72.20841865151573 -33.516128929787655
33 -96.52528144951668 67.89454790355086
34 14.968940979488622 -27.143348253600237
35 -26.24754319604277 60.9525918903733
36 42.27337043744811 -29.256245684815326
37 39.9094565773286 75.89584123450149
38 -80.36671552602388 84.89460459316359
39 57.00440735423393 86.01560944084534
40 -15.223443329248894 -49.79960184984562
41 91.88546870168358 -98.11084696005497
42 -29.777231888880777 33.58027290584667
43 -62.619272642333755 76.46946348994564
44 55.07256788942442 -59.87096748383372
45 -16.579839852182616 -67.38896995450372
46 8.607095137640002 -6.990018075028459
47 18.996566397789422 76.44091633706287
48 -88.18812177979795 -17.759341341850558
49 -66.40051553752915 6.273775629332064
50 -96.70859351815477 -85.56683676181225
51 -37.26725925770986 -95.6917826728459
52 37.64186472747818 63.714969781529305
53 -20.647322784346528 7.131219708924959
54 67.20133480597167 23.470089353861766
55 -28.459049461476326 91.09624450681235
56 -37.801842472450595 -10.795494601228128
57 66.45201032294335 -20.07024388739913
58 69.66974645673423 -35.246028931760804
59 61.552215884875125 -15.540006211901172
60 -21.87418420116967 -22.783805058607726
61 6.39396368423732 18.150847901201203
62 2.781370009844821 -89.59644430715299
63 -58.35522016617072 -2.8373000955483008
64 -64.71349508551802 22.276619811488303
65 46.81794931851914 29.951335960639028
66 -87.76839378324033 -1.26739662755881
67 -25.87226095140018 28.954844385719525
68 -51.69201522059985 -85.71275965458571
69 53.1188997529741 -64.29227698157669
70 52.85574934186056 -80.39761894971606
71 -60.803339400004596 -59.23970539650345
72 -97.3678990107197 56.475760401463646
73 -51.09002941504062 -98.92929268981999
EOF
