DIMENSION :73
NODE_COORD_SECTION
1 34.858494924425884 83.55694348518838
2 -97.13807971668713 -99.9606688990349
3 69.7291382415846 -60.755327315127225
4 66.4596628267177 1.8457543004467993
5 38.046884227760046 73.95077291863882
6 88.4999299085618 -14.98339734754326
7 -46.378784152723455 28.337502424751563
8 -18.826794651587335 -32.42739536485186
9 48.12059165501853 43.068592099751925
10 -24.19745297655149 -44.57200917086328
11 48.400150341476774 24.65741988855467
12 95.76884435478001 -24.28187892608453
13 82.08047988689177 0.43207239262359565
14 25.866468099185354 -2.8648297904534132
15 -40.30096869879636 -60.49677619106453
16 -20.75709407891351 11.521199438062652
17 7.732214096844771 44.159939577580786
18 54.677459023404026 69.13192952354811
19 34.01285193421276 74.90745999623155
20 49.805739552094565 9.398567521146077
21 -4.45575996550393 -37.59980944935701
22 49.998203890292245 -90.32081097141895
23 -91.56145412744064 80.81207377700392
24 -52.04752296085513 86.4051957299317
25 90.68394592054614 -90.2742870089922
26 -34.339026320326525 26.19238438054829
27 -39.32864593574787 -4.589457370427226
28 48.266619750114415 98.9003094944033
29 -72.1117080280939 -62.60048222493371
30 78.42127515030774 -89.71237038010838
31 6.913805954177519 -27.43722632660912
32 20.112853468636544 88.8251959027181
33 61.825195100968045 6.415842344228892
34 -57.47117420785275 -30.607252206835
35 45.353540285888755 50.18899776997364
36 -2.624765655946092 35.99906034695161
37 35.60186767104935 -37.776583238546024
38 27.172043475031487 -83.67045542223423
39 92.86620948230387 -36.45107447928198
40 -32.60294880882546 -17.160747704592126
41 -39.9236394009509 0.03706572714141032
42 -28.047667436437635 8.273480485355918
43 12.59978085375701 57.312404369909416
44 39.27858369722452 47.91198335700213
45 26.628615485593173 -0.3560333985107178
46 45.5443983490114 -23.502917261037155
47 80.09635491181038 0.3278167662745801
48 -98.31095461621011 94.7199327494148
49 26.047209008481346 -41.38921412219207
50 42.698849216258026 -61.69675803152064
51 85.60791387505051 56.99451372567654
52 30.348908529399694 72.13287674756836
53 -3.8118953094745223 2.7979321975031723
54 -95.25666819234438 32.55476313175842
55 20.262125115624954 -80.85453734645151
56 55.33890437089107 92.86764930727486
57 -28.93843005438211 -96.91280247494527
58 -1.2615458685235552 -29.79370654571963
59 43.73447405194361 -47.65356493789914
60 -51.60805801719199 -33.576335682078366
61 54.003631628648066 77.22901414288879
62 40.44474336694773 -58.75501065599211
63 81.08305538220927 -39.48209142944934
64 -59.67583386271536 -47.11975143548584
65 87.58821160182922 -94.28437856378756
66 96.2568858629501 -30.553887870368442
67 46.40214070200943 22.786031175148864
68 -71.23856818366426 -46.03793199299244
69 42.93623656689854 40.58632393410957
70 -50.73849050656478 56.34980878057709
71 -59.049093465070236 6.46877300342274
72 -13.68254408785954 7.778829402020278
73 -98.92198582251899 36.07115394847503
EOF
