DIMENSION :73
NODE_COORD_SECTION
1 46.313231946227546 -49.11175451984464
2 98.86784740182259 -0.5967206995986345
3 -56.420282873952466 89.91058851857542
4 -65.69166308682952 71.3796705814058
5 -44.38049183529027 65.31297683654165
6 51.93204070188369 91.29236225238532
7 17.804228119811242 23.813812326338436
8 -84.76057217099748 48.73766607197882
9 9.968034145940848 -14.359392336111696
10 -20.236766803504608 -26.12795415191283
11 -61.30365157123152 -68.52005203543776
12 2.186391031967787 24.293845971378943
13 64.72354497881497 4.874852624500534
14 16.84991869384109 -34.07218517945702
15 47.58933149353737 -91.09128813846846
16 85.88225698266845 -44.63532282650673
17 68.17994834715034 -33.94611084914669
18 -16.71647994944074 -88.22767155480192
19 -40.49294744520282 -68.64768955076062
20 -91.35069229311547 78.40908786698941
21 27.05355994647624 -98.36573991252129
22 -57.17945558956372 16.933638444954497
23 72.24241856598636 -52.72916988461207
24 55.597257980072044 52.120265224748806
25 -53.9392529804922 7.994363095483607
26 54.755800706839096 90.25210191198013
27 -45.401631353454434 -59.38956542933154
28 -74.03943270329265 -28.620792076696944
29 14.236351000752535 -16.036122585823037
30 -45.23712671822231 83.79219697587692
31 11.447720209621906 -84.68947013653374
32 44.7311543359352 68.476414447868
33 -39.35096847213162 12.285273683320398
34 -50.14181370953912 71.97556890215176
35 73.26812856413682 5.946215971502156
36 -75.25719573857039 -31.992164436110386
37 -47.83011656129226 -87.08628877311881
38 -37.35522325168612 61.34151882093573
39 7.8083868129272105 -31.58780734686313
40 -60.63653244876506 11.851428697328913
41 55.95049136340879 47.06158920120737
42 9.992163043385077 72.34115101118601
43 -98.45768850487924 -45.44551531855028
44 -84.04829953763857 20.630503699361043
45 -60.733290544524564 0.8939382893308192
46 51.30847296471032 -15.42850922190324
47 8.566486988054265 -75.34387714862065
48 10.233548643914588 -91.92984845588406
49 -70.61555438985147 -72.21902552138619
50 91.56111525154967 86.85577543790797
51 -85.4018724720588 -98.31692415241957
52 71.75608079016524 14.652976727574014
53 6.103614034371745 78.01402097495492
54 74.20222576929041 -76.42378594343928
55 13.729224066353424 -78.80326523382695
56 -39.4261872474212 76.98041448543188
57 -50.363376566494146 94.89104081461542
58 -50.84483513364901 78.6653901441826
59 45.59337638275366 -19.160911084153454
60 -74.67568308093844 -0.7541687536906494
61 -83.52246661334397 -93.92191989580236
62 -48.98171639316602 -11.337338933620515
63 90.60139571375765 -56.703029312583666
64 2.849234927700948 43.225735631712666
65 -34.08178809690452 89.15281825623615
66 -27.357763076620657 -73.75828205649489
67 70.90204404669177 -3.348523175143029
68 49.51694232965738 -96.80472691284889
69 -90.13229131196351 40.23649683872773
70 -30.762931164453406 -54.38442811796658
71 54.72412497822734 -73.98101886018685
72 64.40312350162046 -17.82570579708107
73 -91.36888696476109 -75.37950357824938
EOF
