DIMENSION :73
NODE_COORD_SECTION
1 -73.98253488615343 74.53291316931538
2 28.52740215994561 55.14268036871485
3 9.185318520353334 8.064574259926303
4 79.56408576463352 90.45787654002052
5 -49.73575905245622 22.077569614389162
6 44.53365838693847 50.09719512618608
7 -71.12116237734864 -9.750925047237317
8 73.28851403798942 -21.331741690294436
9 80.56195782017335 -18.65141945289986
10 95.69791297830014 59.08134996814016
11 20.207925724176206 -50.43680786946017
12 -73.95426849081716 -79.93119357784056
13 -31.305579227219326 69.35053981555996
14 33.551618392895165 -37.46074559623223
15 74.4516200052015 4.6935863396086575
16 93.93861185893007 -25.18321346720643
17 13.358722067499755 -79.20433270507603
18 -55.803065201600965 65.60416462416788
19 -76.80050161142708 95.66813892121317
20 51.1701162829622 -66.45174249484353
21 -16.989831098780755 -30.272910692252395
22 74.31629458893136 -86.4251035994343
23 83.00441827416407 -16.57034631720012
24 -46.02600790171285 92.69948324963161
25 47.36190891180229 -3.8554897809812303
26 -11.311695455506438 71.8087383892271
27 -29.98179997160186 53.86514627539728
28 -21.370044535938177 64.94792983464953
29 2.695676062574549 -20.96133303519683
30 -93.13374805800352 -26.062852480322036
31 -5.233584073358514 92.69690777250753
32 6.219571255209402 53.679153761409566
33 -73.86024162922868 -52.75938072797697
34 16.675454850633088 -7.68960138069626
35 97.21863672619747 47.64169062355131
36 -23.22085778036076 70.38586419630829
37 -55.92945996979915 -30.507683497861592
38 12.185721431266657 -65.42245703337295
39 -67.68967810031891 44.24416622440455
40 85.50580704615953 23.905281767787343
41 49.79380731066561 75.14456987217363
42 -46.184863879153035 20.307843455990124
43 -33.92739711150985 -28.209037955067217
44 43.6730626163922 60.4012033816671
45 -44.337902231291125 -53.111306337960215
46 -1.7785401267331906 41.559944208392835
47 -7.473742835137514 5.711527393842488
48 76.91211421368877 -17.0030968877398
49 14.784322385363495 76.92814532727158
50 -4.3626272315155035 61.30509579317251
51 31.496076268635477 82.87205082413556
52 -16.484908361461834 29.965169844854586
53 97.48396251721206 -72.00368661281098
54 2.3058267898149865 53.61056723540679
55 17.50187941359755 -3.831302369003936
56 25.41653947381394 -59.61827353419915
57 -42.33801366018333 90.62674277446644
58 5.671711749241084 -60.51035803035227
59 -60.117521352440065 24.826415777369775
60 74.50939081270556 86.14828806242636
61 74.22086564598158 78.08208807715062
62 9.986154314711541 -77.67571131826733
63 -55.691246716276524 66.80956230778781
64 86.95162556653992 99.29147859703707
65 2.7058361877908936 50.347987501563296
66 79.97966056985862 76.76689078823574
67 -44.15782017939678 89.7505851746505
68 28.119946344976825 73.44389480966768
69 -77.68029655126954 8.598101793529779
70 -9.73967479744644 -4.972798508772726
71 33.69498847913104 -33.196968090968554
72 20.86661789148738 68.41352936326078
73 -86.53254524599072 51.53665250739999
EOF
