DIMENSION :73
NODE_COORD_SECTION
1 79.63023784183937 18.428881462778605
2 35.8345137899677 -29.42745988720891
3 13.576498189539052 -69.79332811601869
4 87.28877091234793 -73.6288751507469
5 31.15050745713853 90.81897316206133
6 88.19268537908553 -20.63130950723253
7 39.02939313611722 -9.619695504946563
8 49.78691085219694 39.126906408109136
9 -75.06345192985712 94.43805840970074
10 58.41681581365489 -49.88525097197836
11 94.75700684885518 -56.07904020592029
12 25.614469909606868 -52.26656651539554
13 -33.43706050211888 20.592876780402165
14 -89.90372260261657 -30.51390547245512
15 25.24192554415552 18.862923073924804
16 79.13838200200883 7.9437206482695615
17 64.27213257093564 64.2166770384988
18 15.26858354288467 -67.80190047853148
19 -54.709737587996976 49.19748048665062
20 93.94003864684711 75.78146827610846
21 -8.55054326420752 19.780850797352656
22 58.82860281158247 -8.42834146561458
23 -2.8338876369354864 38.14906157920677
24 -96.37779230447082 -92.00936540253537
25 -15.293949147860204 -27.712925417291757
26 -67.35274884567306 -14.15666665728061
27 67.16199681546283 18.484991583301166
28 17.4035515951835 71.43274851803608
29 87.72595834919099 49.746295807053116
30 92.05590221294779 69.12640918620917
31 96.76164436595914 -98.73475105632093
32 -61.84300266809066 -84.66177521691893
33 1.0335928873812037 53.55078565827233
34 97.35278311011785 25.929040419575315
35 73.55126618070514 54.43838589551635
36 -79.45178904574044 10.317946765146331
37 47.837924467990916 33.145488611405966
38 -87.01243272445271 -1.864180192428492
39 37.03565257878992 2.6898958164464517
40 66.9304034986661 -91.95867073747308
41 -83.89048683910937 -78.59502051635236
42 -12.919531011216392 3.358915676818455
43 84.51526603502046 89.94925817961729
44 -91.34827133387 -74.51283317307471
45 87.0467657249342 -2.8778182545285773
46 -16.067965204639066 73.56516924215
47 12.180658565276858 -4.03805963705166
48 70.43157804804011 -92.3265393649911
49 -89.91245621868869 -8.98480771930403
50 92.17993796668992 92.8852322458765
51 76.58039021099668 48.33261545319078
52 65.46189566964301 -27.22748696894348
53 -65.37752651758773 -98.34158451779538
54 81.25895774938621 63.51116255966977
55 11.618763175085263 -78.55425434014111
56 -81.1100854934239 93.51751106759934
57 -41.43385356872314 37.74425203835068
58 -71.17953105406096 -21.41141678055223
59 86.23955279615419 -36.330059020637066
60 -32.66156474712949 18.806877740433393
61 -96.05752016220627 53.08161533222449
62 91.76761314160444 -68.99022663086805
63 37.95207822559121 44.252220372670564
64 32.11999486153877 89.41263757688407
65 79.64050464287601 -9.262492602234218
66 -56.43750350906538 -62.9861393413514
67 -32.64425219923561 61.30844651602757
68 13.801097290218749 -48.30100370245509
69 41.49678850201951 2.7279109636211274
70 -49.53844293337877 3.5003777738024127
71 -71.18056461009196 -97.68375830788456
72 5.772822680550078 23.257469127221952
73 -90.13920932832526 61.66426380140061
EOF
