DIMENSION :73
NODE_COORD_SECTION
1 -37.20576416810215 44.476705742267995
2 -44.87505065551392 -79.44358754698385
3 41.94465438371117 -87.95372225723246
4 -46.04696010359004 57.28197686899591
5 63.22053167302607 -73.10072120696452
6 -17.28800930291837 -70.90341848380639
7 24.848124163596623 44.11868052658028
8 -21.45230178218999 -96.06996300046961
9 -40.05044263951647 -77.8330683268326
10 -99.86526746087763 23.23006732988175
11 85.88289425506693 1.5912138153454833
12 64.65494169082046 -62.54637506032428
13 76.07149929262664 17.865043448646745
14 58.25724070149258 -31.101679936068052
15 93.26934754869333 -59.12268856271914
16 61.77714795896679 41.748223767455926
17 -50.81471982754233 61.11871678800742
18 -74.90383753916892 -62.62753555320371
19 62.61594530587257 -98.59526352628083
20 96.37274742089298 -17.67115190068745
21 -23.28645644236336 23.013317869333164
22 -33.52192171944151 57.1891139230444
23 65.74129654262063 16.40451038562223
24 -75.6785447174219 -73.78373763776118
25 -87.35415086273454 19.228345587664464
26 35.35169588572154 -68.91146424757935
27 71.00258740691245 -11.883670864254185
28 -46.62754120456887 66.27874653884882
29 -61.63364936683446 65.79095010991281
30 54.911052957396606 -40.638420328994805
31 62.78654149192218 -68.68326989832838
32 45.73170249667743 -83.56429385058341
33 -19.77779189319611 -1.1446767782246354
34 30.686005746045737 -38.98849368149886
35 37.819324171388104 -60.923704818394576
36 60.94464747162269 94.12930477068807
37 -3.5110694263327247 37.41424624107873
38 76.75626078665013 34.137037155128155
39 -74.04855283948346 -25.34794594962308
40 -50.769368937069935 56.470450128171734
41 6.388991603322339 -82.15104017248385
42 -8.75481619835341 46.942805285512776
43 -66.92590020030624 -56.578551036536865
44 55.42518963545163 -93.53467154701154
45 83.81987953429086 -20.77626167924535
46 -33.75034659469429 0.7835423241000115
47 53.82302435918052 48.764005694961014
48 -56.31349490557949 35.72877492661857
49 -11.552097369764056 28.231256940954324
50 67.36218028453135 -43.351817790406976
51 -48.27372903502438 -14.202956304875272
52 -96.87772332921637 20.09066745404604
53 -43.1760698219019 62.695165776114834
54 -32.05840923784112 66.49015004772022
55 54.452028420177356 -23.128395673935742
56 -55.50674533259598 34.50169864386362
57 26.177394325025332 -17.4640068370378
58 73.28847306599033 -99.1898773119191
59 -38.18717967157088 -97.26506526843089
60 -51.850329375313194 -96.35534487869018
61 -86.45527081561247 67.1066985084748
62 19.881665838133827 -86.10256178271473
63 -85.81771187424756 33.2656540455896
64 73.35684679295778 -45.34244541754704
65 -77.11143842309285 47.80409997677495
66 -15.16796063804992 -61.86351869272446
67 -81.01916894415575 -88.31199344943556
68 -10.83379702112866 88.3748188893257
69 2.863858249401858 54.862433013490886
70 90.70977602548328 48.7842558737147
71 -17.11367381474267 -3.828708762775051
72 -63.012084659029675 -64.5071976782134
73 -72.11269331573129 -32.76472145663898
EOF
