DIMENSION :73
NODE_COORD_SECTION
1 98.5149186868633 -52.477558941895076
2 31.748845839057367 -41.40001446474444
3 -96.86926154017117 75.29785200556864
4 -4.911138361732071 -30.92269001124302
5 -61.77554771734706 -79.89113453750115
6 -79.71625886676262 77.2590279661431
7 59.91504868948175 -35.84427154912355
8 23.71238229495556 -62.523074352650276
9 61.82804591858141 25.394226147693573
10 0.4899014172537193 -89.30221556690334
11 -46.18938709555911 -79.18075999421647
12 62.67799814691858 -17.32961822686623
13 11.243935250686434 -28.53471629687776
14 -46.81399031272904 97.65729282064012
15 -42.27246324572689 -56.41189494548038
16 -17.78075428340962 -19.171210438143916
17 32.38673781905618 -89.46950271850373
18 87.23295620455659 3.060385701271599
19 62.78101546138055 41.06463760044085
20 -47.29830289731633 53.789471169314794
21 15.367689808975385 72.54216262451098
22 -57.38450396686141 -69.24933362811703
23 27.70175928072669 10.972424429950209
24 -3.5343117862970246 29.82351148091186
25 40.02936850992933 15.188244977732651
26 -81.4149640104398 -76.10980286359094
27 38.65903641533018 68.54780158919075
28 51.058119764907104 -43.48487037560833
29 -0.5289103312559718 -80.83996602827185
30 -37.980371371434906 44.42211650500002
31 77.15257660051313 78.41031126728305
32 -95.99023333704828 82.15911707091058
33 24.221336571202556 7.601956907813914
34 1.1575347556662194 73.004462329713
35 43.62951374983953 -6.181595628561794
36 9.314159618471535 -27.917398164431063
37 79.71336385481612 18.649762462104704
38 59.86057961192745 20.821427977828904
39 -65.51725054347051 -42.78333325473436
40 45.764431397464875 76.29735134988002
41 -40.27968350418752 -90.03666772991583
42 37.563513720183636 94.67829727035277
43 20.08686656945291 -34.01920591752837
44 -72.69569072908683 -85.1110773088608
45 -51.59397663570242 24.16038753967426
46 -9.934308545121425 6.786355322260846
47 21.527889700869807 57.26657113552608
48 25.549507492699092 97.54886529058683
49 73.64781920169833 -5.9427099595031905
50 -3.678732106065638 -29.356054983869868
51 -66.3168037713934 15.869081761609877
52 14.635795242571703 43.65623861172935
53 -75.71247687799641 -83.37674322863148
54 -53.61582811946511 -25.579990540917976
55 -7.692308634447016 58.99847246064547
56 -1.450043388680598 -80.68530388568902
57 53.96695878335004 -25.44581085616113
58 35.66414675031987 -26.753702394744394
59 -67.21734930305138 1.878413991336302
60 31.09994339687222 -42.24861243551204
61 44.20414582158577 -65.62762809118112
62 0.6500287350219622 91.8245182594462
63 -61.816618988752616 58.07361501245646
64 -11.319608905104374 -20.516055582256996
65 -50.633507441937574 -0.04167537950307576
66 -18.743384407196544 -21.2453222413467
67 -75.6780119139128 78.45253680566455
68 5.98982716480316 -21.338260759669538
69 96.19719258897788 -49.57899426970687
70 -55.048738796345155 -96.00911494294282
71 59.42146931037843 82.69168835905714
72 -65.14419993072136 91.98775691148043
73 60.55110311445665 -58.78733150367419
EOF
