DIMENSION :74
NODE_COORD_SECTION
1 -92.18088666566375 -66.47600270525275
2 72.44376651724733 -84.92595228402269
3 -23.71108049406898 -48.794073624991555
4 80.06941997161655 39.807138495374545
5 21.271184373099118 -40.81046826285157
6 -14.410666681819876 25.31954982023545
7 -40.41962075930763 -21.727901994523663
8 7.894963146523253 -30.423200281531365
9 -27.388176831166675 -56.917205651098676
10 -56.91142801193365 36.95109105364696
11 -25.39280089593379 -82.81834195039038
12 -9.226946408086505 8.109318533752628
13 51.60280355753872 -22.4022924781122
14 35.61005138803134 -80.11236795628636
15 -85.30549764441804 53.504663345860536
16 -94.38758386158146 -97.78560360203868
17 87.23007324294946 81.27180574111932
18 -29.761334563756293 -12.692625441394156
19 2.766037619648287 -53.08334287285146
20 -35.79142082094167 65.78497969976416
21 29.102704216602916 27.025058590689667
22 -72.93924201630375 94.99562234930067
23 53.43774354591429 -89.50654408488474
24 33.82436120647739 -73.21690992791741
25 64.65508515055328 85.98715675149077
26 58.77901919672232 -84.92989200183474
27 -49.007386188034374 13.797427461283519
28 62.128252139789936 -11.943803457158936
29 94.8085620953415 65.81936646107059
30 18.513447881975978 -74.51000128101286
31 90.89320030371539 -86.33847944989546
32 -83.35301873094045 -31.609573711813965
33 40.74885675041534 72.43729706964749
34 -49.055447254859665 6.7548544031586175
35 -17.51203807630975 66.5773082239341
36 -1.111527996702776 40.20683997169249
37 -95.52461927723945 74.04077507951044
38 31.955130232460306 -12.800232751705082
39 60.56767914339804 -73.40672306728482
40 43.29146183895793 30.30698051674125
41 -44.22115790383883 -3.6428858324764093
42 91.92680535740914 -71.70706310751756
43 3.4282356272927785 -17.37036640077845
44 -38.84195117042002 -99.9259431038464
45 68.30328507859315 -71.99599710982937
46 -92.15237899247977 -8.658034475265623
47 -94.90399060373447 -60.884162229335345
48 39.725361017161305 71.53589281011205
49 77.34885921238833 64.87828914004439
50 -0.6131095540992533 -22.984940160375842
51 99.37211674364775 -6.142822958881226
52 56.53268908207099 15.695955642853846
53 82.07156769315006 72.47685772124365
54 14.093617873967503 79.08344367818333
55 83.35169027689523 17.03654970219928
56 -80.75977348197404 -30.461280751195318
57 64.7362361477609 -4.944076674050251
58 36.8746734577154 43.7912144166346
59 38.074596720595935 85.25780707911917
60 91.05576205927991 98.11556718016169
61 49.67895290758014 90.53493974999296
62 8.909020233478543 -23.74112011017928
63 93.96368793711912 74.53678821712091
64 -88.07450600147237 68.11752417926422
65 74.63522659751942 20.051383554688783
66 91.15422548909385 85.326831262642
67 -61.29308519537366 66.1464127864534
68 -24.35470824883697 49.34105384020029
69 97.09013740906872 71.07265622612113
70 57.60148996143403 -91.7549592095725
71 15.239556851187345 -30.777991915741552
72 -26.951406324096652 10.453178970548123
73 8.306678704128927 -57.028584806783165
74 53.43549748167774 6.615151964701127
EOF
