DIMENSION :74
NODE_COORD_SECTION
1 59.05678721647317 56.56400193812948
2 -62.47445856555191 58.497280529064966
3 51.67939573480092 -32.60309841690203
4 -87.73618950270037 -54.14266832762329
5 -73.10475038224995 57.88964578254067
6 37.964886982381216 31.923705343018014
7 32.497537394802265 78.21879519389998
8 94.14197541622141 -19.818353844879624
9 62.29685408994527 -4.199804757289243
10 93.22643599220365 55.667428110426755
11 77.61889118059844 -25.817717049986427
12 18.738523832885477 37.387252238771254
13 91.09866695702519 72.07431944023452
14 -76.96456673681769 4.426327142049431
15 34.920827129553146 91.34866229391488
16 40.86843565708901 53.20057656568909
17 24.13237541654334 -7.104742397633899
18 29.082333726968756 -16.03254929419529
19 95.38051047980025 -79.50443541540857
20 -21.85799350195343 -93.37374025956042
21 52.40497878845443 -74.57776379074453
22 57.772493612060515 -40.99725689582563
23 81.8408173338583 -31.740108407611544
24 -43.14948663434943 -94.77358623719039
25 16.363972819234604 89.48145055207334
26 56.7868836388669 87.47342553523313
27 -83.06116360755753 -13.39653446818086
28 -62.00896947191281 41.261734128605156
29 21.903254980605197 13.283000039523188
30 -39.38994911917628 52.64935271572688
31 67.85322679354994 24.5077376388829
32 83.5866582965692 35.10063893757041
33 -74.23403545394717 -67.9301157867655
34 -9.818330079114304 -65.55047010100364
35 15.526646212541735 -94.196295650834
36 -26.54159260862184 32.30275412420522
37 63.00061800477732 58.6054234775618
38 -98.17214817568782 11.39010977605166
39 46.01958333329114 -12.956643288240642
40 -67.39498790920953 70.78294248279298
41 39.126632896855114 -95.59473038118766
42 70.62849344254596 -65.43396249868266
43 -88.34827609049856 99.31884338770618
44 -20.653140317216923 84.46217027044213
45 59.665649803080896 80.62035372814947
46 43.37689070339766 -34.92732325760146
47 -40.41279014176173 27.93570118022069
48 -45.6095996818233 59.8114194902667
49 -80.30523505521485 57.47688742936316
50 46.28794161570258 16.273598406432725
51 -24.480027241156847 -66.15372168890616
52 40.969139848493796 11.694935168159915
53 26.078039913723174 11.179817179818357
54 -17.388931233652812 92.32082470924263
55 40.11542520335115 -29.250294119356084
56 -63.78240088130165 94.9190321165641
57 75.03243526000327 -62.8141599048081
58 -94.69578166972939 -35.66624058631318
59 -54.13524753365924 1.764585938995026
60 -16.065593626911934 17.892701324859075
61 57.684506145943715 58.75235871456778
62 -0.07485267227518477 -24.356937369247575
63 -27.99196719395836 -30.419285646861823
64 28.890818327654642 -25.1936865145382
65 -83.72595893350277 9.668520409403442
66 -37.10380031279384 -82.49427961870359
67 65.18248399892553 -76.00395584953823
68 2.8408678596220085 -37.265380437875706
69 23.66095055169386 -79.92533628135891
70 -89.70106664992949 -33.30245801999425
71 -76.5479698530652 -39.254850591323546
72 -97.61052887961972 0.07032057754867083
73 -91.20841165814322 -15.723633512691578
74 2.3547319200188497 -73.61063326807873
EOF
