DIMENSION :74
NODE_COORD_SECTION
1 -68.62551513054196 -24.474552473113846
2 68.87463986846143 12.694446759941599
3 -99.21914483559009 -60.54058935969773
4 18.747725840562495 61.71319363158614
5 -56.23742080812215 -12.872570483082796
6 -69.57983687878652 4.289831636671934
7 14.266209488502923 -65.78816686327451
8 -30.053773360887064 71.42452002551204
9 -34.2049248914966 33.57514273861207
10 16.314887530541114 -22.796136899874895
11 48.68995475778212 -84.2406086524846
12 79.67898580975995 -12.932883660930926
13 27.13423634508119 95.18315932692241
14 -96.12504686921073 -79.73317763410752
15 -75.83403526956417 -85.1793622662912
16 -76.27754643882336 41.04647365466059
17 -2.294092270491106 -51.56366417073088
18 7.9451809193630965 29.972050962917365
19 -73.41285360861502 56.9878709733203
20 -39.844688251187364 -4.981772761789088
21 -57.201586398815294 -95.40146379375712
22 -26.804151781245068 -18.57584912250823
23 -15.370130879026988 -20.459759629434288
24 -63.763393280458345 69.99774064676319
25 65.13658180191376 36.95664010539011
26 79.37115705904864 -84.53846303312025
27 -48.68837170741245 -17.404808280746778
28 -92.93641199519693 69.59714904386666
29 -68.41289185084736 -49.39396610686768
30 -80.35443254542145 58.35952143248761
31 -87.24183248678095 93.50458360813812
32 51.165633724700655 -62.20391043108153
33 -67.8485110416416 -1.3161279181074974
34 62.24435296787772 -59.47974904152724
35 -3.1636708304945955 73.40163998832173
36 -81.8095553649801 42.65236225284255
37 -31.097142785370394 98.95632302875435
38 55.48451914215423 30.55568673652408
39 4.308882825241582 44.805078421303335
40 -6.161224079082061 -72.64119851966508
41 22.522879924948143 -45.33390004622753
42 -13.607615919098563 51.16988986817762
43 35.16756388000039 69.18656343648888
44 -82.79604725575908 -79.94742384091586
45 94.0949881762152 -66.453546098643
46 53.0540854355192 93.24690816364443
47 -67.19940859364688 53.40784080804178
48 -64.32758668375112 43.783185185150785
49 69.8102479321197 -91.0920449751757
50 60.85526092548716 94.55045381282443
51 18.65091992707721 13.933715590925019
52 32.54155381490898 -81.95460234264627
53 -93.7579478030518 16.704264149511403
54 2.766099596742251 99.44165155620618
55 40.021447856241224 -22.27282242804381
56 12.51109656679526 -6.71663878352085
57 -16.154097653760374 -67.51684606067923
58 -66.17192200197309 -33.97888909368059
59 -96.316552203634 48.73288614955558
60 80.20425134240787 -90.22779604191777
61 -73.65942600866467 -77.8709423819856
62 -0.001390226701758479 37.10155287360814
63 17.944484628920378 18.85531978812591
64 96.87488969483357 22.28325941738214
65 33.62682341901839 -29.696674406029615
66 -68.49016208665381 -58.58273588109899
67 -84.16795960324966 -47.66224413285596
68 -49.54295459607225 -18.060704790683246
69 -74.0999940307848 -59.511459044589856
70 -39.10212881959938 -58.523386543305264
71 82.04913128720966 22.44841736334115
72 -75.88709119812421 -83.33410580623323
73 46.612743020443475 -29.45695710762881
74 -24.14138204704645 94.4638842599181
EOF
