DIMENSION :74
NODE_COORD_SECTION
1 65.18831249329816 19.31087793654467
2 -66.16509469417954 35.15404734996346
3 -39.517273207772874 -9.89513427635407
4 5.294002686151117 -77.8645197604789
5 -75.42700878559788 2.911662070735005
6 2.667064666730411 -96.1789942979036
7 -73.86142024621412 7.354990170524218
8 69.65124846460898 -68.56037980717178
9 -66.37589452166601 8.049817254250001
10 -8.162716607150116 77.24025458234223
11 67.55371368016932 69.86895741264868
12 19.700753051658083 93.69407299995041
13 62.21219874307124 -14.272607970278543
14 -98.63397559512977 16.894848818448736
15 -84.9073492882563 -58.026515700847156
16 -62.375440874040635 77.859729004792
17 90.98673397137574 -93.48481306520986
18 -74.20913964943207 -33.903093521200574
19 -82.67957164819123 86.09848545845159
20 -5.669176416597608 1.720706605749072
21 58.31461141056414 51.69447175402067
22 -53.20104422973366 15.558626719157814
23 -12.223695871130786 14.740273110524456
24 31.47227992043372 -88.89100568907313
25 -6.196847953298629 52.01833069790473
26 32.17057073410837 -12.128000892851702
27 43.41007855286435 23.247563735684878
28 36.10385617541212 -57.50920955984604
29 11.063801494603666 -97.0011629081801
30 -23.810112907609465 32.303483679643364
31 -67.66273234258628 57.336478654070476
32 68.13574398130584 -14.678968302018973
33 82.37283069172153 35.62641785517829
34 -33.32066892471828 71.30982550422894
35 -1.4306368743412463 -80.75923196160025
36 50.73807495719035 -89.42786828978255
37 67.88521812183208 -28.572442800431077
38 -86.18629320577793 90.18135601560735
39 -18.624575297196415 66.40357505433298
40 83.85354916569372 81.84336263366492
41 22.058048051139295 -59.23284636747177
42 25.870360574924646 -88.78102082921946
43 -3.068678130910655 -93.38305866122451
44 -9.02579684371348 -84.54298730968972
45 49.93959609166632 93.30171992887733
46 67.07161169812133 -56.148923025300256
47 -0.08723930217145437 -56.484699524995754
48 59.33858036517728 -94.05237988469788
49 35.98040826233287 -20.510231531532995
50 -17.324242605173424 52.096632258003694
51 -27.311549874863346 -23.670751408193055
52 -16.294417711207004 -16.649468891085718
53 18.022602977130077 32.06551944820541
54 26.472799755409397 -69.21921313274512
55 -60.23039832948378 7.80581341353998
56 73.86122296847091 -81.30399371410071
57 29.123632095327793 26.38226989686001
58 -24.158706703669637 31.909069074302607
59 -44.827974062152734 -35.79853530530474
60 36.014527950438264 -55.88483059396596
61 79.87077367649519 -51.46836896403273
62 69.52239378860884 -67.39341861912791
63 60.34707805046801 -18.74585749982154
64 88.23888519532434 3.9639945670545558
65 3.84259406538483 -49.855092159651846
66 -46.73249737847116 86.0284078569824
67 60.337704919087 60.04052987361172
68 20.11498628327 -96.62836988586912
69 -61.12635848135142 -81.21716718808898
70 -31.484348619358315 -53.352606391506605
71 15.815845006094293 -53.37516109571803
72 56.7317592661941 70.61928375928471
73 66.77859558739084 42.819938251053514
74 -30.74303124049011 -88.67432676844189
EOF
