DIMENSION :74
NODE_COORD_SECTION
1 14.005939712080021 -36.697120680131775
2 -14.291513286682658 23.128069185561742
3 -80.0248294812032 -48.13885601268926
4 -5.87661637289014 -24.888301782064886
5 8.16725894151746 15.113772433252933
6 26.566078774867805 12.24832663842183
7 -42.85121502402731 -85.25222338683133
8 78.89930225484039 -23.80885585116272
9 -24.420785240228398 -96.68626832916533
10 1.1501259781506548 43.67420100743152
11 -90.88587142489703 -91.11554558676018
12 0.3190061567954956 0.0768864872907642
13 77.20140611477584 84.34929896484874
14 97.21805481932225 1.0035535477654633
15 70.31839619348548 -67.98082926079488
16 -13.656211048049414 20.541669733494274
17 -54.57520399659839 73.00637033112221
18 20.640873928186537 -65.72413789685206
19 45.8824059784921 20.882422273655422
20 -2.8846915949987135 65.79929978755953
21 41.8195544000132 40.40613472185001
22 54.60669309950063 37.37797092048041
23 -62.10541353039773 -75.34683226846106
24 -88.36894029624676 -91.41261763912036
25 -72.36075437451879 -92.33247023052328
26 70.05718344718775 61.15538654042041
27 87.03945761393314 -55.205650424486265
28 89.48084031286814 93.90876394797206
29 -5.262391414952063 39.1424573552743
30 -2.4868516800388534 -71.36458943251816
31 42.21677699015109 -29.83566768008386
32 -57.199465632692956 -4.162104990677463
33 54.55421183105017 89.12998181963806
34 -79.55442794275208 -31.231682578217644
35 80.80770211464042 -13.689534288263943
36 3.599432065044738 44.79839834568992
37 32.82515290273864 5.975796961057895
38 0.3482461884587167 35.092857445195335
39 52.24418335818066 -12.14900029655972
40 21.617297283455343 -83.28191831409268
41 67.6751747962829 47.46319805183313
42 93.66838634809196 25.732336677399474
43 -32.462227055880064 72.85166530427901
44 77.86752851904518 -74.53238064588808
45 -41.25269505779232 -88.59819521564808
46 -29.248644099004423 -28.872498479480456
47 7.424241880113769 -51.89688604775411
48 -50.977455581453526 -90.01078196563994
49 -34.97359108514108 -64.6797211734154
50 96.9558037520311 -94.08751294156825
51 71.78007853570762 -75.79451372004053
52 7.797755392325541 -42.47858449736199
53 -0.9872044564158244 -30.830686806949686
54 -13.904496302183759 -8.659908477902121
55 42.967271148645494 -70.6336330083706
56 -5.509725070139737 -45.67362050171029
57 -85.09780140499952 -25.05887928137102
58 -13.635944726704935 4.662613315260117
59 -14.23744324934026 -79.18164648899213
60 44.82872167742812 5.325857094987427
61 38.42833577102678 57.11165264787837
62 8.898773683947397 -38.12549435871979
63 -43.472644488658595 -77.23746166914279
64 9.290231625088794 14.05208362873833
65 -63.97568494224164 77.81185658361468
66 -40.86003397071074 90.22308663557038
67 -55.72526160626414 -30.25593731162391
68 -50.958910422368795 -35.68012544125756
69 70.95918304717549 60.63416755451368
70 81.14190501719878 16.893585376374503
71 -83.71046761867827 84.3661174930379
72 -56.34292011494093 95.02617206569238
73 44.10573476503575 36.98050717281956
74 74.99167800320993 90.27473336614025
EOF
