DIMENSION :74
NODE_COORD_SECTION
1 -54.968675950690596 -84.47258988604382
2 -89.18360176175216 87.854929368151
3 99.81559515250814 -84.01901368524389
4 -73.64210633147108 62.13885143270326
5 -55.566415757157216 19.96433386404904
6 99.0969309887412 -47.86379274281947
7 47.19111969567177 -34.26425494305157
8 43.2186694716701 94.00651922994521
9 -74.26495284399317 66.1939194508507
10 -20.155215937970667 84.3240340564941
11 36.95454143125494 -16.56679258641188
12 -85.76232956419565 -83.20377276455513
13 -80.7331640823603 7.662289849680633
14 -58.423832848087166 -37.94271654955477
15 -70.25054375841815 2.137900469243988
16 82.84697377233823 -94.19854320783728
17 -42.94227358361298 15.804293204182756
18 -43.5024780705435 -8.814725124166102
19 10.79281200733142 36.61814940137111
20 -23.15238262136387 73.3416066939563
21 88.96211994369881 61.077778433736114
22 36.85870614965256 87.012629677809
23 7.400560240076132 -10.735605003379106
24 -19.2887359072989 -47.277081467925576
25 -61.50253352961064 19.74249602055191
26 0.7422206968804801 -97.42221604139134
27 51.30093629989375 14.95523928031291
28 3.646056383913134 93.68618262272324
29 71.04744100186343 -64.71010291510153
30 -17.555299755857007 -4.628508981510478
31 -16.608415411052135 98.7775374435233
32 -96.41715919591772 -14.252433271719454
33 97.08707487427245 -86.56996692362044
34 -27.393012706218684 73.90150994257053
35 48.596769698850466 50.506711946153644
36 -22.761926601647957 75.83870787400048
37 83.08612208496174 -20.458130577157107
38 -76.75106572127231 -84.49031938739276
39 78.48093013583758 -30.24641835153929
40 -23.590344564331872 -3.347597977795317
41 92.74687593051846 77.4931931131027
42 2.8652698832747063 -3.1522201171335382
43 -90.72514416529344 85.68394890463671
44 -39.33812196198687 -27.899901038973013
45 -68.76726160247777 38.73641712423995
46 36.738771119967964 -71.58177640144983
47 32.970679030320724 -74.7828325645373
48 -53.44416913363319 16.2874611737861
49 15.043732247334304 0.5865227644253395
50 17.62690297801535 34.586046448841614
51 -70.85799708900267 13.610006929314807
52 -36.41856592891679 -7.585744859185638
53 -59.80474325008836 2.587360885642127
54 21.978335562940913 70.46825264522869
55 -24.8546706896217 -38.66802986667972
56 -23.052594548723476 48.004778705519726
57 -28.643676798419122 -60.127409709843604
58 -83.16458439374208 -82.89309167758339
59 82.35914115453801 41.138418617078344
60 -12.614646676654687 -7.124860849890297
61 -75.39653461648585 -97.57249740268139
62 92.57896799221805 -53.667855351592664
63 56.1167726087219 9.247643599233427
64 68.12432939496958 36.243575181941225
65 -33.553306283823446 -20.842049200216977
66 -93.32838406087924 -3.278627494400311
67 -73.01057586941435 -25.47175453010378
68 -50.80800808842605 -50.609893816513484
69 -98.21639368989925 55.67270379141857
70 -26.4441073357728 -47.93907905714454
71 -48.924498432071516 -30.39701626882578
72 9.19871784194062 -29.7282608202178
73 -26.561978802090252 -15.31462593945983
74 85.86338532382675 -36.28361613089193
EOF
