DIMENSION :74
NODE_COORD_SECTION
1 35.794324629821205 -82.47494738936278
2 -59.724690071926936 49.50000384989872
3 69.5116670039223 -88.1821297021157
4 80.93277388119427 -55.33598019779775
5 60.88150180114877 -14.71161301890372
6 -21.6219478464392 -64.36135048064548
7 -25.904124772458076 -35.87620311826039
8 -49.59380851722204 48.838127420136516
9 97.41867173797482 44.317359750887164
10 75.67965392891674 -65.53758271745079
11 79.56235260260061 23.192510515962937
12 -7.0030648334134185 4.840956896368567
13 3.269645995093029 82.07384505132453
14 -92.98035997841762 -15.392503640169394
15 -11.242376881079835 52.26445585325797
16 5.322543313639613 36.60372856776374
17 -85.59179157272033 -57.22195122016331
18 51.982690480993625 -35.67649690703729
19 -81.93426280393088 -14.186606598127355
20 -35.47484154219221 59.87341353289523
21 -0.47129750170059026 -35.25225179245007
22 -96.10532993043886 -34.160323002638165
23 83.29940050848458 -70.53506891182727
24 11.223834804164795 50.1152860541668
25 -79.61820898300647 -24.87726518956093
26 10.520285800944734 54.655372366414696
27 8.89437216412243 -36.99649702150411
28 62.99663569426127 -27.707050024245646
29 95.49153465588998 95.88078595907913
30 -93.38133037094715 30.161132506158737
31 -16.93670017377127 -74.6261053298017
32 43.54875584940481 -86.0679747197211
33 -85.0899474181106 65.0514113808201
34 -51.48689340978094 -46.00341027982082
35 -68.4347176975937 10.583707669626307
36 -37.277069209822386 -87.12621105945681
37 -96.33393794380554 27.03353760676235
38 -89.1687781667361 62.55140212708068
39 32.74742702835016 53.41291442098958
40 -67.49159150358923 21.124999402611294
41 81.56349625804319 -4.076482121613509
42 -44.428264918814996 -69.98446549461906
43 46.514605053574 33.836844149803056
44 54.2046518285313 -3.7898115742487732
45 16.98646291674318 45.75961135470527
46 33.6542405004476 -1.6149102221634877
47 -20.1163126522209 -20.931292028491953
48 -38.10385934818383 61.43260044168767
49 -77.6331631161172 -68.41078372322062
50 29.108044525695988 40.82996405737666
51 -38.22148877121256 92.12810624695086
52 57.3944019513346 26.45011233251668
53 -11.029350607563629 95.26511566940573
54 6.056479382722912 -25.170436840905538
55 49.72180857662619 -14.158404657108719
56 -78.19639441332589 -90.42768173992178
57 8.659616308471513 59.87696212229156
58 -31.347163383773392 91.4828371091937
59 -58.91963897403711 -48.81835497948954
60 38.86595381201167 53.18509009439606
61 -19.716006545851045 66.72429152296147
62 -5.875749551658771 17.398901847778788
63 11.519630192755443 38.85025881530194
64 15.243072570523069 -26.29123023822484
65 48.36302531180172 58.737275892433104
66 49.0797035866764 -24.425580280231742
67 -46.67588826396083 -16.98657379134147
68 -67.11028535492159 37.49638601655221
69 -28.29071901397171 -35.74853503722612
70 49.2384599758783 -38.33588029047288
71 -63.76035806079459 46.09273110860266
72 -81.32400987520259 -95.92203297952906
73 -30.346985906516082 85.04281456442513
74 -27.26483583332721 -97.94941718010033
EOF
