DIMENSION :74
NODE_COORD_SECTION
1 56.994638133781535 -0.5524747262024619
2 48.44747844711591 20.025726465931342
3 -55.21986975532327 -71.08757605455855
4 -86.79107627386055 -99.4512114812153
5 -83.02036284087934 -10.064576354280547
6 66.6569045759367 18.52822882358673
7 -8.457239753833193 -2.0021022851775854
8 61.5384120639616 -21.03916566513068
9 -98.51409480804882 52.42407279804445
10 -67.91654260304037 -36.30866652009617
11 63.58615391894557 -6.859270121144107
12 46.03455593074773 77.52039167078496
13 -56.32656786876842 -8.243635447010789
14 -81.86650425223468 -22.10947823227633
15 -42.92318674674702 -71.54480143389145
16 20.203258013357498 30.75854076492726
17 56.257433092327545 -78.7594784355218
18 2.06466518200277 -59.072673665886775
19 -47.612919257155006 -79.64926766730423
20 -2.1212313582228006 42.02357497391847
21 93.60802045790044 58.210750482385095
22 34.107629376636794 -0.5275632726524861
23 79.93623678162496 54.070333244568275
24 -21.862319232776414 -20.766078745543908
25 -66.75319301869806 12.519996803849097
26 -29.288624811646315 -34.27001450469564
27 -39.49330958192914 26.364275360864426
28 70.66454997417713 74.30537622067882
29 49.39676175908704 96.87111177300986
30 -92.931763961817 -3.270734261763579
31 -82.30846500734816 18.205273123144934
32 81.72546637209851 -57.341138591172445
33 -98.75848353543839 37.89263514720312
34 94.07502938796043 -4.349853294896519
35 -89.87029781453427 -98.54855694963047
36 70.90574502509935 89.21506305857716
37 8.550406406072852 -83.13454200263848
38 -25.11359618614209 26.588442846777866
39 81.18493980569116 -66.63676612707721
40 38.768042393811754 -82.71791297287263
41 37.325489995559565 19.006603633333754
42 -73.7832070692786 84.16745076124172
43 -26.27509503538552 -57.11936788572809
44 -44.4128406749567 -93.25755204817163
45 68.1267671160769 -79.78359874732146
46 39.547082103255946 9.401952657456462
47 -92.34338266466528 62.566861466930476
48 -8.682297537105256 77.94563205590589
49 69.73188914764455 -9.804699165540029
50 -72.60762523301445 -6.779124558950798
51 67.87447622405608 -89.87516322228844
52 56.95095551401056 -92.28753520378868
53 50.78660051164255 -59.16347807978583
54 -10.212992491605519 -40.94505273813598
55 -99.72284976893644 -26.60736579768806
56 17.417124790059262 -86.14246086116208
57 12.102128497181582 98.80088166116116
58 26.143097909165604 -34.10451152754162
59 63.50958047919505 2.7241951308427446
60 -13.8107327532542 -25.364009204174536
61 72.25580146280734 -68.82003055814145
62 -72.36109307574276 23.230668406779984
63 34.08626164664133 64.66155077632268
64 -38.25487942325046 99.52080021287267
65 -10.848835668970281 3.1539642855379952
66 35.29320592141818 -40.73452927365109
67 -87.44777195359757 -39.19520454143777
68 -83.95691453863861 17.71694489418212
69 -49.806219428046546 -3.4496705934524243
70 -1.1180653777691987 33.83156612284532
71 28.337779349129733 -34.21395071814544
72 95.16864063297467 0.8185893049379018
73 -46.260970173364214 68.20963094130806
74 21.853425008901127 37.3933962191889
EOF
