DIMENSION :74
NODE_COORD_SECTION
1 72.43288913477929 21.29671121906749
2 -94.28810802720835 -64.50811969024636
3 -21.492207399599337 22.764689938953325
4 40.05492605432744 -1.6274120767722593
5 2.360015793802802 -53.95410083526564
6 0.7943735092027708 -16.683711176696875
7 -59.074818900148344 47.70803171107724
8 -11.51774246119244 -67.17362549158784
9 -21.181360831362724 69.1342456445789
10 64.59761670758789 -27.96165339342099
11 86.7025467780299 -27.652814982042727
12 -89.88005778580026 -5.618943836807972
13 96.01808850584638 -11.203651635799503
14 31.283716568960386 84.94796771977798
15 -29.134793819817332 66.39310722819761
16 95.50358942254366 48.6011011428551
17 -7.461059724273909 -53.6329945678375
18 -59.188742824626004 46.744457911180746
19 -51.79201740785142 79.05574992035187
20 -56.25332547780453 -85.13224020825348
21 -27.552465932954988 -3.469406109388757
22 53.49774374602126 32.37535064016063
23 28.81527001703867 -0.002230910560555799
24 -95.81569895433684 46.87929142166564
25 -61.61436917285186 91.2056727967481
26 2.5336640113449107 -82.9504236291616
27 -36.86567847743514 -20.373364705313307
28 54.79664970695529 31.278628418839418
29 34.29140152611478 -69.02886649004263
30 44.604475948594285 -16.168819310910237
31 -20.742019787442416 -12.368664354393147
32 -97.43144229421668 -54.185273712736894
33 -54.5920083068691 87.94004177051573
34 -81.22323397686469 55.21987906624386
35 45.07317910963317 38.6699675569495
36 40.94129999198623 68.44386398241699
37 53.235964642708154 -46.01243872008851
38 73.80479004232771 65.12465637159806
39 -22.068629911976046 64.11448918532244
40 -50.48702131538554 78.77711493094287
41 93.08582860577468 -81.76094282490074
42 74.01370186103881 -62.36330253302873
43 -25.502793346584696 -41.24118826092331
44 71.14364148287379 -56.719697735878526
45 11.886916310598664 27.724755695673537
46 43.915674595026644 89.00788827785968
47 -16.5683220382942 -18.603464172840333
48 -48.378534772091264 -74.36740243402629
49 -26.09115541968761 35.107131451976784
50 61.71519722952047 -80.75889636104031
51 -6.434012418903805 -61.825427827176014
52 77.0462223101739 13.65008411440715
53 -87.94815217602886 -12.612698264422889
54 61.85974382865055 -90.30139077452736
55 -39.77761815999612 27.628872861974955
56 94.08626326336022 -95.81947710761492
57 72.36219957686964 -40.503315783249064
58 56.792174228977245 -6.865273187268997
59 -57.66178022490747 76.30857752703704
60 -51.73468480398857 -62.62447239140138
61 49.428972753683155 -13.319848723194923
62 -61.939033434776206 -87.44088449246541
63 73.04949995272631 -56.105269399334865
64 -74.56472275226642 21.74646002030869
65 60.31839896375581 99.57693582975799
66 -33.055340117027825 -64.66316839521852
67 36.39011680662887 -73.28004996389761
68 31.591341033339063 41.41027116934825
69 54.70209692361243 15.905556153885428
70 -85.25330787695466 -61.06851754012077
71 -27.236906942504817 38.595157434911584
72 -3.8143752875915595 86.93148508501
73 -91.16464269967352 92.6589683940503
74 62.91688805269726 -65.30233465727244
EOF
