DIMENSION :74
NODE_COORD_SECTION
1 48.37415016538111 -52.787055755062994
2 52.35491486955027 -42.976384780313495
3 19.00828555240153 77.05413167311843
4 -1.5719796816797924 -85.75888284393041
5 41.05947399636506 76.1877094969312
6 -5.900333224954181 -98.07722739585634
7 58.75730309491652 -21.740065852302877
8 14.843538595074634 86.24638122005132
9 -21.70117315919488 -83.90227450977135
10 17.824186713139454 89.13500799747285
11 76.00286154620602 -59.63781948770461
12 41.02237823555578 44.86110574103833
13 35.81395843506118 55.17539158789165
14 -63.7823641080232 85.96833497158133
15 -81.6160995993451 -92.23717521734464
16 53.38771825971156 -44.583497128431304
17 -85.06500183382684 -78.30749942741105
18 -89.31353839541858 -14.980657619735524
19 71.33616235597032 47.081420919886284
20 82.01289613751504 -45.34137386845008
21 81.29919316496711 -83.82141268800018
22 13.286170429484486 -47.57756058286851
23 -57.67071079118728 39.02314122783963
24 38.892308378758514 92.72930549492906
25 -55.95957123207786 -48.58482442735259
26 -88.62954829530385 17.664031266434947
27 -84.3272452364122 -63.774205285198285
28 80.25775711191585 -93.83485223915827
29 98.12566466472092 79.1121461717131
30 -39.88624353399936 46.36791130749688
31 25.54692937639247 -9.007886314931142
32 -86.90360112046929 88.32086470060491
33 2.4946472911155695 -67.82751085554003
34 38.06374176930203 87.45807313197983
35 -55.08453280696275 -93.18648501385067
36 -93.97332684016668 -26.376861427205796
37 -83.34095480492411 -38.54833539306666
38 -89.12030994164932 -63.894785076349606
39 37.975270470002926 17.59167123238194
40 -85.3116793515562 2.061321770441509
41 -31.58265441588975 95.91788416539842
42 -41.58675951811222 3.8632005546451325
43 73.80037551921421 -51.53598948613498
44 -18.19712373955491 -19.678776594038695
45 75.34171093579093 -94.88053546350694
46 -49.712349399985676 37.40170077405375
47 48.83583138120517 -37.86047389491512
48 -77.93922778134244 5.9681797600611475
49 92.69304596252206 -7.134379636147628
50 5.13184938790036 77.24127437248137
51 15.898027526268748 44.65108173736334
52 51.991378073869896 -28.914307307316363
53 10.420552788736842 1.026831503905541
54 -81.37449555301113 97.89714399084355
55 67.33754615851299 34.43044046755264
56 -25.027802040523085 11.775911918389141
57 71.90200227982072 52.36112941485999
58 95.51141350564194 20.837919006474607
59 70.02091048579766 -51.38766765279985
60 -18.46652704987524 -80.07183969239166
61 -62.91901999056269 -88.72750992436269
62 -29.268617975376927 41.66549483282972
63 -0.21261947360397926 -89.52622448643415
64 75.1144311785558 -16.338220393710515
65 62.65735715629509 -8.592377065520012
66 54.84192232133728 62.922418318763846
67 -26.962839635225166 -68.08514585199404
68 83.42748275408547 -27.150458071030513
69 -78.01277455447712 -11.002637314497548
70 -11.134023738642696 73.93291133076465
71 -76.8928509441722 54.88731842483418
72 -34.41346193808927 36.12790292767741
73 -62.65144016326292 -29.15103321604937
74 43.736920935236725 -30.916132463902727
EOF
