DIMENSION :75
NODE_COORD_SECTION
1 66.48359757148117 -99.42395012663998
2 -31.548440076496604 16.303211071944077
3 -73.29733745198801 36.533085645711196
4 -2.1953443983938428 -50.67300917976796
5 -2.944912700178577 -75.98647571048096
6 24.654677315273446 31.60022624184623
7 -59.48253840920328 75.9676673271764
8 17.9899124206879 -88.87418809960077
9 -2.7055255758142067 17.881510473668698
10 13.398739703988369 -81.47505592270245
11 88.09088728152184 -4.994287832062881
12 65.79198527750825 -40.42459915547967
13 16.15760280979434 -87.3135753054122
14 18.54159770618257 -42.65354777231216
15 -55.73453025711914 -40.952789750280026
16 -61.66617184975684 23.355361433357075
17 -85.63805931340028 -22.564552795716963
18 72.26148630314918 -4.040304060979594
19 50.51721482129739 5.460509337337399
20 -27.843456850780314 74.23852879106445
21 39.868204573491994 78.11528224515664
22 0.8908395625384316 -3.095164315806187
23 -78.37992487933045 4.386479698964635
24 -13.65070983497138 -31.669655464162318
25 -69.23325725825663 -30.076677450237213
26 -78.99360403003044 -82.44681740711381
27 -58.95667379002987 92.74827697016784
28 -81.48632169705948 91.17783499133475
29 -69.27505118843567 64.65751770489064
30 -66.56808269514387 27.36579070185823
31 55.23809214901257 -52.12711640333993
32 26.218896845244473 35.654483448708675
33 -47.84801125837277 64.67119583282141
34 12.80977023389498 16.13114341941919
35 26.969327806626467 -82.86924681303107
36 -23.396212396226716 -8.472792252127377
37 72.23702984904247 4.799058985344246
38 -59.60239436043211 97.08804153707831
39 57.84936949521767 69.99971893848314
40 -3.217834421933375 -24.38824944089066
41 97.01730131324385 93.66062703535175
42 -22.253646435332115 -41.159999457976795
43 40.2295089174533 88.95954858258992
44 -92.2923938272864 81.42267128190613
45 78.63211966697023 -4.252624206426361
46 28.915847766352982 69.96742996633759
47 -51.39435914571515 -34.37676898355086
48 -85.84605520543546 -22.77577540961468
49 20.919281743491425 45.699815823064114
50 88.88428732992722 90.24378480742564
51 -69.30565130703278 -81.48861846253608
52 73.46775029672139 -68.61162138279606
53 58.50992133036158 -63.819249771580175
54 25.807794201554884 -7.63802185316645
55 -91.66432359026959 -1.124049314226184
56 15.74904938243526 93.96619969076482
57 44.57819474594535 70.75099514524706
58 -5.213670775595844 -51.92267900214323
59 -51.62125005991462 -99.02050602927193
60 -61.883518520566525 13.37886406819284
61 -67.59801453368442 23.153775874881987
62 30.792185304291223 82.67316973064734
63 -86.29335890731504 -56.763727576716526
64 -54.28679856906014 17.13455487135691
65 -14.1091038387801 -5.585934001395643
66 18.41733966083028 51.655635022061006
67 -45.443447996897966 36.62138909622044
68 62.1097527272789 -64.52249980195651
69 -95.76222361875612 9.159131590180422
70 86.09592402329588 43.58349244582246
71 50.291738615419916 -93.24571043134956
72 81.76016156910094 96.87535846149788
73 -4.149962136409528 42.56650166737626
74 -77.54200511057707 62.93963821943663
75 61.78128844090048 86.06277346217973
EOF
