DIMENSION :75
NODE_COORD_SECTION
1 56.94089734532079 -5.271174550019637
2 48.48088009448381 -76.35442309220306
3 85.16437102640108 -80.79135330153949
4 -15.5112170663878 65.7794763963237
5 35.41060011977365 -53.34070424731075
6 93.78499998294788 65.32486997022704
7 9.59635494432969 -16.98755364350629
8 -34.08172778283323 9.406654749791343
9 -13.64752843046449 -16.945410651368476
10 3.746805211362542 54.51451738744032
11 -39.48870062473526 -28.046991912162227
12 -22.31166407853506 -9.66252136855175
13 -50.43408819083219 -53.42752990811901
14 22.152469822468504 19.561536320388797
15 -58.01485763295411 22.531039787782106
16 -73.12848519768617 41.942317778198344
17 -61.75497763850646 70.48267872704463
18 17.447297240713382 -0.8715541859957199
19 92.663776497056 -6.096862023404398
20 42.28323307296043 36.1256061064733
21 2.604122992131778 -59.305138644620904
22 87.17239298261254 -34.044786597971694
23 11.333134591638256 -87.78434359478007
24 24.163833614097612 -14.02428235276119
25 -8.193496747639955 35.87487465220059
26 -32.06885666721966 -12.501370838467764
27 60.870660910731175 1.230036091809339
28 60.71855435334365 -75.25459463267556
29 36.85264784547218 24.555731258274534
30 36.04171693532271 -35.14461427276021
31 -1.7656403982974496 3.145905287816177
32 21.671624393395277 -72.43092122051394
33 27.084172696625046 48.14941673037521
34 -65.96814830117823 41.37508987664174
35 -71.85430656230905 -56.47182184889083
36 -11.009203696204125 92.3231165223979
37 2.959757034940978 68.76583402312119
38 -91.8678277231904 22.369458864041377
39 28.122576798499864 -55.755582588544186
40 -65.06146065088205 -53.96447591434639
41 37.759265154491914 10.745126258786343
42 -8.07568606699192 -2.6760207314149085
43 -57.48127452145917 -61.68131466449216
44 7.606119171418129 -6.748868629142322
45 30.872362534441663 74.80964418800531
46 21.300057820095446 6.018250241977327
47 -6.774400170710621 -9.391838312333945
48 -65.91312338338474 -27.241358245997944
49 85.32786915880436 53.74176290447289
50 -84.1122390681426 39.961242727335105
51 4.693187429473426 -21.79124849615262
52 -98.55513881280808 39.0857020082359
53 -7.779954062381236 -71.50614257007561
54 -87.89767400938089 -79.45220362733856
55 -9.074097976407273 34.49596882511122
56 -74.36481007460125 -64.83166693557061
57 -5.311869914314201 73.63663726214759
58 82.97494535598366 45.34250375400589
59 2.109807669086109 10.707305797122672
60 -31.467732162147627 72.60089245875528
61 54.10534367287622 51.05211820987512
62 -70.08110747102072 43.897334924230336
63 78.52745824379045 58.97235391090004
64 -86.77781446859024 85.87288013248354
65 91.13362116669762 20.777471840442914
66 81.58758490682851 34.509189155351066
67 -90.58341937448256 90.69694788558539
68 -42.28447297124238 76.99878674541861
69 -75.69971236829201 47.90600553208958
70 -15.018801186977655 23.323600230505377
71 44.42884848202448 -85.79245318537845
72 37.23683637837439 16.94728275712933
73 78.75301238261997 34.451514946898584
74 -76.04195295313329 37.190950536635
75 -44.65499968481992 -94.437881394275
EOF
