DIMENSION :75
NODE_COORD_SECTION
1 -9.920767658561317 -62.63455071974271
2 -76.8802682420553 96.3865355545212
3 -91.64381259637207 -62.85605750099017
4 -92.02560763408452 -99.34014738317873
5 -1.6424661780386884 -87.57313424795325
6 90.40907457224293 23.76927384032963
7 -52.39974228004607 83.00178772893855
8 -42.02894344129857 -13.659436333117654
9 -10.257427443748242 -52.906699416603374
10 -95.60781929497497 -3.2860991191251827
11 32.6015828445031 -63.983100621146896
12 69.63934023871929 -27.003705025274982
13 15.334545080440236 -10.302851239247019
14 83.31370664662435 -10.515226478467582
15 13.710673960379438 -6.489678823077909
16 37.84519163103511 -72.52871084560164
17 22.752034699676386 3.8258678134147885
18 -56.09467446849181 37.97949138851715
19 37.62373330822933 -92.21509876556813
20 27.688093794341427 82.7723178217328
21 26.50498160294974 12.26824840299517
22 -81.81493280545561 -89.9912204104169
23 43.27440269111318 37.670412023498386
24 42.30752285235354 -57.78302357490948
25 63.19429733678291 -95.99001483185614
26 -3.315079264425293 -93.21022962193962
27 -58.61969523316692 -59.928843475642715
28 97.19571369215836 22.998467189354187
29 -8.305606140860888 -79.31516509718918
30 -79.23715665996902 -25.441142204051957
31 62.8006358006584 42.92223176398403
32 48.67305904394746 -56.92682132814695
33 48.474895159710854 -11.11243355511344
34 -3.344420871407408 -44.78949132690278
35 -89.13898136749947 -9.039235235998476
36 74.18232257024292 5.2772162019076205
37 -81.78227730822303 -85.2449733935982
38 53.92836770862786 54.868133962746555
39 -97.19807033422538 5.718287649278182
40 52.057966547074585 82.57820809396924
41 -70.11412524414011 -92.77855245403208
42 -79.02206721062709 59.29338441893432
43 35.50685647793571 51.14061610900583
44 -61.57317010048586 58.36863876358288
45 38.40008362978861 -53.64561601036601
46 40.24491845044173 75.04005059197127
47 60.66655201399155 46.241393491312664
48 88.89639607926244 -74.29310494464858
49 -97.92034580587739 -36.82255406602308
50 95.79204272621521 25.258846210880222
51 4.535504710075827 16.195538063329877
52 -77.31310004225828 99.41234396735445
53 16.003728942303212 47.38608559749821
54 -24.095758106052685 -20.940660134395216
55 -82.56298415964139 -76.72104013632458
56 -23.136425682850458 -55.079346586826404
57 -88.55084055515108 -50.63728398714733
58 43.367040855465575 43.335232101506904
59 -11.82698017434494 -30.939344960827867
60 48.32517335421727 -22.19436602715672
61 81.56134091567111 -7.10261424668775
62 -63.920641074689065 -4.040722888373722
63 8.494924058067667 9.253515780556071
64 -28.794835323786927 37.87378794190366
65 -56.585814520522185 -34.97969940296508
66 -29.342928648187325 89.25411021421448
67 22.79179620500298 -27.36992151206556
68 27.341725713816146 -8.262065473041375
69 -3.3844941482770565 -0.6476534129158864
70 71.68355227522093 -97.35485231931766
71 48.15201014400816 25.409463344129946
72 37.47285109378359 -32.22398445947094
73 -11.385947914705469 -80.6200038121473
74 -0.7365952895483474 -26.59808304097912
75 -0.04525743323777931 72.52176219934142
EOF
