DIMENSION :75
NODE_COORD_SECTION
1 13.447822013811006 -93.70306301564372
2 40.912406743055016 -3.645185578271864
3 -33.17374360095182 71.85181217382646
4 38.03778909274948 27.256985077042373
5 -41.56311557373857 -88.45704745481908
6 -79.58222266658528 7.744684951228663
7 69.24690608307498 -2.231189553368452
8 -96.07838481255895 -30.71295023994405
9 75.81234768897201 -90.75982935518898
10 -51.71114084666477 -86.40352483312901
11 18.242475699455028 -56.28569191753139
12 -18.842619605176054 -65.25866102709539
13 18.00653976210549 60.358112858752605
14 83.22817338253475 -29.121580079161077
15 32.478458300189345 28.919054203491328
16 16.482269402090395 -10.16504927660145
17 18.466880239020256 -75.20286251136116
18 -21.658388831853486 -84.69108681814674
19 43.579418712283 2.2747825553431227
20 -53.10773350511544 -65.75445200031172
21 32.121576253801464 2.5759085989184314
22 45.76496049879805 -9.01300646277727
23 61.3322657402324 -90.91069088258237
24 1.9944977423139534 70.08097803195196
25 34.10956861575855 49.005686054015996
26 -3.8438971028820816 97.17369985708089
27 -54.0181611674988 58.78157925843698
28 11.303409403497838 -53.79907835331428
29 36.93080318701871 -19.742313618659296
30 -24.29076919545348 -68.8694647884784
31 72.77499486923745 34.92290569455773
32 -35.8629675258382 81.79876051289148
33 36.17321320855757 35.72975907011411
34 73.34726144368355 55.92132854035191
35 23.909515583991748 -60.96936372796067
36 -80.23036827943824 -76.85001804526885
37 -55.027409591191656 -86.38137037848958
38 20.748719055893503 72.0837217353619
39 93.04403170750132 -90.4794579944837
40 15.496913123324305 -62.56668341947758
41 27.36162480194602 46.10395843042792
42 -42.13462396165648 -77.92345965760809
43 37.525211330609864 7.22411223984534
44 -29.729898510468075 -2.4691148107218766
45 -9.335647895250403 30.55047426496526
46 -13.413171979352725 6.409271072748197
47 -36.511461785508835 8.877060777613565
48 -68.44489463099237 61.7136112994246
49 -52.907736652835766 83.1344001314834
50 85.20830383610146 40.35995052484725
51 78.98882770746596 99.98528497457525
52 -36.92696218024019 2.1181087056762067
53 -95.30168290441753 31.300470524461844
54 6.357946522450163 30.187665953898147
55 -99.68321635516244 -91.52552415314085
56 -78.9216704699487 85.92136150346158
57 97.84511929477935 11.45576827984236
58 31.039826074028042 -2.254085624025663
59 -53.342132429324906 -29.470290890935715
60 -83.1693135492236 63.119365753744404
61 -82.65648438213076 88.306583173522
62 -98.55106650873726 -67.59685845631016
63 8.249677859724102 -29.96878332279684
64 12.917162718280565 64.81606959914373
65 50.41783301801243 62.24466204471915
66 -94.78565020583778 99.17661618274832
67 -76.80587949081337 -57.007416381009165
68 51.08054588701012 -34.071226446385026
69 90.65404070321358 -18.81105619260208
70 -66.27304869552387 81.98593867483771
71 48.08061835238286 88.40766694298665
72 -40.78961365311267 -83.78367371351808
73 -71.91293128194398 -76.71083149901554
74 -12.792213251371365 -9.067542704687142
75 57.576600230900596 76.91241713409445
EOF
