DIMENSION :75
NODE_COORD_SECTION
1 -51.89914939363067 1.519870646049597
2 -39.381399945818394 34.922650020718095
3 -85.75871630593971 62.66149516559338
4 53.0121698138536 36.07849101155111
5 72.23073795125407 15.252884120887472
6 35.13626242580028 -88.4162499240936
7 -54.091795654295005 -91.55263074360394
8 -64.4214907994727 -14.16365508789319
9 2.9893857867623126 34.94371983598825
10 -97.01723351108103 38.948552742263786
11 -94.82394250787316 -40.04665068144369
12 -8.810659632864699 -7.092307637496376
13 -86.10615501344762 99.84042968546197
14 22.62625283380619 -63.146326705297184
15 42.46037726962507 -62.22989317843075
16 78.2731563183223 -31.640604203374195
17 55.83740564721637 50.61404265639996
18 -11.504072313205143 -44.86097433819154
19 10.722026090124245 -60.473304348185806
20 6.276617205288986 -19.601687683755415
21 -98.41635053272601 6.01965556367449
22 32.8400178968615 -74.91994820871312
23 -67.6449588038632 96.02552851061921
24 -64.59543895767737 -38.45303524399088
25 -31.16282939370636 46.35688019875076
26 47.76194549654147 85.78332716134776
27 43.47929216397185 11.129806233687773
28 76.61638922490204 -1.0143636789791515
29 -17.952800517304212 20.135811781269524
30 -49.90903904765187 64.45180288047453
31 -99.20587243813827 26.809636818749155
32 39.53504547544796 -88.03269243571576
33 83.10038855570852 40.3548661413833
34 61.743516688172235 -60.574084239227275
35 -13.850637431795178 4.753105535208732
36 25.924819508776693 70.21152441060491
37 51.0590228622365 86.79663711055912
38 28.23160360555204 64.90682829746652
39 -6.0102306346815055 -34.051486468849475
40 -83.60571207935715 57.18356085993082
41 -58.89913481971838 -19.25190974360767
42 47.97431281278108 -13.731938767827373
43 -63.170650901788726 -20.35591345539673
44 -52.01943750333131 32.16508279588183
45 2.8169120007215867 48.55132639553091
46 35.06887061871825 24.86173145868962
47 53.911650031780255 -56.908657177784306
48 -69.72882814390913 95.02254093189612
49 -11.976647864529028 40.391149063868255
50 -11.82261036824292 -38.774301817933576
51 -41.78762357672807 -56.52155877623733
52 -2.2802548624942176 7.579596178286607
53 8.2438774839612 -79.27428740852827
54 88.18561531225768 95.59781071817952
55 -93.05946960832911 -56.54032671634677
56 -54.18813910605231 75.49978907135838
57 -47.981298139042835 -3.2335165287118883
58 97.28985270436988 14.643547433536838
59 -69.30569105088757 -18.312551479931642
60 48.737168809719236 44.58570439381603
61 -77.80355514177302 -98.58625154427372
62 82.16841081007897 43.303294346834264
63 6.428098313763812 -70.2470677074484
64 -93.77582726171663 -84.59911117878774
65 3.365226212270514 -2.9460308746163406
66 -66.10624917848067 10.665470935596659
67 -90.613330049903 96.9416393050806
68 -82.80619795485458 30.120804016104273
69 -80.42086787902906 16.625188051810255
70 7.241587757536067 8.771833625815503
71 29.163005392615815 24.2102120908999
72 27.88814634398898 35.518988068051016
73 -7.4636561529212315 8.356743085209288
74 52.0532494397134 73.261088511993
75 85.03582598675436 58.7906622441694
EOF
