DIMENSION :75
NODE_COORD_SECTION
1 80.41658309309122 -98.29875535733193
2 -21.057099733762968 74.80516305350795
3 -87.71915464836442 58.27643257994367
4 98.74163416310793 -85.10383616753253
5 -49.297678590960125 44.798678025352444
6 16.851113135169356 6.423319851019301
7 15.284928725972534 -47.72367745934507
8 -20.916698066598258 8.079209249862913
9 70.77683766693633 -50.49948977449665
10 -99.8528418504723 51.17315403083086
11 -72.98392271844591 -74.3703717978756
12 38.705379855671055 53.3053169290898
13 -32.09758933188776 87.65601270462912
14 33.601487314557886 -48.877148974328136
15 34.084091291856 8.195531269775216
16 50.65311448260712 -8.162878420491666
17 -96.22510607443178 90.32984918710676
18 -25.241333054210457 -14.905091560762898
19 -82.90679190711464 -81.22986421888075
20 48.66640755239081 -90.03921576970919
21 -28.458427848873313 -99.59992248127377
22 -92.39376984577687 96.18173171851083
23 -20.278265035900176 -37.70489507650841
24 -11.91375355478344 -45.43077439672156
25 -74.89338589610327 71.6038995687
26 -0.4922945747934335 -81.75193091951532
27 77.66740584446407 -30.782906119306034
28 -61.14662800970419 74.68528854205968
29 -61.61961412533756 -32.06257628458846
30 1.5560512792075087 -82.1735151453014
31 70.1146905679978 -44.09562524843156
32 95.75553021313334 -69.66889348273384
33 -57.87114931715347 67.31567241867998
34 -97.49626033132574 -82.18783944494128
35 66.38036055403381 35.02682085069867
36 -58.9205204757755 -39.8500917105753
37 36.0793177705456 23.399103889162802
38 96.42575535209491 -80.63673096403876
39 -9.606521458219646 -45.194501087236596
40 -55.175955195330495 49.186510417387524
41 -76.06119329657659 -10.507130073139052
42 -25.728226729042845 -11.586850048584623
43 -64.33383452176275 96.0381750915389
44 37.63044204391747 88.23274706518882
45 -31.018783352731433 -41.574898708909735
46 99.46372007595693 23.200575085561297
47 33.41131363917697 5.80694006170792
48 -58.413827564282926 -33.85589183314093
49 -82.1403540938421 -77.68958563832275
50 -22.304995820099123 69.2243004808384
51 6.463496274227708 -3.2258198616830924
52 94.05864849272527 -13.466201850857388
53 -9.699988942103687 -93.89502931312185
54 81.08766667725007 98.02819542231532
55 31.65941421912285 -9.026770637858064
56 -50.28507887869122 -49.74949137660871
57 82.33230650232596 -21.140757055355877
58 36.86367641298904 16.223215239895225
59 -16.66599987394781 36.999859430347215
60 95.88362402339004 -4.953893184232953
61 80.71568207038206 -3.4251915180810073
62 -59.31335014702592 -78.84760079156949
63 -19.4114688140085 -20.489076950812773
64 66.41550287675608 -66.16046238262514
65 -63.78637264457616 80.571385053353
66 4.830220528560787 69.60520968129254
67 10.986961891029964 9.936362722432676
68 -10.801296224789112 82.9831514542712
69 -6.62450147075333 85.27038969098356
70 1.3293223163876462 75.98742204963739
71 53.33671595186203 77.31086031913611
72 52.48511834453197 21.937745428157072
73 -75.5193281660444 -40.698772124313564
74 10.270630697624952 -93.64714664929414
75 -27.78978104607846 -11.868659075466368
EOF
