DIMENSION :75
NODE_COORD_SECTION
1 57.1447358447854 -66.47001401833954
2 -38.485496052425596 -52.96937261966759
3 -96.26328465955696 66.50969082445576
4 -44.887765225361065 -19.347293034958284
5 5.395862916678567 70.74480917577571
6 -89.27254873735097 -40.79902898613894
7 98.20136471044009 93.05187185557179
8 -29.045000198479002 -95.54624025190112
9 25.898173741015825 52.87375178164771
10 80.32768274022794 39.976811523483775
11 92.151663237403 88.44572634170834
12 5.388329331606883 -29.334626390726953
13 -72.27060124463698 83.68608323304784
14 85.6221904330288 5.062193640457792
15 55.50183316962787 82.58002813649236
16 -45.90147716440849 -47.29145199071245
17 18.380369546995894 -68.3852002253717
18 14.521836533720275 -46.80062660867239
19 -1.2122390546585962 55.86287232742524
20 90.49477625588295 49.27778011695591
21 -97.0176544686094 70.59926956781075
22 -26.85377038633962 -96.78186080530702
23 -90.46574562539095 -42.12198348881435
24 -15.120246088383965 73.91113557378765
25 88.47820963480598 -3.7181517153662185
26 -50.1509487255152 21.478153119877533
27 86.14420428448958 -77.90164285607835
28 -84.13129775184231 86.90644747624418
29 40.393732235518286 -78.53521886116177
30 7.820007321397384 -93.8893685767257
31 41.966038009158154 5.562791723230859
32 -90.78668134449552 60.99002862906045
33 -10.134795308775523 -95.26641712122475
34 66.41971838298718 44.465588855771415
35 2.1955905913393394 32.422706382657736
36 -10.81330040637711 22.144014647202752
37 38.57965511821945 -83.84681960102228
38 -18.596259522298325 10.170901782041184
39 66.26872892270794 -29.735670775405225
40 77.6855410159967 -43.00129939186341
41 -40.716062680949314 -6.056929410260082
42 84.19202598145225 16.209428016140848
43 -41.599051433085044 -81.88676781421647
44 26.205895957923204 28.196023104646315
45 -60.481119807717974 96.03771400655359
46 -9.65996811224133 90.4204458647888
47 -61.06983624604507 35.02721431072183
48 -84.15132430813289 89.13051314697685
49 -33.76518912718909 -99.56155172881597
50 -62.63227527985185 -10.168327365493738
51 99.1190190680091 -11.816229748981016
52 10.51125743094299 -60.526076081396326
53 -1.055323810725369 58.26314029611751
54 -37.897232035630466 20.228084860853272
55 -87.92713267844188 -50.631478592731426
56 -1.5786969735515726 12.889821581498026
57 -70.92900030893236 53.399844852886815
58 77.69411306793208 -22.636206934631858
59 -37.57021166850099 18.770663029752896
60 7.169165051563468 38.34434164507826
61 -26.857069876056272 72.67074073007032
62 60.45223666116243 76.22328717575456
63 27.47873795576301 4.99191347302515
64 -72.60495418810002 66.41940356506174
65 -2.500326258978248 -59.587458033986266
66 -93.32769683818269 -15.261824225176142
67 -67.63772487814072 -59.82500641129067
68 30.287215639558468 -97.96539156184969
69 -77.84352754914693 21.3796598724183
70 69.59649690756154 -71.63421253220017
71 52.019921933170565 -40.841977386215554
72 -85.95249779502421 34.98408116632535
73 1.4894783038981814 45.87640721115994
74 36.67172400219539 81.93583054918409
75 -17.471441609174576 21.56106864506509
EOF
