DIMENSION :76
NODE_COORD_SECTION
1 -14.178851425477035 -49.880144630428155
2 23.289314276904634 79.57093594986716
3 0.08068119308346411 -66.50897281561842
4 84.38020149286183 -94.07120603474488
5 -17.17378192343773 55.53126209675986
6 -43.95447387961766 -6.442360594497501
7 -77.96502304391673 -23.220723592576206
8 24.732938977805546 -75.03841312110345
9 -42.6409878535974 -10.40819817375494
10 -0.3766232530700222 -21.067918590701183
11 -94.30582991510568 -53.12009083427887
12 -17.53607481304806 -77.32873988566568
13 57.40123848469898 78.95513013465748
14 -50.03731139920076 81.61552661660409
15 43.64923183719725 -49.042724773737724
16 86.42266048359411 96.16957755044956
17 -79.92256415147408 -90.37505610929779
18 14.643126382894451 -38.524887401562566
19 -62.05080033190236 95.70875888627134
20 64.71875634543582 64.50261109893188
21 -18.802776220941126 57.11647296683185
22 93.2180999827867 -17.83148225852902
23 -63.76350784719964 -12.081912749931533
24 19.324634474917545 -15.155680260801674
25 -68.85231058735337 39.62821023877984
26 -20.12466457480562 -98.46198286614063
27 31.810414705752635 3.7220298324222654
28 21.832997649109103 46.19258324418783
29 14.792099453965179 -51.86986899781583
30 -51.41966065121271 78.96004364195932
31 50.27513693467472 -94.50326199008086
32 -84.4746392155679 -18.026102418430725
33 -76.96879339872824 57.27470732476755
34 30.859022023249963 -33.94339243361327
35 -4.571576787045402 35.26995272530712
36 -41.09213710880755 92.96304700832104
37 73.68344430069365 -28.96313733494118
38 -53.624243423474404 97.17475019698216
39 77.04729747104591 -36.43466954354353
40 -4.12942164227006 -78.07605952828966
41 -70.65983859960248 -93.01074874772314
42 96.46305748178978 46.040341441764724
43 -6.773032996287 -77.41483199104194
44 87.62668681996354 -28.622106938040346
45 49.852248696102606 -26.88100585268451
46 80.75921409060376 64.99242814188372
47 89.92917288271713 2.6377448515634114
48 -8.412409583962983 -94.09437195352051
49 27.1043283102925 -58.90781355600614
50 47.11004587051903 -26.79559400525477
51 70.39631710376165 -59.2844438970928
52 -77.66962506525317 -69.61082854752206
53 99.73284448554415 69.87238948689736
54 34.89109278184202 -89.70175595093552
55 -22.91247041305789 -19.869346601400522
56 79.81380051500443 85.59997880281983
57 95.4441805407292 -16.40058190537526
58 -78.09354337433867 21.758045124834354
59 18.792943203132495 -69.88661984182612
60 79.99905896259014 52.53948534345494
61 -1.4108281370552191 57.63457855023816
62 35.020545703086526 -7.450836328619758
63 65.58250236821016 4.280737852488301
64 73.0315652978376 -93.06165066816898
65 90.65021866008283 16.67871354133142
66 -65.32100028743861 -4.65086091548288
67 84.24541393512638 66.88061763700037
68 -15.859936186127086 -84.67936216086073
69 61.297208904470665 98.86920236093272
70 -66.52500194863163 69.79669430818586
71 36.8766359611825 -34.2818168746538
72 -37.59076867757105 -85.9607857950047
73 -62.331418147638054 -10.237740859388197
74 -41.08274920007049 -0.8349526892281744
75 15.266553313653873 80.67059843550922
76 -27.417904880237657 62.688530403803895
EOF
