DIMENSION :76
NODE_COORD_SECTION
1 3.1292779829280306 35.9254796166164
2 68.47293492717696 12.418068796615088
3 -11.918287729199449 90.20013872199289
4 75.15512908595409 93.63557368075331
5 -40.71257243314022 -35.58917298572142
6 35.687590038795605 44.95926574374778
7 -37.514855191162646 4.291970123087978
8 15.114763271810787 72.59540389066797
9 48.06069033196442 -16.538725638908545
10 -59.83869632960441 -2.3395171690611107
11 98.70142585831147 90.00022237771307
12 23.75667972978826 -98.32511186845625
13 57.42701548884784 -84.0729284122705
14 98.05677575281365 -83.31209554791737
15 -1.7366562045947802 90.7061397718515
16 -95.81354639912905 76.66619890867366
17 64.05301767825802 33.72621555246988
18 34.77845077846396 71.19192022114956
19 59.37241912513426 -34.279875082105235
20 -45.5143330357848 -1.8193985891931277
21 31.251803865181955 15.386267259647894
22 -66.0046234627296 -0.7568527844973545
23 96.37161414857988 -14.987669300428095
24 24.675465427964838 -20.519765312037947
25 80.63459612821205 97.6902117435707
26 -26.165522590469422 62.911507305710614
27 25.489978292674692 38.75032535891606
28 34.678602827246664 15.406044050559103
29 85.11248668942605 25.332566298575983
30 -39.59949724870311 -21.1053987984035
31 -10.48445504131179 90.55018877032904
32 88.43632434442807 -96.19180092066486
33 80.90454604602553 52.491991164696856
34 -81.22115093195667 41.10171099628536
35 -55.94729589658021 -46.65278608253705
36 -30.66374566262064 -39.114831532202544
37 46.2084968693394 -99.77335737771011
38 -48.32240749187386 1.599531276957805
39 -21.979724487837586 16.79248072089601
40 52.107575115829945 21.837751814008726
41 44.190262449288156 23.598550917294688
42 -74.13511582179319 26.326045520692062
43 91.04657105243678 5.0815820305662385
44 -83.66026403274888 68.24430961891423
45 -22.051393179736365 -7.566768321957241
46 -3.4419656186674814 -8.021314902995627
47 0.4176693774440139 94.121704855947
48 -3.219034738691178 73.56341263185266
49 55.111120212223966 39.620811755168006
50 29.92050533506847 40.48303411351
51 0.23518093742367796 -33.05663994102662
52 55.572802582577964 -91.82978710477927
53 -90.28220770506792 80.86491837867229
54 33.82304757329342 -42.55160226963508
55 -54.56028664318047 36.262971033283605
56 -88.42309267071573 -4.667285584434012
57 -20.951544828656026 -40.2144485310632
58 -42.97474229641842 -8.983605638101437
59 83.35632546625305 -86.89739583602824
60 -88.04956923677753 59.53428902644515
61 -16.949689724131105 -77.71778369206032
62 66.93380613482782 -22.49110613855396
63 -94.58180952197964 50.373088844319284
64 81.12614387362413 -41.45141890234794
65 4.021783880604545 -25.936426339627047
66 -33.906451627954695 90.28150830138955
67 41.72474914353123 -59.673269132453214
68 -67.6463785488314 40.673139205571744
69 -85.79095989578948 25.249832396855638
70 -42.432179352942725 -21.811106630575438
71 71.0905718912901 94.78594892644045
72 -23.04230589357961 -81.47202346620695
73 -51.02873649381144 -24.045862761412764
74 -80.6358590674072 -89.93187191217866
75 -30.758805607439427 87.05400078599149
76 16.470464158537723 0.8253221228150807
EOF
