DIMENSION :76
NODE_COORD_SECTION
1 36.920125596843945 56.724783501590565
2 -29.66735565243303 47.531388000061526
3 1.9638103511272647 50.90474665598401
4 -95.8925204984868 -6.046138544290741
5 -15.491740438611387 -8.690834883005081
6 19.897141461600825 -95.25738785482427
7 -9.958418342699275 -32.51471876913297
8 74.37003623087762 -36.797978797652206
9 -46.56503876826699 93.26946549690408
10 82.46994953885948 68.6379733872999
11 25.05239410431848 76.67957520186363
12 68.00455647778162 42.19580660963513
13 -83.62022501383959 8.971732865353658
14 87.53805516719834 -11.671829458854518
15 -0.6066238723299762 69.08356209568632
16 -40.98493282244247 -35.146965295225925
17 -1.3858360200529063 -64.02527839149948
18 -63.10582044039563 -98.52393044219312
19 40.77117248494338 28.9149476505782
20 67.17143961569266 24.81575483279215
21 -65.77654237367673 54.5585528452915
22 -71.4746288164503 97.3836153017732
23 38.766943055072545 -70.31628594634276
24 -80.08321328946943 -41.363992227105896
25 -43.82107967165885 -30.236368273819323
26 -9.671737506743725 -31.871969455314698
27 -77.1704693588944 86.07600712284895
28 -77.07040167833927 -6.035953935051921
29 17.916153382198814 17.846069608891085
30 -16.192783717270373 -35.84641372611459
31 -85.64683197812104 -59.04233312413818
32 -75.50299859307486 -95.8547834298211
33 94.07611424319907 -58.944137014492235
34 -12.088340551948363 20.725204317007993
35 25.495859804695243 16.40360604930524
36 -91.14479224928687 -39.368179715973774
37 -41.93506025708147 84.64406687908593
38 -76.83121055634574 71.6501003847367
39 -72.60525177037047 -92.34065977622782
40 -96.34643560132132 -75.38386298580363
41 84.08892748422377 -79.99477200489466
42 -73.73201450626472 -83.32623123388869
43 -39.56527486256849 48.94090243019215
44 36.69836041863499 69.29090759012317
45 -28.679181210658484 -52.13867422323182
46 -64.74690654773914 -41.043490672071
47 -90.77352442798966 29.979357976425888
48 -72.86732749757383 74.1434895290736
49 37.853688253788675 85.39347323842611
50 -4.521105979026345 -20.96320939795673
51 14.950282284695177 92.21623730602616
52 46.208508826775045 82.68997435476462
53 82.09871292147136 91.22757953253421
54 46.48795749152242 -38.31231313499217
55 -52.27822785909018 83.55605345430394
56 -67.192551248712 65.05548696407544
57 -40.71702734820211 32.1803378831265
58 -0.03580974921624147 42.07257719562398
59 -88.36407971459077 0.5822472455986798
60 -1.1338594103713433 76.80691798481908
61 -29.296327586710873 45.67164994412707
62 -31.080737195554065 87.60650087703215
63 -94.85452630479287 97.14270146491782
64 -90.13725672666826 55.444367634685506
65 -86.60507831674688 -98.29015425485595
66 -41.73177991242203 81.92923642949935
67 9.43017107110289 -11.788792619020725
68 -24.479267741202264 45.957499870256356
69 -12.136650070701222 -81.64410478032187
70 -23.04952575193336 -72.60348496817856
71 27.41285662194413 27.930990581151477
72 35.88619274984316 -3.1468625097322587
73 11.548870676074216 34.5728616999167
74 -18.24750889754334 -67.50447944588964
75 46.078884064042796 90.74666310404746
76 -22.0650703107369 -81.93975517204306
EOF
