DIMENSION :76
NODE_COORD_SECTION
1 28.21363451463185 62.52043199387171
2 -13.423686732346425 58.097910476080045
3 -7.884192906802511 -4.365198808774309
4 -86.35270745660858 70.91799490297657
5 -32.20745008082049 -49.70879386531355
6 -28.30046312052079 30.458484528487247
7 -59.13724200245407 85.66758634790978
8 98.06263066624405 -59.35104470008745
9 64.69472733539627 -93.50040261887473
10 -55.918288941970616 -56.006116780771656
11 -58.77241665397443 -60.38607554842699
12 23.988221981259898 -50.41497700225275
13 61.51956561055624 82.6656911017983
14 87.47763482154653 40.291116233450055
15 -46.24114328424764 -59.557641459253105
16 -42.813149163294995 37.4756867264868
17 -56.300960944671786 72.88584291788914
18 95.11538985230212 -98.99217147661457
19 -29.04205787910034 -80.97651969442472
20 66.13618200935952 72.99499713531162
21 24.34515986309431 32.287577418957284
22 52.093242045540364 35.58074498007298
23 60.360069868567535 -34.7576532336397
24 36.58509431078551 46.31452760490126
25 -48.77122960547098 75.52606779827343
26 28.384436078518917 39.01472148416357
27 72.32490514399566 89.8554867415368
28 -79.45399911949245 33.710042789074436
29 -16.454071343006945 59.228290329665555
30 92.60615992650943 86.15861863357964
31 85.19284024464906 -34.001155280677324
32 54.879493070143866 25.60811241766325
33 -63.871837025716886 -97.70876554479304
34 -93.29110558719576 -21.12580269054459
35 -89.53675191177285 29.252792935397053
36 -65.37247066147404 -40.521091362401094
37 38.75281000246011 47.94035628303996
38 -88.25753206704067 12.504361156599359
39 30.650968147261096 65.1705667214346
40 -23.74865338057957 -51.01856812529184
41 8.209710597181257 -78.54547337543673
42 -35.145014753280336 -21.953008666492565
43 -7.522724153605026 63.176309061143655
44 -44.06951007452291 -49.23252349111209
45 80.78047917837421 87.46373140573488
46 -62.31908379481255 66.44052426458228
47 -71.9484604802102 -34.26100253774953
48 -41.92094430637039 -39.649530413551815
49 2.78664046918837 60.72579197299598
50 36.27462506538714 91.3676712315472
51 -73.3001229404924 -8.27149982416202
52 -80.76448069640051 78.44555495705168
53 26.862889488196956 -25.71167710456794
54 52.7455323824727 96.98341712566528
55 30.097053605216928 62.860009539507075
56 -97.51767576888393 39.187093311943244
57 11.611627110753162 -41.057800745974625
58 8.751185661383104 66.97357947857853
59 73.35778786481387 -87.86688711318548
60 87.5514974692588 41.62986557427868
61 -27.704834340726308 -62.12720874725015
62 -98.99548430519056 -98.64979334559104
63 44.7438648784923 -96.8282705720548
64 -88.2274165815246 -24.059797727689798
65 80.22175236800422 -9.584825932630196
66 -91.0485242068741 77.3900322459439
67 86.64313787923851 39.371172053957224
68 47.019090843224916 -14.316669183413538
69 -41.518327438294556 88.81961994052554
70 74.77535722442528 61.12223028487571
71 -89.52317846736759 91.75862952478283
72 -52.190295137335866 -42.38687692121048
73 -28.310254203296154 61.93357298838609
74 -84.11599361748272 -14.228220793997664
75 48.19121136299486 24.473207293917596
76 -44.27941476680386 -19.62941861303429
EOF
