DIMENSION :76
NODE_COORD_SECTION
1 57.390371005500896 89.70638839547865
2 80.03621762952096 -36.435414701957015
3 12.990170554002049 -53.228086672935106
4 -4.735093967248119 63.49724086442495
5 96.78145028466264 82.42308861703899
6 3.2634990187030866 47.300719774574844
7 91.96451744069046 70.46773759848037
8 -53.60404944595698 58.16973831021423
9 72.4134054817118 -51.426660710662134
10 -19.256448100580513 -91.89805149004806
11 -56.7252721033366 1.7061177449677842
12 28.789980591649993 -28.93810308820622
13 -89.48047069610712 5.261955581856824
14 -89.21838458378899 -54.26016742221049
15 20.54303675959055 -54.013969541645146
16 -16.934852263416204 -87.2595884150681
17 -44.36604486000919 35.067164043509706
18 22.055991571937454 -2.0493364265060023
19 97.11128842381825 55.331969803961385
20 84.09269715562411 -27.999460634256295
21 75.15345006517038 -56.74715127960304
22 -55.71602213707685 65.14341500087423
23 12.820780185606878 -3.4769464639953185
24 71.55668825570459 -42.45202945302675
25 41.499331611293684 19.241064711817728
26 -67.53553495853117 -83.09292645790609
27 15.970271145995028 69.2855022061772
28 -67.08148301668118 -1.5668923403743946
29 89.53570830233534 56.2510553926073
30 -95.1465774566451 96.72350019856245
31 -76.89144924146552 53.35474256715423
32 -76.0575373308983 44.644084454241295
33 -3.0996718539250594 33.01103411678321
34 4.8285783095232375 91.29210316563766
35 -30.682371931812938 13.313408379472918
36 61.9385277762822 -40.735326993235034
37 84.9042782950539 -88.55107658279988
38 46.799484247123615 80.87259312814314
39 71.64299384315584 -59.88853818866613
40 -23.121199086256922 -56.39654866356365
41 -12.343205263997547 -45.731572744862305
42 56.319242766673455 -62.94793441332913
43 78.32701813605794 -41.82532573290367
44 55.54362190319634 86.70033644728755
45 87.07136710619505 16.316517575813094
46 -35.44583538332829 -15.657386153553759
47 26.501883322147577 77.00776284970789
48 63.85376883039697 80.61685667079101
49 -38.59049074535115 -86.35125202335507
50 -32.73244552373936 92.01578433395161
51 80.99820306784682 -83.80159211820569
52 82.54494139955574 -7.0836319409777815
53 45.018343393720755 24.198533858789006
54 -91.52606821982019 -87.41990573563695
55 76.92563339997784 82.72835679356746
56 41.34076797145363 37.74041436229538
57 -53.08173733922699 -76.04330287016813
58 98.91990558834755 -66.6921198883713
59 38.6816993446441 -70.50202459715618
60 -13.219414727554678 -63.11239925647427
61 -74.10300572095095 -87.43250023521938
62 29.547961800482483 57.217653690875835
63 98.04509711255395 73.97035503778378
64 68.85830905193723 -87.69891013380722
65 69.76620147755918 -67.75252825618375
66 90.0993859984485 79.91836990554219
67 84.0097087107795 -94.15864112061432
68 81.62851801565708 1.3710741168815588
69 -23.563019368211542 33.93317571756208
70 53.01265025219351 78.72168015090642
71 -92.98439763121047 -37.35824677275177
72 42.93611550590089 36.45846223937818
73 -15.529573942302349 -5.435686243885598
74 -67.2266067053502 -19.571482688115637
75 -89.7667488115996 -97.82224806866128
76 -51.574223807307206 80.04593297562067
EOF
