DIMENSION :76
NODE_COORD_SECTION
1 93.43486663843728 15.870669199436207
2 -21.99196768529383 -0.5762626140974021
3 13.35516489565805 81.30642355721031
4 -69.31550531764606 44.74477564069957
5 -82.12794190970307 68.01985577333392
6 -64.62861737682411 -64.10537814446744
7 -59.68971623353087 63.46071742703094
8 53.4513945440041 45.54288987998433
9 80.91850642735164 -49.25879632310666
10 -60.55235695199443 -97.32468584786365
11 18.886575910269855 -77.94030490611581
12 -97.15928950093861 22.547823235967044
13 -72.52655441866375 82.12642040693962
14 24.867133702982343 62.13139389839688
15 -77.98738135020136 70.23471335833534
16 -33.9768274579521 -94.82026776416141
17 -47.2113964896796 63.41087627437912
18 -52.150670691070644 5.465930514079261
19 -81.74578234218592 -11.885578686768966
20 -78.32738521268159 -27.60166873908713
21 -81.21460930077745 64.24981782770561
22 -52.66490677350257 -29.86015393555968
23 97.14649518081538 -67.2103194928685
24 96.53890046494803 19.51903276972064
25 19.0658975941096 -22.901410703234774
26 -31.71066687606077 -58.5646060826333
27 35.79792100336735 38.08565473479871
28 -41.98063703652317 61.1252786030272
29 -59.725965664706 -55.39688159858556
30 -42.66969694733385 -95.43106774589648
31 79.42258710801647 -66.95274833390064
32 -22.114949350282885 -38.5166926467259
33 -82.53699913208146 -86.09309128639644
34 90.8418370530897 -36.240777112559556
35 58.456932363410516 58.04420953833102
36 52.31798049438436 33.865621407395565
37 -68.87465222064904 -78.2192423353826
38 45.72472267227079 94.65763261766108
39 -85.08278329450778 -92.59796056446419
40 -86.58428345403581 -99.81061774576759
41 43.541894918233254 64.48151242146295
42 72.9434801443692 -53.45369186230249
43 -39.34604736550422 77.4651417117854
44 17.31942314727985 -47.62397402229945
45 -77.89425420723447 -43.75393366714147
46 84.02484949273165 -39.28925208860401
47 -59.84045568121545 48.998237046542926
48 44.12178791332687 6.83829027403327
49 47.27764245132789 -69.6731529259469
50 10.66410676334759 -78.60711475029723
51 -79.41457293512235 82.832494764079
52 -5.2891146113150285 -6.499068496789874
53 -47.17106986454147 86.4750841275496
54 -52.40438255324435 -94.268993829104
55 81.62492913249739 57.6624825137707
56 -80.29359528471963 -29.23858300979323
57 96.02835405654963 -61.22194244487167
58 38.88376170917462 49.09274292954325
59 -72.08192734193675 -71.09972028987536
60 -34.355632636895066 7.796771248398244
61 5.428973977556865 67.7566052674319
62 -82.20949015016035 -7.792627077005321
63 96.63462656254785 -62.50704219449212
64 73.56664053549147 -74.37711034704307
65 3.911411500503135 30.629157801733015
66 -39.62405199179291 -73.49631974863107
67 -17.108358381834748 -52.39029726079782
68 -84.82850699904196 -61.68747643144854
69 54.63968742886638 33.648477976366536
70 62.98792375953133 4.0596468927444676
71 55.661671771330475 -57.89521885435058
72 -98.31856213154097 85.77822214698125
73 -72.414059898446 -79.58254063093399
74 -96.2028690060128 -71.42980052292455
75 -13.172006147252361 -45.337325160664555
76 -49.415422234382376 -0.4735428492048612
EOF
