DIMENSION :76
NODE_COORD_SECTION
1 -64.40898333818825 52.95403282456036
2 65.72559258203299 60.865819886882974
3 -41.317665222045385 75.09277888079271
4 46.37484338887475 72.9154931187795
5 69.09997455411082 26.46879152135682
6 -92.22094219069929 -12.241428641715984
7 -24.67872220747323 -72.17357490822094
8 55.51493161369925 31.645681938570164
9 10.058485188426232 79.22447323277936
10 70.86801215763677 -17.988085454629243
11 -40.882175187982426 57.09258861072115
12 53.688410625855425 -34.52479497250917
13 -85.46366068212652 11.323742246167328
14 -38.683170179214784 -16.843516911026455
15 40.35697163626969 -56.60969930872422
16 -24.601535735827994 -42.70247519073263
17 -3.3709111796772078 -44.73971630500255
18 51.25406012675592 92.5662904587447
19 5.698175701731117 -1.0704597887358744
20 8.578787516893229 76.10380131484897
21 -35.4250007836433 27.67450855543578
22 7.591324982890441 -97.71950342487064
23 8.150996588335133 52.669422778391436
24 21.356946618015485 -98.70582240074587
25 -89.74657099683196 42.40077632561946
26 -37.1398399018952 75.15571906373737
27 73.01017123432825 67.35100877579183
28 54.50376168645542 -99.72731270081294
29 -0.27928266021375237 -11.28763657990271
30 38.06300836383144 -57.24482005431333
31 72.40646206693427 -82.56899952439252
32 -85.2750495355761 -49.26781422388302
33 -37.56002471153759 28.67044778016762
34 77.69461326326004 -62.619101153723776
35 91.12942328670746 -93.17743070845323
36 -46.048650057524455 -50.96460290958251
37 26.860956024916987 17.48332134126423
38 7.090087745625212 -75.34477796455784
39 -43.62157797665276 -44.65045693450449
40 -30.216100706688337 96.09845291928417
41 0.0062695821781346694 0.7821559924255439
42 72.25586918223735 -46.942097147296025
43 -45.901861423019 32.82024959342269
44 12.249639807045526 -97.81689045865633
45 38.72020247733329 -7.280547287388245
46 72.33986713344336 -13.174996541455016
47 4.554767723747062 69.62721499321552
48 -67.97496107035442 2.0038923408015563
49 -89.7636056251229 -11.20343938633475
50 -55.102998867831545 38.615870717836685
51 19.809188513051296 22.779008649337243
52 -44.71718189865659 -78.44356408957066
53 -10.27942597855089 17.326406005492245
54 -85.89361098037412 -31.64558109565172
55 15.74339159055505 26.270452708452567
56 20.318590006606257 -11.926702481555964
57 92.4447034631929 83.43776605919692
58 62.096479896393674 64.65098842322811
59 1.296343557416634 4.697474449868167
60 61.11350728420226 24.513406220335796
61 88.24865678460739 -90.4727623854416
62 33.53430728782655 -24.789015071707453
63 -82.43440322864603 -20.977176024717892
64 72.98921489791331 -80.0084926629157
65 95.94579579116726 26.065275940717655
66 33.635175958511695 2.636661908324058
67 -50.56914758774358 -56.60106892865888
68 45.51132460770131 17.55376011047069
69 -94.67139387251402 16.662434624954386
70 -70.2509898711999 32.02813340004067
71 -17.644243094292605 41.95413412031232
72 97.79769033083721 -89.29420687737098
73 -75.56928099960405 -28.69785585448146
74 -83.32040244803147 6.790008214145104
75 27.024185720745677 24.44855044202015
76 1.3876983624503225 90.09945724693094
EOF
