DIMENSION :76
NODE_COORD_SECTION
1 36.12011873312056 -89.23021766941584
2 -26.712840499582 -62.77459726086323
3 -52.395292438029514 -51.991798062639184
4 -70.81768556610295 -54.28745642744013
5 45.60516568916225 13.690948131757978
6 41.19999947519156 96.79646042976421
7 51.98456034821058 -27.409527961885047
8 14.641204018844903 90.55476806126316
9 50.7349057257712 -68.50938743295423
10 -7.124030663468275 43.191263572547854
11 -76.41588366870302 19.177965691014464
12 21.845605005166433 72.95579856112039
13 13.994377238742999 29.66509047965934
14 27.444288768678703 -90.41040668984913
15 86.42823775474255 -46.22622829432053
16 72.36327465826486 71.6624605268473
17 -82.51486187183727 45.49551136909366
18 -5.667445885130135 68.08237471593904
19 -93.51226237552007 -77.9144083252354
20 -55.703683594496866 -76.77792043346948
21 -74.67600714101556 80.63605836552475
22 40.910191121479556 99.52126636917114
23 40.827363209620984 -71.08794572038113
24 -63.15028891280894 -2.9128542633382892
25 -62.29569794721807 -25.475036603255248
26 -47.228880135401916 46.73005188511445
27 45.99450593949052 -5.945048506899582
28 -23.632882823546566 -18.96498586481239
29 -65.72383449262678 12.524487325121996
30 -53.18824544110443 -32.51587207105477
31 68.30489618361105 -36.33645761694035
32 48.99020311126958 -81.69128682345197
33 -45.498345942977835 -27.30382879845709
34 -72.73926412495963 53.66426179783207
35 -11.318517458271302 -94.08269359659145
36 95.09778754796105 87.88525454281267
37 12.641451205377166 -34.88240513559656
38 64.81652889633003 32.99097419482274
39 44.70284502764105 69.9532546233867
40 -49.319013395576114 -30.722398868491993
41 95.02903971071541 -32.353138024617834
42 9.049202384418379 19.74569792719025
43 2.5172598175298617 36.94418227205773
44 -29.189330765643177 -16.72339794237378
45 37.28876574344625 12.0411237159841
46 94.22260146095104 30.884986196472425
47 1.2788021994623904 -57.76600361937878
48 20.353424271129867 -49.96091469692156
49 -70.84600522840398 24.335322983684904
50 -51.30681383837472 33.95411045760787
51 42.76162178604227 97.4364646466702
52 -32.907658227338985 55.928424521664624
53 -55.45839314239001 -26.61251825752251
54 -31.958190935752228 43.206135249887836
55 -51.19127254695896 -8.596422582491783
56 62.40881071582922 -29.48621897636501
57 -55.46090232374266 31.49670293583722
58 -37.90540731140351 30.332891933513196
59 59.271462259591004 98.96977503934093
60 44.68158649795933 5.1342823136194795
61 50.96052548639395 -98.99980081390459
62 -64.01072625302338 66.2139372443599
63 -6.904019519202805 -23.621676633461377
64 50.55943907238435 54.43441718215368
65 38.12755695532462 -89.24443113793077
66 15.443182393857143 -39.910097790534934
67 45.21292637985769 -27.7039356541885
68 69.26354427853673 -87.72317025157554
69 40.531853558635305 -63.585417434894474
70 -23.62086436337374 -87.43363051009891
71 41.886595558112305 -66.67720682294484
72 -74.92408123723821 3.4388565294556344
73 -75.96493513471829 48.394708065967336
74 89.06548607154318 -51.145447926784726
75 -72.82017231605948 -67.09850358371148
76 23.170172809013792 22.49895168045491
EOF
