DIMENSION :76
NODE_COORD_SECTION
1 69.0629689126664 -91.36383821000224
2 -82.11967949538538 -94.39642576212061
3 -93.43190875340264 15.687407217310636
4 8.169919039273282 58.37831438736333
5 72.5257756804944 -90.47105758681732
6 73.9055057056541 56.79597791306213
7 35.53136961969622 -41.84159852581632
8 -4.048050521354682 -72.10770621686164
9 -9.099658510246115 -17.917096257195936
10 45.69694381786883 -20.878449207784584
11 45.917035823008945 29.707242229289562
12 82.03802639837127 56.31515281417788
13 66.83667026894514 -74.8053953578816
14 -12.22511147408143 16.63285751332843
15 81.46998727584057 44.006226652088856
16 70.1932889566616 -27.798681657870716
17 -36.593610150956856 55.115213509188294
18 48.478523337429635 34.54858698767313
19 -62.591898159946766 83.92906465474971
20 29.69799907456826 -4.392790238681471
21 40.23436817918474 96.244320335586
22 -64.5561079843809 17.972779680969666
23 47.131238415420455 81.09590488524378
24 -17.171377471279342 -24.73130391270064
25 -68.5508050391442 19.152757018185667
26 46.37723933133208 -17.117914745565514
27 63.32723527018405 63.350472465800465
28 31.462511632896536 89.99977043718928
29 73.10876669815795 29.740622664034817
30 -24.71994752759852 65.78737862218452
31 6.13113851645835 -0.9243890433297679
32 57.96232226655772 -94.2813667598878
33 77.7571930451684 -36.563121733641026
34 54.28196902354313 -91.5240738641545
35 0.9938760037915984 17.253432363239043
36 -14.503498590669665 -70.49250452958631
37 -96.23067347703463 -11.653359563536128
38 41.23785824597266 -95.75965498378068
39 78.91668801668351 32.17636021586421
40 32.952027113390415 -47.88768440628879
41 17.139134977449004 -28.74749272284909
42 -86.75467349342401 -77.99931963680697
43 -38.29250124307018 51.71527699105397
44 49.595717701225624 -79.7112855367804
45 -6.631851184927456 -89.6238540798097
46 -23.761143271728116 -25.27424803333915
47 4.9155355262450655 98.05109517603205
48 64.6403114922436 -69.5996630092895
49 57.11030222539341 88.80633623266829
50 -49.18310917407276 -51.439924121867264
51 -78.89959805822413 -80.22407698782594
52 36.87156381023948 -15.324078779176318
53 -92.77067854859457 52.49984773624922
54 -55.54196331274275 -40.93736335456168
55 -43.908113232017755 -75.72990793470672
56 39.49265347227697 1.5312944592566566
57 24.924992727605797 -33.23876155407628
58 70.28271909388403 -49.03632341059918
59 40.896740029472824 9.261374120454889
60 -34.657876840746766 21.36255559343465
61 -87.4154819189447 -44.8920398771355
62 -77.48353938766614 7.845845080115296
63 91.90866073536878 22.47251894872899
64 87.64159669487054 -0.7832816095166208
65 -38.98477842007233 74.42694954504486
66 -31.18890752136238 88.15586376089266
67 82.07779195477556 28.263453854607405
68 61.42951700479421 25.7460167965788
69 92.71485445794116 30.32897853153179
70 -30.419866339621663 -46.04691803005734
71 -44.304114382449676 10.174337646254813
72 0.8372088774804496 67.85219023586274
73 -21.16427555373386 -13.393002541594413
74 -15.495467678393965 -91.19897682643929
75 -90.54649122413323 88.27578460534528
76 -82.63656569746793 -29.573075398974737
EOF
