DIMENSION :77
NODE_COORD_SECTION
1 91.04085594740019 47.026492303401284
2 -34.455577102169244 55.08797156887286
3 26.586632796222418 32.764242179205894
4 92.69300506554436 -3.252689524354139
5 -55.90262924404681 -6.6921629898111235
6 3.1538325507053173 -66.71514447870388
7 -21.575000207672915 -81.8968342940275
8 -58.71244716681478 18.158610880261335
9 -93.34129816070316 27.250420976586298
10 22.934949733070738 -38.5358796897709
11 66.42380953922839 -74.44293322801832
12 -25.95823514724262 -47.364328921982036
13 -57.925880603772505 92.52772358434518
14 -58.803882358023515 30.159247727142514
15 37.21631146075984 47.48164422925174
16 -82.77574445376388 -18.273809374419898
17 -28.26819309238435 0.27753713397341073
18 -89.65807026124943 20.170605769148324
19 42.43788146939184 -99.33547199728321
20 51.9602925765015 -26.302441852317955
21 -31.24357493740662 -66.93287957405947
22 -13.903224343183851 -46.67675577007182
23 8.23535436994338 68.65106492978674
24 -87.5571095414921 16.11228043763768
25 71.49422343101486 82.80616054878703
26 -34.50742580719594 29.711482420133393
27 92.14204340432124 73.72098463411291
28 3.7361912535591273 -38.15667372829583
29 -85.55791981414056 -23.486287953021076
30 -44.223139215709814 -32.16339261202464
31 -50.0252409318557 57.42218054403904
32 24.3273835690496 -70.06431420084684
33 24.2765439603849 93.84540259569778
34 84.39757941671184 -85.9561591767582
35 -14.590955292263928 98.5678925752245
36 -71.41659412937334 -47.27964229200472
37 -21.360677781306563 30.287117568775614
38 10.220789576159234 37.66490940673464
39 4.888870992885643 -52.39650172428612
40 14.26869277971501 10.587033735772849
41 75.33526489254359 -90.07852204106175
42 -53.86251529136366 -21.727597879660593
43 -49.47291424998528 6.249182561661698
44 70.28018503138384 -54.17827896242742
45 -90.40069892588389 1.6732867836636558
46 -46.784128616714085 -38.54778201271647
47 33.65280015638959 31.32476287744413
48 69.75589603816908 -3.0844414303715695
49 -92.91162695278146 -57.05974901476154
50 -83.44470481063996 49.5003279909279
51 41.66200330966768 91.66285199151605
52 -56.286745755285295 -55.2489334894501
53 -89.7451939248732 24.51519121122223
54 62.99805080572264 43.450072685263365
55 40.82768601119756 -42.98330662372669
56 20.37348590663936 -87.92789574994396
57 -34.24280451954837 40.706030092624985
58 -69.14461106746488 2.8363280239329214
59 -52.27435492204413 -52.13116202776635
60 -34.67172911046244 -92.35624638449187
61 -89.4347758967456 58.55974607403388
62 -48.1960976103851 -0.3973240156679907
63 91.93226541281831 -74.95303102740989
64 -92.29505046743338 56.50840137600528
65 4.414493162915804 -89.90337635387044
66 55.108608541466396 -27.442035332327137
67 -57.349446033940495 -51.94688355586017
68 87.48650274171547 -92.25574293415406
69 -93.73222486036619 61.46097362378313
70 -45.671109018034464 -1.2116487618032892
71 21.92061403930228 -18.98753141713756
72 9.14257292639418 61.13257569677043
73 -57.561191046042495 -37.10537101179965
74 26.663660852063572 -51.56875334490856
75 77.07085939678592 75.14808549514382
76 -63.27223268405015 4.139799049046317
77 64.0349760247754 33.439436129903186
EOF
