DIMENSION :77
NODE_COORD_SECTION
1 48.35676013746303 23.80735154393534
2 -75.26010300549166 -13.422245234332394
3 32.41416049443944 -67.6572172657284
4 66.01163822791636 27.86669996166644
5 -63.899087304953326 -70.18491431774314
6 84.99744089388187 31.480127022434033
7 81.08344242198575 31.170337371632428
8 92.6835662748112 -89.53652586860923
9 -8.942891349458819 1.8154302800092808
10 30.838457075577338 -50.52147324305323
11 -56.23869903234615 -34.65123592788626
12 61.840352291506235 -17.10255478370331
13 -20.91626457274674 89.03696365064934
14 -48.37892357121687 27.537955243874947
15 -74.16666671596315 20.993895691681203
16 -60.737569047260706 44.4842788312574
17 41.98753724986176 36.80738136818158
18 84.63305266040885 78.85241099851677
19 76.69656540066444 -31.60204719846314
20 64.55529465260435 -67.97751159789925
21 -42.94633873308433 -65.81674828643334
22 48.34317474201805 -42.22497275597992
23 78.61687592751295 67.16049956474265
24 25.15402150073487 -58.06820063315104
25 -64.10540874269105 46.30875534609615
26 -21.551980545547877 -75.48368892220536
27 -32.51652159778547 76.75154097426002
28 6.951376408851772 54.11277230573231
29 10.274165195061343 35.40966554436892
30 76.87043569595068 -73.98334257848644
31 58.116530777836886 1.4129704858539327
32 -43.29432534978237 -51.06617432565235
33 -97.43709054542096 -75.67112024925748
34 33.86589070419427 -90.600527483301
35 96.78430190126446 -51.69530296634277
36 -58.6152738304162 58.751978373325755
37 -71.51897846870934 -93.49036789597565
38 33.392990881920525 -65.588927400291
39 -86.41401118897296 -72.19841851431113
40 -60.39802000928569 -54.626497997289604
41 -70.21483001516005 -43.66721438887262
42 -98.09558682521555 -98.74630897199543
43 97.35656553077388 74.84756964165138
44 -49.69870422245008 -55.13919845570292
45 84.55538238496968 43.71432619187419
46 10.714504556816749 -39.78224795906669
47 65.74981828200075 20.273153320416398
48 -46.15355151494875 71.09170686955352
49 92.73832556784441 6.869378271520048
50 -7.900218898196812 -80.48023322134934
51 -46.84414012462281 -9.017502534307937
52 -89.32833946455034 19.477477425092758
53 84.60311934284508 -12.851024086112318
54 -20.7114143139451 17.751996331369412
55 -10.890618977707106 67.91642293181013
56 32.64947160185301 -37.75428111540193
57 49.76606991396898 -20.14416086577326
58 -69.50384184736592 77.35021509081739
59 89.84485234981682 80.6975217833648
60 12.33207503204585 76.69453349068024
61 34.44042988319745 -95.05459124379956
62 47.16138145285379 -94.51423165007444
63 35.654975093822884 67.86366182586738
64 -54.777501950343236 -2.175922456407548
65 4.567563649384752 51.51834623874453
66 -53.45858859848385 58.788214209259166
67 56.70858382266303 81.59610504708411
68 -69.76821096179724 36.75182242830891
69 -77.51432277590607 0.010854655213663023
70 98.82048187391453 -61.69523689227634
71 99.98427085393519 -34.15147500157232
72 -16.521510792596402 56.31775671188609
73 34.79240038085035 -24.011048745361933
74 88.88912735373412 31.102806526173765
75 99.97600277195264 -13.216871575439868
76 -49.41336311610507 -54.71422049098731
77 19.057482977250586 39.45300159390587
EOF
