DIMENSION :77
NODE_COORD_SECTION
1 -50.25058712418409 -14.591408458273975
2 -46.2813189425904 0.010187934043614177
3 94.2746571914252 -5.34194053484687
4 -10.428105662388901 5.125762042252703
5 -97.90163495802662 52.772590714419096
6 -88.23702691693667 -77.53385368039034
7 -61.50239201927159 -9.604474270427346
8 -32.802418914598476 77.40830999644965
9 37.20310342260029 98.04551691970852
10 10.737836410492108 23.85965459187878
11 49.49476808568397 -46.829600461632225
12 -8.753313436748897 -59.94530432331268
13 29.934511307049036 85.6221118234437
14 29.753613470393645 27.656283930200814
15 28.542290887533568 14.298042361192543
16 56.129587739271386 -61.98010819760618
17 72.69783436338076 -97.26680494501156
18 -50.23919783645634 -44.85621567050402
19 -83.22292954584778 27.716729565708704
20 -9.937814273707374 -98.25825460289626
21 -86.49110594885853 32.54534040957867
22 -35.726599052870654 -96.96075133782283
23 -81.73560247196494 -54.68485866539545
24 -97.16854730763312 42.307946407566305
25 75.96727548627689 -17.307277530638856
26 -83.2842840022038 -27.18256044364398
27 60.04074035078318 30.895096387389373
28 -3.4873706765611274 -87.20267897466766
29 33.782728128294536 -1.8526573234396864
30 99.54900758858162 -56.833395460896696
31 86.78784436324364 -33.324181620788494
32 -0.705656940473844 -47.79833175624155
33 -37.48896669399775 37.333859538441885
34 0.33414494570926934 -73.02208211603947
35 -62.20555608682008 -43.75407275365835
36 -67.43213259314001 -21.665560605304364
37 -58.844364933539396 40.39531991437167
38 29.88654092417306 -95.72505535306968
39 3.861805341602249 -22.130544198617642
40 -28.56318212069769 46.13247472745218
41 -73.70882637546276 -31.483982445246454
42 -82.32034949297426 72.48921615631104
43 11.809399049982105 -7.947902741109743
44 8.803482519748144 -62.24295537976625
45 71.36530879478389 -56.792288232847184
46 -90.34677152862109 5.488302009790075
47 34.2368916072742 -42.726008554947526
48 -16.81191893528664 0.9004825023412195
49 13.834986094068967 64.46550539507828
50 -46.417386165247265 62.76254682031583
51 -27.801251951609828 -42.20478188079873
52 80.4371760347909 -98.29540103720049
53 2.7934211379776457 -63.3004282286382
54 -92.83465181650992 -59.82323115268828
55 -91.55233626474748 -2.55965162582487
56 -30.522510418960238 -91.30279564316675
57 -10.255942162575508 -18.650983579436257
58 53.98126883700394 -96.30688293304203
59 -21.096864696416603 63.268194231104445
60 82.27138960312556 -25.84709296587829
61 55.17777154814257 65.08415108919391
62 62.48243610363713 97.47141511054409
63 60.001323011331095 -86.96688813402113
64 -1.8697114615360988 -70.71549295033277
65 -6.3904854350351314 22.50334815900328
66 -26.830939086123664 -32.2468605492149
67 19.582563185720872 90.34401497485052
68 42.54218108528275 -40.328804305422764
69 -70.26929657423138 -97.76920674472906
70 49.10772503147521 93.93540943893609
71 -71.0273064843542 -78.57256267624601
72 60.66962833384747 -22.670183367398437
73 88.33357968966905 15.321395002425135
74 -25.051831093295476 -31.75890068030391
75 83.91448283115861 97.40080248031319
76 -24.325637585298907 -44.16455184644372
77 90.66376467817855 -85.12097480234071
EOF
