DIMENSION :77
NODE_COORD_SECTION
1 -60.40518728758604 -84.60856954477424
2 -67.99456310474253 95.96224424346377
3 -7.9751763914881195 -55.10243618040771
4 -0.14265435783724456 85.79440944964239
5 -12.31064731765035 -6.312734356021437
6 54.2981451898562 -53.59687764278325
7 -46.05714083932333 -69.20201815839191
8 -11.881385994470989 -26.491082451092822
9 75.06062362438516 -31.094704617450986
10 -1.2804629213205345 91.84962023825918
11 19.145819749350636 -40.90309334463586
12 -51.70517555908245 30.710443976912813
13 -86.70200328757936 -97.58452942342805
14 12.965189977231887 -47.360479870514304
15 58.04034394481218 -13.986725475284928
16 22.504171424253045 -89.1322961837123
17 -61.39541759423779 -55.074150802865375
18 -25.474994241482293 44.740520057515056
19 38.523990612912 -25.11433061138642
20 70.47320748216279 -12.490875961563702
21 -9.91356243572146 -22.738873547882932
22 65.49648892174261 -42.883679373380154
23 -93.448875660544 4.120052071740915
24 -49.75996760054579 28.1526420199705
25 -67.36592507964707 -10.418869292136733
26 -10.15814516417646 -58.05333725715913
27 -77.38089196997333 3.030561624837347
28 -66.12058945456747 -98.20738042364441
29 -90.44748579093672 -59.5545153048588
30 -19.254743280765112 -78.39231711848593
31 64.33125693592464 -18.020384476689742
32 30.90613217520618 48.85012624970287
33 -39.903893937617354 87.13073360630398
34 95.72633433604241 -33.681279201619276
35 -44.80739024914908 73.22361368379268
36 42.01285484091511 92.49287613502096
37 -12.935603718960834 28.606150048422876
38 -52.83361947976606 -53.638093935625484
39 29.794930795876553 -51.12958508729868
40 15.79864391148152 20.231034728954867
41 -90.38472797935898 -47.42552277383092
42 65.90336576110144 -87.21925673912543
43 95.54708685417103 32.35490713774439
44 31.144506450347563 14.695121970796293
45 86.45164111442733 27.983872473279206
46 -54.4479709550677 10.463955160292613
47 -98.89291100660154 -30.161110789739837
48 77.89213893991507 62.50235759989633
49 -55.46207965807761 -65.58271878605672
50 65.20531839913158 -22.479176899706758
51 -28.327945304038323 77.94150963341451
52 58.48214882948085 -79.88242483851549
53 -1.497486169604457 -30.234468214844057
54 38.17347725088476 -65.14572059383323
55 21.282313579778034 -65.79346188133334
56 -16.79200129241009 65.61505227514115
57 95.88261849316541 27.59031712637669
58 84.41692146568326 19.83802236209233
59 -97.7040596580268 -73.28731298667444
60 81.74192562501844 -84.75254348638335
61 -26.632457838000505 -14.416570236537794
62 74.32923149002829 68.00385643174641
63 -97.81006030170718 29.233259991722264
64 3.589073938496796 33.72816062892983
65 59.19681618335062 96.5283907612421
66 41.52652218280926 -3.354446439031193
67 47.844338638412154 -81.64863855590238
68 -69.8738834468742 -82.8667915701753
69 -93.13065971025385 23.170801818798466
70 -87.70064468275287 -5.754515543459775
71 -72.53455197715331 -1.0630754157785276
72 70.88058654231926 -22.67085220538476
73 95.31980724340048 8.403601414956
74 49.38354525475029 69.63020093484323
75 -9.695476490330506 -45.608188918647976
76 66.70717763194901 6.832989771755862
77 80.71866741510826 -77.82642943068035
EOF
