DIMENSION :77
NODE_COORD_SECTION
1 63.361362773935014 48.393457112249564
2 -42.42551355327966 -93.25631092995215
3 -61.93891587568592 86.92244231221221
4 18.509821203933654 93.98834995328619
5 15.54220896621004 64.64825080051838
6 63.804124513632104 -57.97869459153229
7 27.572113426927757 56.000306566939486
8 -27.349695448823624 71.91224423471033
9 -0.5163553804659244 -25.574105395600142
10 -46.64161857606277 -17.33195919450401
11 49.402857483422224 1.9559324247071714
12 -76.43253443368906 3.720697259376564
13 -43.79660505353229 74.99875919286819
14 -61.74767592984849 19.845193225502626
15 53.00494934061544 -54.66214898368851
16 -63.8884131529986 83.28376139198326
17 -74.11485041722477 -65.27668524552897
18 -86.59862170836506 -32.107702657528975
19 1.5754912616605026 32.11113694049763
20 54.00468164114531 91.41364434457662
21 -6.736245438648865 44.51815908620972
22 -54.496813389440966 34.52155592738177
23 -59.77334392040827 -94.37505640068507
24 -6.754891336218776 -80.93184039113584
25 24.868286223504413 -29.327432781979695
26 -92.12104791517268 -26.99309417835896
27 79.84128501666981 -18.13633262023491
28 86.5496989906143 -94.2480587698608
29 -91.72071600553524 -24.6081198014831
30 33.93053198003301 45.27396478290427
31 31.770836754958452 -80.61188171542213
32 76.48981705508186 -52.9783125369113
33 53.55641373456811 -78.51402309309123
34 -88.13054369937245 -25.20291164668835
35 78.53181679097031 25.372825020498382
36 4.977477517481006 -24.998363990059616
37 -33.007234422704485 -72.3929801431176
38 93.37419299691257 18.20984711147935
39 15.657025468537327 -10.854164244356923
40 96.75780145228117 65.81552793064145
41 -42.647913722170586 90.44280975444389
42 -61.168089116048876 -65.46492849812401
43 -50.14219412319203 -15.362858935807594
44 -15.43591289589601 77.84137766446503
45 84.74514849318496 40.27192934469886
46 -28.17909437318174 80.94085357908281
47 88.65361659648005 33.14211752288
48 73.59174736605479 -25.304802525739007
49 -87.69844447253583 -53.71302892356855
50 65.49005158699563 -86.07141419465812
51 6.625123892218255 -32.19389195326595
52 92.9472804524116 36.84998928239821
53 70.79318545340729 38.09206041189725
54 33.49145829537534 24.859469452258097
55 -76.55293468132558 -8.76354750808828
56 -68.27132059868401 15.796255027627623
57 96.36554185134995 -40.21903813988912
58 48.122591528665595 88.72558317587178
59 -21.14284168578611 67.64822617411303
60 -92.60665295830819 -65.34976132586726
61 51.53329703314728 -76.99798914651754
62 -41.66587432848603 -44.92812869972145
63 -60.28268977988509 40.94991489379714
64 64.06992653038449 89.11619421536449
65 89.59620707532295 75.41607956992874
66 30.259767969632094 -40.0247607634395
67 24.323333263886113 20.17526474517757
68 -51.52980096963431 52.70889131381148
69 -27.36829013902242 -49.046110144229175
70 82.92430794519171 -12.012963403949087
71 -20.880517960769367 23.667584474050727
72 -38.94267100410636 -59.857363471975454
73 3.220422707617999 -81.72112311880404
74 41.78612512919557 62.94517949969031
75 -7.026032152530661 -76.57723898682296
76 30.126726354647445 32.79302921862745
77 80.06081650777114 -6.13812354953987
EOF
