DIMENSION :77
NODE_COORD_SECTION
1 -98.4596795752903 44.83762485711128
2 -51.96656628242167 -76.16730024507643
3 -8.398709141253818 -7.24613711961824
4 -21.33979936918091 84.21842476874795
5 -13.505892320546423 -1.0687103811425516
6 -4.028980171719482 -5.433587552638301
7 -80.35982444067608 -41.92760204859294
8 -1.1141274251295528 -92.24934159400675
9 -11.299474221361976 -5.683958313138788
10 -25.514388523075084 50.005947626254624
11 81.82127193908028 -7.056274757821086
12 82.71511760983492 -57.70018420540843
13 21.42462928651139 -9.131763646224968
14 96.14720684344061 58.65158100241595
15 -28.086201054436017 -2.2874427325052125
16 -37.24225240566126 -90.68042382874064
17 -78.8632251338733 -15.674056585827145
18 -11.23602293483816 -7.558226909864075
19 -9.819443678517686 -28.126850677017103
20 48.92961810695658 -55.370901256883485
21 -47.95610329694504 -17.828127636817356
22 23.341871703903053 39.174760611747814
23 -53.03681518417977 68.74251027128207
24 -67.4829933656131 -70.04305795108155
25 -29.35722401442365 -61.92659545583379
26 -3.207197993422966 19.77637614388908
27 81.36747099801877 -8.106161143036132
28 81.31762738852288 43.78428553132673
29 22.951521949834103 -26.213984215299718
30 -95.4524146185658 1.8202664821512968
31 92.70507846899892 -12.743512656626748
32 -13.985411263453102 47.893764240356234
33 -2.924469572792489 67.42632314122272
34 -11.770051494116558 -49.29314918089207
35 -67.6522040548851 -65.21134333804117
36 67.93948076394548 76.03006442042155
37 3.764147833201676 37.02101395962478
38 93.54778291878455 -90.09283909979271
39 -46.349296619667356 93.62912635738547
40 -91.61911445647235 -58.921377806440624
41 7.6143527287101165 98.23789236226895
42 23.557969884683132 51.67794448565556
43 67.6003749149242 -95.36581075367062
44 9.594552764640383 27.168640146474615
45 81.57759497609675 -74.79466137838362
46 22.46095199159977 -10.345862970126191
47 1.8444795828380904 -95.79385377268738
48 -52.328524818864985 83.10662247295573
49 -92.57383428428525 -6.673656484746587
50 -24.9186153388778 -5.27491858346194
51 10.758944759636108 53.31951476819984
52 27.420131864252497 83.54680888219656
53 -5.1647364827180695 32.99347421726236
54 -42.80895347747153 5.6006677160113725
55 34.20899112909285 35.65126627557916
56 -0.580861810670072 -25.695409794603876
57 -58.262966925816784 73.11092935037772
58 21.83027775469617 -24.526353856692864
59 -47.33975263628463 -71.27871389421509
60 49.396554151218425 -31.78069769754825
61 -91.39717624849398 3.3300084614339482
62 -43.21578375539035 -53.81559113696961
63 36.29621604437642 -98.05061814740297
64 -79.90789665163959 -92.02745174365825
65 -70.69006309470146 33.904166955591904
66 -1.629915725057458 91.29446550723003
67 -64.20163989092 45.53500535916899
68 75.75856764146116 62.26835455992983
69 -68.75091902834944 82.07000112335882
70 -63.30828040639456 19.47482013575774
71 12.444993439200942 84.06599471770889
72 69.45855767263836 -28.218600800361116
73 -12.671195266797056 -36.13968805585244
74 97.51767957365846 79.61560414516867
75 55.18530596797862 -21.237416339147458
76 -76.68702657518324 11.279529423874806
77 -27.466837965643933 -79.74441216995828
EOF
