DIMENSION :77
NODE_COORD_SECTION
1 45.2254850334063 -48.546087902475456
2 76.85861988444836 -35.60515964742143
3 -19.63798794333684 -90.41743221948882
4 22.72262364282649 44.636720621585425
5 3.3057431893461313 13.399580210280376
6 -65.31789310217818 -75.09800281371078
7 -79.16418486689668 -54.22619313868402
8 8.61457852412208 -22.745141130065647
9 43.60997428044962 31.96690691227539
10 32.47223227347649 52.38650968196089
11 -17.801940417699697 -43.69599591546886
12 -98.96692358518303 -21.122514307552194
13 -31.221360822467204 -28.767359666785026
14 -54.41169474810474 67.58338406957475
15 32.5078686308091 -57.15640162578055
16 34.40702031234767 -62.41937881512205
17 -67.4538244835683 -45.53388788765989
18 -58.5791158996122 -51.72683512296654
19 -90.04508867438071 -1.260985382428828
20 -96.57709170704925 21.675074659735444
21 58.15167706459857 -71.40139039244622
22 -9.823870460413843 69.54779745473908
23 31.339671135032177 -91.0870896912009
24 97.1795198683123 1.985266908725535
25 -88.69720365924172 -86.96892459738868
26 37.43991840767302 -12.796100210929367
27 -64.8149323021374 -57.694073442148806
28 -43.549451552299814 56.70855248723373
29 50.34913940511527 11.686436278081729
30 -76.32199396239412 -94.33024808280406
31 -92.86434965296372 -59.23381062223765
32 64.2113644452445 25.26138944884417
33 -73.67866096384446 17.212861576610067
34 -14.171521116056482 -78.12778336672044
35 85.30066026474958 58.292822810687255
36 -70.41380435501567 -72.48140854589337
37 55.49214524699181 86.24408176483428
38 26.14272477977761 -13.55015533577577
39 93.19718734584333 -45.460296584841096
40 75.37196747787448 14.851868120503255
41 37.115729788109036 14.62314609864113
42 -16.568797406489026 -26.281566860696046
43 97.94965753179642 96.48572810542728
44 -10.70493848883605 69.37394069189551
45 39.00143183074968 91.49577552608798
46 91.87025803749472 -98.20473778037953
47 41.40194374721639 72.17783529623571
48 49.1572243735275 -82.20552087246233
49 23.578265157433805 -38.82040712287163
50 -37.47382349881732 -5.711695956285141
51 41.79831980995533 70.45302303168324
52 -17.973113093522187 -23.705889563965954
53 37.106376800949846 -28.284495806359317
54 72.75283737998862 -75.04344118019155
55 13.689471470573949 -69.45437359672786
56 67.63214811718109 92.82272200258495
57 -65.3082657550553 -60.99255380632742
58 -1.3809003222561245 36.74792397971379
59 3.719937434242908 15.48611432706619
60 -53.88832074714376 3.228352948265595
61 -36.239704797558694 -94.54324862834068
62 -24.477750918729726 -23.379333711728762
63 -10.04695300069261 13.197589008904927
64 -59.72024362172033 -32.37711316112954
65 78.64786108949039 -78.0025901964787
66 22.14373612274568 37.554886432074085
67 -57.61019981870519 19.196368867004537
68 52.56173191087282 3.3908343117186774
69 -91.03802897170303 -67.56154021311112
70 -87.09658507102856 -50.839839279720465
71 -7.662229632363406 -95.19725563642444
72 46.75616690593964 -18.752600433556395
73 -45.62805936051932 89.01974019176146
74 -65.93139394946513 -91.71436233744055
75 8.28641129689025 24.76828900490402
76 74.77985855060868 -99.24787028102497
77 28.483433750248622 78.08729476637635
EOF
