DIMENSION :77
NODE_COORD_SECTION
1 68.67915512674648 45.9528274196816
2 -71.52945018814691 -10.249690942876043
3 -19.960567507246125 51.086430265752966
4 82.50110763247181 -86.58140841541262
5 -22.2645393652208 -82.43932775416962
6 31.120475826786617 -40.00736317917281
7 -20.514895947924245 24.306214917249577
8 -69.80813711911875 67.15090999758303
9 -52.39041113609455 92.81123430929335
10 85.33543768231843 43.15820256938693
11 34.72371922511323 -60.90892907915651
12 -61.445497402844616 13.25715211962671
13 4.628497146796249 39.97310923421807
14 4.932904479396598 5.6587958250329535
15 84.63777782254766 71.14926679421146
16 -29.970250207050796 -3.9896790556141752
17 59.67225038453137 -44.887428949364704
18 28.324283497056655 -49.49269583206139
19 -46.194486138324905 69.00829758706166
20 -5.959716838287505 60.356648531397326
21 61.548701454284696 -94.40569572110735
22 -52.09418011614624 44.08565648315596
23 -10.98848376178006 54.919158751992285
24 -3.1190781980946696 -90.76837247035152
25 -55.82079741168906 79.99078483725043
26 -81.38787585725633 -88.76452621495
27 -24.103431900153765 96.62242103895258
28 38.349519013888084 24.901898101881216
29 2.7515833003751027 35.8066367115259
30 43.288502077057274 52.57776070484792
31 95.90286338399838 66.38241584332783
32 -22.22517336260546 -66.76072397595196
33 -16.00331219476348 86.42415796027996
34 -17.461582417651655 87.96783140106047
35 -66.32908828039379 -46.30431378934779
36 42.097595121788146 -60.16683920430974
37 25.74468217535582 18.67629680083202
38 86.70229126396598 79.99176572548839
39 -4.9556874929710375 -51.91997068075225
40 58.66112460241064 -83.15244857886195
41 30.917407789159085 -17.546676496338605
42 -2.3761077505579493 41.41057003306224
43 45.83873470774623 58.35036760018053
44 25.3675843292867 -30.471006366077873
45 -88.88698633323109 43.749435627113854
46 -82.13942167039123 -19.541597456779414
47 31.531281668054646 84.78764765596202
48 -59.143769215124564 61.27157148535545
49 -15.060878104204576 -57.444450229448194
50 -5.0063596925795935 87.90098846724328
51 -11.97348656671464 10.607098014701904
52 67.35993273421573 -73.85462713208142
53 66.2507691739093 47.0045576110023
54 -81.30500772265002 -80.23938389831582
55 3.6553908134197 -70.86797151013664
56 48.89609331102065 47.794510601969364
57 27.44942784462232 -54.82475871308752
58 78.20645924398582 79.61379886918368
59 -57.43662061605255 73.07944406779825
60 -42.5516419884415 -66.38894435927978
61 72.99924365475243 -34.03883983326257
62 77.88790231258298 -45.63198016122041
63 89.6439463904064 -37.63625002947104
64 -10.204758086756428 -36.90890335766135
65 8.316863645456962 -29.589288483449124
66 58.490461172400785 -92.57632202033157
67 -72.82624420432677 -63.17525816020038
68 -12.35798418405814 -60.72082333413058
69 39.191025677981514 4.94463389103592
70 -78.18888016708937 -16.87244417701328
71 -96.69429049817437 -9.71382591885876
72 3.7120516781400426 -77.79265640842394
73 86.88819210892461 57.85720195564613
74 6.3849006656794245 26.424054445435118
75 -97.42376613703915 72.35115842850172
76 -13.54610894993884 -26.76487984330342
77 54.10044828999824 10.507386034642451
EOF
