DIMENSION :77
NODE_COORD_SECTION
1 62.56229946481014 84.54693792335627
2 81.47632930711163 52.67885096420321
3 -97.78245253294216 -23.232636288218345
4 58.79970612649106 92.1023750102797
5 40.2313401661894 -17.446847569276372
6 21.961208621550554 88.5215757310111
7 -23.484421699468427 -45.09389949607592
8 56.479438032610005 -30.593297348850996
9 -20.169408831118034 -35.01505283430126
10 -67.3996934329135 -8.64184055073649
11 -8.991565057786204 79.71569344649609
12 24.33119554749075 53.688366144170686
13 -93.84238251548622 -10.107283028206027
14 -13.64729536346087 -44.35068290844977
15 75.57314028202677 92.90267842024286
16 0.8012882732049178 -40.26135525947845
17 -98.07275027883718 -41.38253334745261
18 -30.607142717090767 88.55615978754076
19 -49.58204365273622 -37.33372900064329
20 -28.91617964745616 78.97181437130592
21 -6.096163629926735 58.21118611338994
22 31.44265965400257 44.90515112273235
23 -92.34470821038747 -24.48548401220347
24 -42.86827596136593 58.80537542431426
25 -98.79610015404138 -11.999676569151532
26 77.37546700835489 51.960170479377126
27 28.873158201589973 -35.823404745023396
28 4.017858077312098 55.05054786590668
29 55.92542701415863 -63.301459145590314
30 -27.251612370929507 52.90798186000424
31 -26.138599592282645 63.01763422075652
32 -39.69749498767163 11.219234173303178
33 -43.73988491006111 26.475046779790134
34 -14.08098615506475 -52.03672077097639
35 -74.35103761639078 32.36213052776748
36 0.06342047434202414 68.65376751667577
37 -37.7552604317956 -9.615232324908035
38 -60.5971332181829 -38.00032017148314
39 -72.99155177902412 43.132382503909895
40 84.2447551527313 61.3856560871362
41 94.3079367567104 99.56654422011252
42 -6.872150906182895 17.612799250799796
43 93.58420849927467 63.20807224549617
44 8.981066586174393 99.62957395478952
45 44.76866740882167 6.615688655977408
46 32.241881459404 42.52170670817142
47 38.80021595235769 36.913307908183384
48 -61.44732260396752 95.81885852677942
49 62.44258697367749 21.537071214088073
50 82.13005136466649 -9.784958196070022
51 95.70398314259322 99.03735603209236
52 -29.37136862883986 -62.91123054015646
53 20.51253382551799 -13.314958670885389
54 23.29744250833518 2.7479645852009753
55 -29.097263143023454 -85.20469260650374
56 -68.54648554101182 58.113746745562935
57 27.81950255105987 -32.90357547928524
58 -71.2260251591754 -5.403718723581832
59 -84.25182206637044 87.13494446237871
60 48.63433991743992 18.204915372243562
61 -6.269792141567237 22.62281273185927
62 -3.3025630170074436 -13.52609295680982
63 -50.07403178248491 22.796031606502837
64 -0.8162010448040178 -63.42589740618016
65 6.737589795287377 -21.731573738653083
66 -99.26898131487481 -31.980005225651837
67 -77.39369237356435 98.52832443349703
68 80.47613124916586 89.67061968006692
69 36.950480578527106 -40.86018574777847
70 30.971547423586884 -81.73809237681517
71 46.311750476723574 18.874497059857504
72 -98.22820701295664 24.497013083750517
73 -77.37131313427288 -93.58641008271213
74 -51.99531535842077 62.7603538648672
75 -11.34142214390738 -93.07571481151082
76 43.96727666158344 -8.189899026005733
77 50.91970330034417 -59.27149230342606
EOF
