DIMENSION :77
NODE_COORD_SECTION
1 -26.83785281934044 46.00284376602605
2 -67.42504385038546 -90.21270649984939
3 24.223620022343084 -62.767480823905395
4 19.848289369481023 -86.11278454373448
5 -37.34925183353069 96.35875250324466
6 -90.85375006999817 65.73971565730622
7 38.664937764471006 -38.984122994759865
8 -42.92980482697983 -5.647134554255047
9 50.964769111760035 -89.95576363138764
10 43.263844189131476 -19.958538488305024
11 -16.62121464739272 30.790758109870865
12 13.852975073392557 8.611564079452009
13 -5.776841347498049 44.73102652068465
14 51.87269902882926 47.62703520047248
15 54.048961141969016 -8.556481230459951
16 56.01176038685068 87.46426723017657
17 -55.934578524484934 -85.86954085599359
18 -58.770238945972196 -26.3494368259247
19 25.37715752377207 -35.70600465185072
20 -11.72029265293419 -27.979476199530026
21 -31.725174703043592 48.8403949833114
22 -36.10500348456793 -45.486042057243516
23 91.17028323225585 -20.200951475386432
24 -90.62359822479087 70.97786588329501
25 -99.6311032600079 55.007041624080756
26 52.5412075417689 -18.875908806203554
27 44.723176227083 97.52426715098272
28 36.47322982026745 -39.16666139228806
29 3.3134573340146716 12.207991302243087
30 -21.760993450116175 68.28525050541896
31 9.653009409951977 79.78990647475146
32 -28.288023018438253 57.933402544905675
33 -17.48359310065881 -98.03728971518086
34 -69.12688991071438 64.13304435990491
35 -18.658415109042537 -64.60255682892944
36 -66.56711441206176 41.26846911700923
37 -66.74238568177043 -91.7233221346467
38 69.3462303518535 -56.48388240121569
39 89.14177883040199 99.84293070006811
40 24.768443376412947 54.918309334610115
41 57.71101119743983 81.62552575487555
42 39.22681948062353 -60.768159467516924
43 -60.49555864992955 68.42341971581948
44 62.25914675578497 -30.945417105651458
45 36.71528269584823 -92.21468816275716
46 -94.50308936430187 -84.97774214861693
47 50.18188687980029 -51.35730590259915
48 -62.85251095374309 28.406789057255367
49 -8.550687882898231 -27.084719440279798
50 -1.943690538920933 34.23652760589758
51 35.66437629090737 48.32258285821649
52 -67.99359911069888 67.09778054099485
53 20.1686766832738 -33.70072776014368
54 17.639375440119707 28.066149813564977
55 54.00567104800345 65.82608211275706
56 65.35844825310608 -81.24478513765072
57 -54.840599736660224 -87.84787091083433
58 -0.1993398055583242 17.259162806699564
59 75.19408308250715 98.7985250052374
60 -13.058022025061192 -99.19490818630894
61 -44.93469929443119 -28.102779998462907
62 -15.374368216800889 91.21961432918232
63 -18.774877028873675 -62.16689022480655
64 -3.719523967377498 -98.14629468381986
65 77.74503472963846 8.321487041176496
66 89.82277142904516 98.39851976860135
67 -41.96791779423747 -38.53303425004211
68 7.211437264941594 51.06420154679947
69 68.81527190488376 -46.98588369350514
70 -65.14677744614805 -48.117401858952455
71 89.43078177821795 -1.0859698138088874
72 -68.96907618367692 -1.5659865325620075
73 -48.963918701022216 68.49518693091693
74 13.754336665067157 4.086993744427119
75 -86.76529187278597 -23.058996332761765
76 0.9101035750250617 84.87944858975217
77 89.69488930776598 46.44049775456935
EOF
