DIMENSION :77
NODE_COORD_SECTION
1 25.395110359048402 -86.76987366933481
2 -26.0633884855429 77.32068520006507
3 -11.15216656362199 -66.70572616207342
4 49.87181972884554 40.53364282147126
5 -92.1865467369614 1.4545946505586755
6 76.01062833933847 -49.39690634951472
7 1.895584685233942 -22.35841537463996
8 -3.004162146373133 85.75555950253036
9 -94.30650767527197 -65.21248785312133
10 16.185487974952224 -56.31614950683712
11 -15.782271447442469 29.035296744383288
12 89.77915200438412 -24.358079303646107
13 83.13950901718323 1.8040727885341994
14 -80.87669908539424 -32.28070201109202
15 12.683620691643796 41.867065605245756
16 -24.349933184672466 -9.873560676221402
17 -19.423794854276906 78.76122404783197
18 25.130278848113633 19.111334769810526
19 -12.689554580537134 53.26237253439132
20 -68.60165781377711 -48.833192164811166
21 76.09456441894324 -83.67650775042648
22 14.432867192854417 -24.52301150267924
23 90.19821818102648 44.78799479689056
24 -86.34625250741574 -51.90949987675393
25 32.015004874702214 30.353713367346955
26 -35.47721961063776 -79.90299195757822
27 41.01012988095846 -2.322406756319211
28 -64.98841468800455 -87.87727672793028
29 11.824082324127176 -61.82501795020436
30 -11.77290846770127 -1.2502952895608246
31 -40.845378232157636 7.981572786617619
32 -61.53856504240181 -30.997313546933498
33 2.640922275252194 -68.2899629627264
34 50.15969852594628 62.83628767925171
35 92.825329962469 -21.952461457595433
36 -7.224606323066112 -51.40541251922181
37 -71.63024774194464 28.90431677551669
38 -90.78963845156464 2.7039723472801285
39 -74.94479960129452 50.73756096293309
40 81.5119957717194 80.3993964220927
41 -11.305322260162626 -5.161002735946155
42 -15.272376416965656 -74.92693347311716
43 16.941022046586028 2.7884908367133363
44 8.292145611272048 -46.126179619088006
45 -90.92698158158879 -26.059821109237703
46 -5.948213551027067 -21.525655528026277
47 -1.8054087305054338 63.721619435313926
48 -8.99674477402246 72.46261974870492
49 36.88340023610985 -75.30945825912762
50 59.05426452093991 80.6028794028206
51 -34.8231598783419 76.70787849589192
52 -32.41214758194184 -19.749433834277696
53 68.8849124515011 98.24969126612112
54 29.33952880286185 51.49469369067128
55 -3.4289405185650565 -32.20512021592066
56 86.07291415102804 -9.859723441703565
57 45.14354150309359 52.3894080041166
58 19.76589947011054 -93.56766670982772
59 -53.148403979784305 -60.09800958157625
60 -98.50380735479092 -7.537823755901172
61 94.58211500600117 -57.84983818558877
62 9.941418917255177 -87.51423120440482
63 -72.2958535481589 57.989774993087565
64 52.385712944772166 72.92284186205532
65 67.31007937455848 78.62499852310088
66 3.3511096191065235 62.59476398150616
67 -62.445982368458644 -58.19006041475752
68 39.44880922145734 -81.2020333120195
69 38.8892624554685 -2.7228629092928713
70 93.77178178694402 71.09899648472015
71 -50.64147487686665 -67.35786300392914
72 -20.873176553858826 42.27620952344259
73 -78.30803894424795 -72.80246430311308
74 36.63073834104068 44.62219516781329
75 16.819769163377728 -49.576161652733106
76 54.67182922305628 99.86017716950144
77 68.5075271018222 2.708620315463534
EOF
