DIMENSION :78
NODE_COORD_SECTION
1 68.15654572286198 26.41563122137738
2 37.04964200611161 -78.62497881394776
3 -46.83742868476599 -84.56892482656431
4 90.88585040248535 90.13179632560892
5 81.69671778338736 -68.5498973359092
6 -37.88041312210786 -55.954110268586945
7 -58.8473407157305 -63.488235696357684
8 -17.15658964575711 72.1685940157505
9 -77.05826914891355 -69.42702374326791
10 -23.485000945821824 76.23913568970536
11 -84.1992239173863 -95.54802146692847
12 -60.24799758706499 41.36999167132561
13 69.6728758163193 69.4252732441382
14 -94.34757016983886 -27.51212726127099
15 98.40430504873171 32.16087782818806
16 -71.53384774812434 31.326489530025242
17 52.97775182843094 -51.290125967638666
18 58.5444251787072 64.43131446868253
19 41.728276258248485 -12.432790553014812
20 -13.153943389609196 99.55064341227163
21 99.96515501996234 -40.648232066860565
22 -70.11972095328551 5.951203813461149
23 -81.35079409740634 -70.55511374846088
24 98.81808933440712 -36.38918035882275
25 30.251915373137223 19.965440684190284
26 -49.394733623252975 -33.095532722243746
27 -80.35098219699441 28.74875879120532
28 -45.738112299079404 -99.68569464793853
29 -21.12200539546059 -54.46435545843447
30 22.154715109724194 -33.14170874125986
31 56.815336466480886 -70.63309916897246
32 53.880405476743164 24.345918218657147
33 -31.693972441263796 26.217763702802273
34 19.499065573015244 90.23390493291268
35 -77.99564161118859 52.19568404150351
36 69.20911129072783 -87.23149823299048
37 2.1615797536271657 45.1641226751199
38 98.15625415797564 74.26530127956448
39 -3.177404518356795 96.44381996324628
40 17.920574228607393 -8.208557146381068
41 3.370421287447357 14.282362430550009
42 90.32761290464231 11.179134517833816
43 -37.91632204280981 -57.92834162626876
44 64.5807269883554 -47.786466596163415
45 -30.65102796896892 -43.167778468566986
46 -74.68644813783287 -43.997925297356375
47 -95.60345219956031 7.272022987679065
48 7.013073837179064 -90.05363485887088
49 -33.09575039229668 -84.23304713358546
50 59.365285878162894 81.40185626637961
51 -32.45878026833 -35.10124112067605
52 -41.573019773907596 78.02458089333717
53 39.499536179166284 16.7255984414341
54 -49.871161587129144 70.96824909753175
55 46.28839161528498 -28.25070210990863
56 -14.533553096254082 -33.49085114519801
57 -50.457989396870914 64.5824199210638
58 60.83758552143968 92.34023811699217
59 -29.680821924666304 14.607507307017698
60 -87.66450504535159 -23.309991277540504
61 -71.65139480558449 2.4596760722516393
62 -70.59040802826486 -58.41434962595555
63 75.9011613568693 26.952995455101814
64 -48.84349947153586 -94.00578116812743
65 56.44633812564646 12.110055236639965
66 87.60596538806672 0.23943962681536846
67 -87.02294147451148 80.24320058368133
68 68.7176518791207 -69.99402443695718
69 -53.13662675134883 84.57498825618427
70 65.40650572022486 96.40695534607505
71 85.32222735641326 3.674476923159318
72 49.765842148436434 78.00466543441141
73 54.067033040729854 -59.97495283976973
74 -34.24110172004325 11.33836587402115
75 71.42726977231933 36.328431276484025
76 67.0012107461385 68.4272451589676
77 -18.794943309942866 25.688799580039017
78 -55.14234239118334 22.88056118681743
EOF
