DIMENSION :78
NODE_COORD_SECTION
1 -76.23800756582237 -34.390232764925074
2 17.929606527844882 20.66119501749381
3 8.306324554000483 -29.223793520256365
4 -16.890826762468805 -72.78729649759427
5 -5.923044967893887 55.88188889348166
6 -61.27080394630593 9.574267807175985
7 -85.90269326802755 -72.69702659713721
8 -18.061041197429233 30.271749692245805
9 82.39887035084641 -78.79350715973729
10 55.287482678615646 79.1873338549041
11 14.090452516242237 75.72197113556132
12 71.59749283297077 50.2741658925664
13 57.37610006790848 -53.90657436865543
14 81.56501191098937 -18.10348395871435
15 -12.39913064059101 24.268074891021655
16 65.12083462948019 -77.25994156399864
17 45.630505888648486 -91.83294808537443
18 25.441943854067134 -40.349104046812336
19 -83.65259767628221 80.92261987250328
20 43.602253047353315 -50.573970583954186
21 -62.22811343472108 -93.34465664314055
22 12.2038292616663 -66.50793889324855
23 7.294485002662327 26.903728442138103
24 -92.06882769573232 -17.427059227928822
25 8.731261894191505 -49.391972581101214
26 85.82276257192856 -82.1383284593162
27 -77.60904218332571 70.58877976872941
28 -17.84437654914788 -14.125103302550542
29 -99.93072850850469 10.749936094875608
30 -1.8097888022507078 -73.91659636137973
31 87.86206225068648 -89.22475411083698
32 3.624507115424251 -36.42435535019695
33 61.91590622778301 -11.124116769413746
34 46.45775851266484 83.42539136583488
35 5.710984259187413 88.18615462588585
36 85.06586361100167 99.09870029558283
37 2.1978386319118925 -91.30669856625859
38 68.6419838148812 -85.85044890870152
39 40.08605854900736 54.12645842935723
40 83.75746048653457 -5.382628663984022
41 -59.19038962205274 82.01886437333576
42 -42.35020431561522 18.953926571637552
43 1.1699697125500563 35.19649955246996
44 62.94588317961143 -47.0290010423285
45 -83.61510004831239 54.23538657555957
46 -96.11963099987024 9.214361291841229
47 99.2471707001869 22.96886403689176
48 -19.32956561776298 93.33364400874953
49 43.32416288359036 -17.084810739396588
50 26.560045245610013 14.431749478209426
51 91.60578754930279 67.53487601308535
52 -8.851940930627293 -57.95853935158017
53 66.7348333718461 -46.48372351815784
54 -96.03364319937748 -70.70890301753224
55 94.93022340812917 -96.17303928103593
56 -6.124451352225762 -10.015013939568277
57 12.940428856252325 -13.942542042313974
58 -37.30252028676575 16.738638882194152
59 -14.159249856636237 -10.376870770942205
60 -84.3947036908864 -42.027340986221226
61 -16.785311747893616 -63.32123565229961
62 -63.85666027524755 -66.51671477038246
63 -37.76367111808181 84.13986843344264
64 60.350822772249245 -38.528232450566044
65 -11.60290118418699 -52.006656482653746
66 52.31462984811074 94.32863136312096
67 88.09688072056792 -53.880377796916925
68 -87.42165699148521 16.133074500945582
69 -27.953987613115828 -47.862871591352715
70 61.185983643979995 -58.2582240986967
71 94.40130110791006 -19.680809505791743
72 28.740624427329777 -24.494605856400597
73 19.785618061175626 -19.57750364642699
74 61.70957590606224 -62.93478289339753
75 -41.18255937748121 -88.69476916174523
76 -97.69063609736557 42.34636718982125
77 2.502976510385963 83.50218809570296
78 -61.34464533325907 -60.22192777154947
EOF
