DIMENSION :78
NODE_COORD_SECTION
1 59.31608079660046 13.032332417061426
2 4.714393580329983 98.99222295320894
3 1.1178391652933044 -87.25062787647207
4 14.343511838485767 -95.20126031194438
5 94.06502175207615 58.31411193060052
6 -2.83723674435403 -95.28215656785619
7 -72.4346692468683 81.89378870957725
8 63.98046259932829 11.782822341430517
9 -14.092992777133588 -9.361491653451239
10 82.72506712746514 -23.668494513713128
11 -58.543751722963954 25.314151611916785
12 -77.42840934367179 70.35524913107028
13 32.227532517222244 -27.281154341233616
14 31.38192689268996 53.50325419580477
15 50.85931720360003 73.41749015779106
16 -64.30136462283538 -55.98512571482826
17 66.75415294988304 12.617797867390294
18 -87.11676149260671 -45.23325767958626
19 -20.881234176679797 59.55039059020365
20 26.591645595224094 -77.21452437517513
21 -44.133655035925656 29.50457867358716
22 -60.36909686312419 59.99090007109453
23 -48.1803276646815 -17.289496251874482
24 22.34302175554687 83.59876126753878
25 19.380444965082447 45.54735218613379
26 60.013206236453016 -53.474116050519925
27 25.80658193751853 42.09646703029662
28 -70.59867369212014 81.3048904865897
29 73.46596123245652 -42.152806744907664
30 -37.65287011452636 95.42964835760827
31 -17.088444448595425 22.402426579268692
32 -56.498870039526274 11.716599481671565
33 43.34945965551631 -5.680234139636724
34 -0.4151992043720725 34.18127878976617
35 61.047964547395196 58.76343875459543
36 29.185144271927783 38.09332456484549
37 -56.53769773206183 7.431007937248864
38 -5.059633433371147 -67.7125860821597
39 45.3262541947208 60.25804859052718
40 -45.92511117678928 -77.52849260541606
41 72.6885034010906 9.69310580575133
42 -61.406486958863105 -83.81199881985539
43 91.84792910707665 -79.12584705623742
44 -86.95385506272348 53.2473182997135
45 -77.63109058379744 4.826931846796924
46 35.625928743057045 19.867586525270184
47 -93.16601212171108 96.84460546903887
48 -72.53455134124789 10.41811494638685
49 -55.28202273415186 18.497244983387873
50 15.346877097014215 -62.421555984311205
51 -46.25586978527767 -20.741395927112038
52 54.6438585698389 -40.111209566499184
53 -20.690569139478924 82.52691552672385
54 62.16421966603849 -4.918240646299822
55 11.04289372321044 -59.14473417072394
56 92.66427052641427 18.24934744120128
57 -14.713032327229826 -23.503619932019888
58 -21.84292058252663 5.813141742016342
59 53.26903323042339 -14.094446312908431
60 -84.2615015008023 -20.570086387347985
61 -23.043656271498648 -19.36538669224271
62 37.50643808030583 -71.62132334854357
63 78.06436386744741 -17.911154785742085
64 25.250415955709656 44.6394260152322
65 -89.58492948732217 -56.09215216413541
66 42.939855113815355 91.78783712141313
67 -48.18167731903713 -96.72962225610621
68 -48.35863048269302 46.99427287702915
69 -81.12409260223892 21.21230342147706
70 -55.65337231728489 4.82942593242899
71 -3.4154659202126254 -37.91418602630243
72 -7.705877925879761 -87.75686316393194
73 -55.65948723777381 83.57716427690926
74 29.71960449065608 15.996840944569385
75 90.92554596132047 -38.76080334335066
76 20.571595206705368 -53.00575107800831
77 63.279400154591286 55.28406734516227
78 -51.42010610888668 -59.63108508291488
EOF
