DIMENSION :78
NODE_COORD_SECTION
1 14.821540434317342 -83.95305548020215
2 52.42586809627403 -8.628376614728197
3 78.85907055906063 -74.48316685917706
4 95.38219534224885 -7.14469518336378
5 36.800428734078 44.509063107963016
6 -18.002349143697742 -4.990093012071469
7 -24.416058905814836 18.83082892916697
8 99.37325270934468 -62.068567913576885
9 -60.09278854540041 -33.88613685516148
10 -0.25350996754087873 -12.44423718384553
11 34.239163444633874 -74.58777978193734
12 66.04833184115887 -67.4759402250399
13 56.60487343025585 -18.676620150417563
14 82.19747142834848 -94.09583287276794
15 73.59759807891243 -41.53596749131443
16 -1.4567261707763066 -21.912446312557904
17 78.29881558769239 65.92087312523469
18 -19.27971551132397 41.59553416747403
19 -13.73620276627922 86.33582326550126
20 -90.72114132856062 14.19234415159029
21 -80.54321121888441 -49.42581831614119
22 57.80795584612582 -76.38303848501175
23 3.996273629114185 16.46325002236604
24 -81.13228775010037 -94.59058313941415
25 -35.202365720372825 78.87804230453781
26 69.90099551595699 -55.27846432222052
27 38.67678563845101 78.48974585676959
28 -24.605275161340927 -76.33397581884495
29 -52.79484168884912 47.781687193271125
30 -93.08681948888061 -2.3280306207503543
31 71.58284450068098 35.47657683077773
32 -70.77271324695732 -82.52121259650022
33 -45.97668615951871 -15.692074129481924
34 -51.38475092053698 37.81478906403447
35 13.619679709910244 2.1075329004318633
36 -51.488471712135905 9.47054890945553
37 -90.61096960295323 -37.52998587537748
38 -51.96721452986357 -61.60863955248526
39 -90.83206179474523 98.79450156018993
40 -89.48914087465994 -86.42289251733177
41 -69.74117212298705 14.292488144657199
42 2.014492434826238 54.991948290199076
43 6.203343065104505 -79.40984662757666
44 53.94306439552571 13.350212128449314
45 3.78559834868679 -61.157735119193205
46 19.12712094012079 -34.44086452678093
47 65.34459179915956 -50.1859651578457
48 27.47212591018709 -7.237086645570372
49 83.70168731549884 -36.823728317553005
50 -54.96669652951836 -97.65323671653734
51 -69.51429346868522 91.29825457368102
52 -80.4888505674254 60.92368751280702
53 -46.63542945132726 -40.88820549667063
54 55.50859765100904 42.24071947470338
55 33.66913851849611 -40.840928419680544
56 -95.50745882796106 62.10545252681726
57 53.121423346749 -30.27416396376408
58 77.25385990961496 71.84777922661823
59 -43.144186033448804 -5.999379142257965
60 -9.238300372987894 12.495781823746668
61 -80.35126918742364 49.48976098336368
62 -53.34065617535928 93.75877043375561
63 23.248407197019887 -60.543014745638814
64 5.2505343484169344 55.0745823186123
65 -65.07669992006937 71.94540806609493
66 66.67668609090038 -9.607709201911945
67 -59.17589885842236 56.97893368585733
68 0.08700771156978249 74.0254464132799
69 -67.51918437020629 8.828956411225832
70 -28.044942968986362 11.825264548488022
71 -29.266924975622928 -92.22849656513938
72 -83.70307068774676 60.0869334243321
73 58.618294158104675 34.54882873532114
74 -37.6023062806947 4.016546889252325
75 -56.78106996475094 -19.21125788746248
76 -10.2456563837126 -31.74993359961931
77 -63.80340645393956 59.92381316602382
78 -84.70485520080007 -56.170155370496076
EOF
