DIMENSION :78
NODE_COORD_SECTION
1 40.16658129577041 -52.273667157625226
2 48.7518350062696 27.979187298396525
3 -34.20354065424951 -93.52827940782873
4 23.945077501879325 54.24762608633989
5 80.73231588223268 82.42908867689428
6 99.17899952021949 -31.89461594876721
7 37.309163276297085 -51.89619486556656
8 87.97540090190026 -21.896189955292883
9 -97.99030234842128 47.94883969325997
10 21.94681720873801 66.66426403359864
11 -73.62601377343654 -39.85675102354313
12 77.94518556079385 -71.12114112091577
13 38.488081191404035 1.2899908053703513
14 -14.722546139029362 89.52413613978547
15 71.92783314606658 49.161301569797985
16 29.571271060183307 92.65413072094074
17 18.760651712676406 79.9087784651438
18 -94.77437369634254 -29.946680680366285
19 44.18459580160709 68.69456799102025
20 84.98279740606239 37.99407277370261
21 32.61064333259998 -13.511035834908938
22 73.00956387642219 46.157219091924134
23 48.470674438971315 -59.181172305580866
24 86.9771846612285 8.238437366038639
25 89.76015329969601 54.540357149116005
26 -25.018843242473736 80.67725220629376
27 88.3011498449853 54.24874982992819
28 -85.2565215958549 24.109443406079393
29 67.93780431478302 -51.27370323863354
30 65.39149132597208 81.55779477324731
31 -89.64699563248679 17.86973427622212
32 46.20916024474988 -61.95989338761538
33 97.92151976752723 3.8263895207901015
34 -97.8919609439938 -11.812512120797791
35 -96.00850384694168 98.60812318525166
36 82.16679457391734 31.630043108803733
37 -16.787376190888395 56.24076099132026
38 -94.56020699277805 -59.678931444442696
39 -21.993937192182628 -77.45395055887055
40 17.336665911388963 -2.3650555729289664
41 1.9975534324354385 71.94206538128176
42 50.2265066476036 95.98805564837485
43 87.2119019552141 68.18715639878903
44 93.52174375620811 -2.104008748622931
45 89.05341087167014 -75.21850642956728
46 51.348416989562594 14.794474848943608
47 -68.42644725830176 30.779456795451807
48 -79.98885132401645 -61.384531976248624
49 45.25361816060959 -70.9449730314198
50 52.8125427013143 73.02392113937378
51 0.50669877952609 86.60156072997623
52 -3.6115628324915576 -45.6151766072441
53 72.3299245133824 -19.763793783607625
54 80.57196152538836 26.944153344304397
55 -14.985580279239215 36.11853017231087
56 22.900874554709986 -57.62859266811407
57 -19.453005905706846 7.781651701532127
58 -30.765769317689575 90.72555629577732
59 30.314199868059376 54.91363907195773
60 33.54605368959287 38.07016120261645
61 66.94586209326349 93.91558850945728
62 -77.18482571280197 -54.62237493077726
63 -48.38812517711446 -68.69777946825455
64 37.03197954831876 -25.973512881858028
65 -88.18753269786922 62.299611291896326
66 -80.3055943967831 -54.89021257389908
67 -14.321159032007785 19.53392332918594
68 -99.23298227877922 -87.06341966667102
69 -8.972437480680469 -9.50601809451976
70 21.928690440466553 37.52277703567418
71 -99.11130462623245 87.48959352438513
72 63.03578963599213 -3.4685683545808246
73 51.95418564616975 -49.88334492959594
74 99.079515053894 -35.9631487402887
75 -61.63038248575625 87.77901850016244
76 -91.48255321448187 -98.34922689981053
77 50.51899429255354 -71.39368552921465
78 -73.28895021457771 -43.03695627914288
EOF
