DIMENSION :78
NODE_COORD_SECTION
1 -42.257736536182875 33.53833266297394
2 64.8171293170272 94.14860805166879
3 81.94055546013993 8.500589441910236
4 -73.45956442247157 91.42912268857779
5 -99.9267845159746 -19.087241132360973
6 -36.6215036688196 -42.249930822744865
7 -66.92473900616426 -65.15290259123515
8 35.31966143650786 8.838846042438547
9 23.560678998367706 -40.25358435187385
10 55.08068278260063 -93.78026163100695
11 -53.18015715681226 45.922743451477544
12 -20.392344092891364 94.6976362450198
13 92.43853648466171 86.83646039633322
14 71.43261685670299 5.25560893617569
15 -26.155405435931115 -91.5987791944672
16 -16.22619330584672 -65.27501167880874
17 -63.43536971622574 60.59906879530982
18 2.3690715966832414 19.250651055508186
19 30.699818907647597 52.97928835249857
20 37.383412275937616 -44.511737787073244
21 -10.893627270323918 93.15350433956581
22 -99.66660195417047 91.63435378415826
23 9.992897475723737 -3.8113743885331246
24 23.822586137067248 9.804035868798906
25 -18.87673371588734 -27.16164954904849
26 85.98369178181221 -48.064566013090015
27 -97.45959413611965 75.84294655401877
28 -13.125148585931939 3.3137364698236524
29 -34.29728788308452 -13.933909618301982
30 90.67882362430569 40.9720108041013
31 29.151623303682413 -45.97334980596812
32 -4.594384291158235 78.63990839550868
33 94.30524789945767 77.42233110986095
34 -79.09953496110347 -4.424547355117099
35 29.699598805580735 91.53116743941828
36 -83.68917912177633 -76.47077902095498
37 17.97553513774966 76.9158996321236
38 79.767400437833 -15.745827019262393
39 7.136076620152764 -52.35462992603787
40 55.88600672854585 19.388608928165695
41 36.07529194697477 73.28607954699592
42 30.79840144183396 35.20362215693325
43 74.10654583735061 -90.79381205470057
44 79.77201040777308 96.62066783212126
45 -34.80551585661948 62.273202922320905
46 39.07984652503541 -51.93129469675204
47 -0.17840077778575392 2.8157599940747104
48 71.63360747933979 -86.8353277006784
49 -49.10305179641712 48.7589025930271
50 -25.005583758411092 30.86491677500908
51 -95.1590876996796 94.13133225554165
52 40.727300078978175 -77.35062062077105
53 94.956772378245 31.68221157083343
54 -84.33296297482254 -46.535616047119134
55 1.4260650443277427 -71.8658713691371
56 38.514508964834135 48.5638879555041
57 20.741631861929392 -49.36217485734296
58 29.28439332915056 59.05314212488108
59 27.118462040592632 14.283546140175346
60 94.47642701622502 30.852846404092645
61 -50.6006597689086 -76.93729511114991
62 77.44419152935603 -75.03420099360898
63 69.19859285872559 10.462773794805386
64 31.28679248145164 61.342221088725154
65 -90.49608711020616 -49.08266427233197
66 -79.30950911297714 14.303953835006467
67 -72.31709808589235 -90.37777892662847
68 69.49881717827782 74.4018360311311
69 -47.182721924760564 -74.23213262884076
70 62.39130734551412 -90.25550467667713
71 14.514505075888607 -16.973074825383193
72 -18.09747056239523 -90.74894720936679
73 98.82304590164301 11.175360401795203
74 -83.88527351785054 70.94413297569
75 36.60398803781541 84.01422319392768
76 7.70875656314152 10.313704032874256
77 -19.311554337434274 -68.70157055020758
78 -68.34014195121303 -93.05364689274518
EOF
