DIMENSION :78
NODE_COORD_SECTION
1 -69.19477293628063 -43.172273729262486
2 53.32498648293662 -18.539023319999842
3 3.986059053875792 -25.208929461612257
4 -32.01206845402311 -49.47731468678707
5 -17.344857341015413 99.27863288942697
6 -7.41632553571003 78.34951545618009
7 -83.47374755442075 79.32840985132017
8 21.549720921076144 -30.31702299586408
9 84.13246166412787 -76.77625242945294
10 -96.56736214026597 -20.452770539322756
11 76.17570740469014 -87.34532588321696
12 -31.666245875918662 -56.5140259151107
13 64.47609845136398 40.10255545299452
14 45.461978408104954 43.36708193393491
15 -41.25128501492659 -93.50975886716905
16 88.35360761776701 -94.33959972893152
17 -95.58777396360469 68.67910004877311
18 41.92048092373338 -27.741732286231866
19 -93.13972562594243 10.183235202765346
20 -16.66058683414937 58.322498055578365
21 81.10306455606926 -76.48967954687016
22 47.89741751011542 17.305442367673308
23 -79.58680255063435 -61.17243910066807
24 11.25878049513203 -29.793072991938544
25 53.586362707829295 -88.80969839571799
26 41.22162158065558 24.292926621525424
27 17.654029487581496 -12.64008108815753
28 54.883112302520175 5.915792923914779
29 11.361860439958832 -86.72335709910723
30 -78.76587834813847 62.740082638388
31 14.454125349627759 14.542087142946741
32 34.5555930041601 52.59194216427295
33 58.780980203424605 -15.194789164844053
34 -49.40946378753897 29.314130971793873
35 19.472012597533777 50.73468838196021
36 25.317076744517465 60.42286488964987
37 57.895985880486165 -52.70050861953892
38 -74.75046695513312 67.0266479605894
39 -7.146599760521028 33.368744112750505
40 88.54614563182045 -36.61862121847972
41 2.4248611712264676 5.1808778269568165
42 -92.19646804928165 91.62004070190665
43 -33.87499222924288 24.021198530185515
44 -21.730434792167145 -3.390594337905455
45 45.48815996421598 64.48603678829406
46 9.307979588898647 -33.44983364633376
47 -29.061499808042285 -88.99927724604115
48 -67.7005874112939 76.8510468792388
49 -46.225900156026036 82.7976776420538
50 -45.2346022705012 -82.02856090322524
51 -25.679232252997238 51.34999970507269
52 8.353108755232498 -37.65875844541227
53 10.788093146911166 29.2949351823664
54 17.420466576902243 31.130584057839428
55 -31.913183309174627 -43.82922569818
56 75.31261105773831 -41.4437819678499
57 41.843035892249475 83.82965349432502
58 -42.977618281636595 -80.4246229477851
59 10.071484497354959 -26.82206946469303
60 19.779016785447894 -13.767958003035716
61 83.44653558855768 -46.065220661417406
62 47.21076870299626 -91.41546906167825
63 64.83626816933702 -29.611240618048384
64 -21.921170604790646 78.05745222959416
65 69.74139675228267 38.67113666445877
66 -72.81863748489197 -75.7749340470653
67 -58.49249560737408 74.85381471356683
68 53.87813377906511 20.447277035209638
69 -41.34445337096857 18.21884269401015
70 62.78772849621262 -70.5566587903421
71 76.40213208195084 -29.66455781369075
72 31.560915774279465 -93.19732553289342
73 -29.58229047682977 98.11959994248662
74 52.23528115349197 -1.4039733842434998
75 -41.90268966653683 -92.15962024078186
76 45.52783339006854 18.664419347952816
77 61.09503755847069 -12.923912635274746
78 61.523819294510275 -28.172692871497034
EOF
