DIMENSION :78
NODE_COORD_SECTION
1 -4.34490288175779 -11.666618206758983
2 66.95959013820502 83.1408145883851
3 4.436803588467882 -34.830982515803896
4 73.17703284569694 74.75435811055334
5 -40.202129574870085 55.675606464969036
6 -53.87280238755232 57.4041180552542
7 -97.46603512978649 92.50148667044022
8 92.83129014314483 28.021838308303757
9 -54.60001135565229 48.013552559077425
10 -51.99584505142385 -50.78716423835654
11 -57.3291246116812 -98.68134610006432
12 -26.415429503527704 -15.001138311844159
13 -67.57022723501147 23.790291540767058
14 74.85587728388526 -50.265127946579625
15 87.20986352884367 -73.02124090559523
16 -31.509872200009198 33.316081027109504
17 -21.65744852377047 38.071986989660786
18 -26.799361207275084 -22.294112081688496
19 10.34141775947981 20.61338140960771
20 -89.71072882390065 -77.02080079839104
21 -86.12218857080043 41.97203747382886
22 99.22644709524573 -84.51017317581994
23 -0.6194134670563471 -95.90030241936675
24 12.5032976811774 -23.565358821894165
25 68.01896113619216 -99.60197986642916
26 14.34713413266779 66.00126318758964
27 52.80416251490726 39.058632175757054
28 -50.50725107160905 46.45012204445814
29 19.771936819049003 82.0276250094226
30 -28.946175048062756 46.895784555011716
31 97.68476359176506 88.78514381004587
32 -99.35982867580069 63.21645664750315
33 24.418891184526757 25.419818577628917
34 -0.781925262320641 -11.565249545688204
35 99.17820698065393 -97.98314960831003
36 93.81270341155468 -37.923239548127526
37 11.903242612304794 35.16754722695612
38 -46.997070588370946 -48.56943997728258
39 84.72031124876608 -2.55265674951319
40 33.26065362530497 33.28938569526997
41 -94.99766681597322 11.998172946485937
42 28.538118181060327 -68.32125098283902
43 -44.41057429317574 -22.109667873302513
44 47.108390462675885 -14.769232212744313
45 54.94390896404053 -29.272091255103106
46 -87.48431746977248 67.28318689399984
47 8.49096056455862 -46.999063402972105
48 39.59376052840685 62.44447685292434
49 42.12271119336464 -50.02346005180942
50 -28.137739532846396 -84.7194440167925
51 -60.179897425887006 99.46036277350416
52 -16.787710597808882 9.94271046328221
53 -60.426567959318824 -32.45138902048245
54 -55.355739515680625 -86.02961208561322
55 -44.74095829671616 -62.46981302532137
56 -64.07757301840506 -74.83352373988834
57 -13.143776265896719 -74.612628781359
58 42.36222898220851 -2.643031040198963
59 57.36487419301105 -47.11744177937391
60 18.568057975434996 89.01071392817167
61 72.01110561459998 18.007765342937688
62 23.790596440430647 -21.890749129024726
63 33.80452691253225 42.61247717617286
64 37.67456751299497 -82.67939328735964
65 69.23743558308513 48.314623166674835
66 50.51910459526033 -34.55487791256948
67 -81.10714206419215 -85.66150829397468
68 88.77469893533859 24.265351306156745
69 -70.0452676324752 -95.28761048524129
70 -15.647871779479033 -65.65378685299311
71 -48.909711316558926 17.298024780768472
72 -74.5796001432161 38.995581169071926
73 74.90112386054594 -96.5874135994026
74 36.72218333983892 12.509550943202669
75 99.11608232056432 34.343542277067144
76 -70.96298275756625 66.99078512295665
77 84.92559321496 -50.154698149327224
78 -69.72619284501002 -98.55775092996966
EOF
