DIMENSION :78
NODE_COORD_SECTION
1 79.33366696828469 13.74589413021367
2 -35.22400860377172 -62.497135873089384
3 -61.86962307616164 -76.9190889434902
4 -17.225870169429868 98.10553250853971
5 37.06413183020453 69.71100807014787
6 58.522321688563096 28.502166586605398
7 91.01966720104369 -62.83168325394206
8 -26.49365422854541 33.51433008910837
9 -85.51577524384828 30.516214264797497
10 80.21310143943424 -89.46779677986561
11 -48.68906138381619 -16.70407511401541
12 -97.69766550218097 94.69866294819255
13 -22.23494167920896 63.17247397918018
14 68.62332773092902 -99.12071800717854
15 -59.934887605347555 -93.31834100182648
16 1.3707177303418518 -53.5668675509045
17 26.107791844489412 -46.48131522412966
18 82.77522545049459 69.46338186423569
19 -9.208191698733899 -77.90182295213611
20 10.07654765606469 19.140683631382927
21 55.3325426277064 -29.34557969810878
22 -84.87262074434531 87.8564209229448
23 -16.814026485916344 -78.06035663944556
24 -27.171079561889528 79.37698193117325
25 -1.323246406852192 94.61727867775156
26 51.69990531102562 -37.165751916932386
27 59.15207433192461 80.7362239954571
28 70.2327501728717 49.30156582588671
29 17.45930189939196 36.21108577497807
30 -85.7081224878521 -54.13144882893941
31 18.77215949368221 -89.97740902260082
32 43.660957124733244 91.5420818532431
33 64.26657124987818 -72.10873104110559
34 69.94731604290641 -40.03502369587106
35 43.874018205850234 -32.53330528795861
36 23.403295011128648 25.857840654013927
37 91.31674414876082 14.61357456730829
38 -57.17403658813187 -64.74631731886464
39 46.855668640670075 74.16501101015706
40 20.54811140113057 -5.991063586674301
41 -73.34142889981081 -76.4475657289556
42 13.635061936995598 94.7385844740291
43 -7.577529963225643 -55.98941685939969
44 -7.246732509510338 -60.762824199399
45 90.86087151240048 -58.40478829848663
46 -58.22153637769125 81.61153225287546
47 -10.106949048634007 -20.95997787565895
48 44.06244128086507 -83.23491886532466
49 76.84898605028317 -20.481438524435205
50 95.37924318258621 69.53770500401731
51 3.730375108015835 34.66579910023978
52 -31.07687761745221 -98.28079059617146
53 65.54446351000408 -48.246821803585995
54 24.332093005614695 47.318407059920474
55 79.9541269583045 8.700015326682092
56 0.5625150178389049 10.884026535294439
57 99.96422431109872 -49.356827968760754
58 61.54177660632149 -80.66240088523705
59 36.09068326709493 -41.92404466246104
60 73.87756058683684 -95.30737526241282
61 -9.564553573285409 44.10633801342587
62 87.5038612477708 -86.80166172718944
63 12.31697055883538 97.17360136599262
64 -37.0045650464061 -14.139532824088036
65 73.58241435729141 -24.398481582848632
66 -56.61604289047373 35.955427991432316
67 -68.54560424147542 81.65543392620378
68 -96.33935312222172 61.068491017365346
69 -2.2584096205870594 95.30938644704858
70 27.75178947660541 -29.649506901066175
71 -34.53087844746764 31.718751800655667
72 -39.3949176810114 -17.89826328508373
73 -42.53882003244731 -98.56718368202957
74 62.12626725453495 52.45577031824877
75 -43.86505020116995 -1.329317158808692
76 50.05719703477905 32.84983307675628
77 49.74138952568728 20.523181378638327
78 60.48785193199083 22.132804144692898
EOF
