DIMENSION :78
NODE_COORD_SECTION
1 -97.40838472624462 -3.79934447002816
2 91.79199190419251 -13.112796780954412
3 -37.16434926522834 -57.33480223630267
4 -15.83504685090007 -62.664784039396416
5 45.01307974153525 38.53952054443624
6 -77.93404474073557 48.861978767516945
7 57.27393307817894 -45.0975291619993
8 -68.61687781754841 -37.18924537028157
9 95.61632377705592 -3.6423952678091354
10 -90.9184861068784 -47.33809152368369
11 -27.102204654480914 3.7196997085033843
12 70.30650352812572 -57.94041961106784
13 47.405080090891715 -20.032654706323513
14 99.45541022764581 -1.8051792784869605
15 76.45230005828853 16.933432971763168
16 -32.105628937289026 34.75544772330167
17 -34.795885670756306 -3.5053835748832967
18 -8.65099270667227 45.56683264957161
19 6.8969241011575235 67.55975350934372
20 -8.400972196685984 -91.7880191271373
21 -82.14224137972776 58.9464427296254
22 -0.04153774484827011 46.33330850837473
23 59.19711611257324 -21.72615242034135
24 -5.875253818036796 19.982516849029025
25 -93.22148261623073 -31.711000655050483
26 95.33151803405647 25.299147104507355
27 82.04407223897968 -55.41705488026023
28 69.341480804636 -72.03763485609414
29 88.50206163284679 22.44206349034053
30 72.6672428499582 29.27459903834682
31 -87.84106043450022 -44.38108147852653
32 -35.490319086806196 69.39978350425554
33 38.904782709997164 -43.903714464101064
34 -34.745106714696306 9.192928362387363
35 17.837815233290826 41.45671464308339
36 -16.027695984085554 -99.77812846075231
37 56.74019039376239 65.25941300444674
38 -39.791791656601895 51.99612080445999
39 74.39365071863878 25.86497139539638
40 69.47042197989896 -63.91832591684885
41 -45.849535100832824 -79.5622046238633
42 27.15138311616481 28.69493680999875
43 44.15141885319014 -86.60504358923305
44 -7.761391032105649 86.53271843384164
45 31.80928230526419 -77.64062983892093
46 -79.98710010452061 -24.9904899451014
47 -16.347262002994697 89.71418658477768
48 42.036325188990105 -76.26275986462034
49 -13.647710011828849 4.144429797988053
50 62.083559220051086 -29.003250550019843
51 50.726237928142154 -35.909117610131844
52 48.27163634745861 -22.885647282029083
53 -52.24859029252302 33.83037133424497
54 74.49492296466437 -63.92915487361304
55 34.079851429641394 -67.06441554142833
56 18.373430605133365 -4.665579466087607
57 94.28923912615238 -78.8432879458969
58 -41.72559979495536 5.8230514863115275
59 -21.928607866455806 -6.69386449065621
60 -71.43156133107631 -32.93415609076375
61 -57.210206513165154 82.5166043028695
62 -9.866762861006578 7.047070160117556
63 -74.68644657101817 -14.717726843724407
64 52.21927991362111 -58.11943507651309
65 61.761880576365655 -32.018901598881826
66 42.14369395112038 -2.623774674235534
67 49.76966068176148 92.11614545415244
68 60.879805878925566 -57.275492492308125
69 5.111265764829739 4.3024301101372515
70 85.46161774775399 85.93871995893028
71 -97.00362435251908 77.0649187242293
72 -16.776031478805493 -88.6408068822639
73 -85.92200673333411 -42.19747955209614
74 88.25066315691942 1.4371967621780612
75 -53.81036086800288 -14.188244760488004
76 -42.995528852201595 78.18082166912274
77 85.055004018821 -28.946956707056543
78 -32.0355602445771 -75.94112702994762
EOF
