DIMENSION :78
NODE_COORD_SECTION
1 -2.1689512462453706 46.29643819164545
2 -80.57087513409087 80.0498788907484
3 93.16575323062395 3.923984264689537
4 66.66562107764932 63.18259493750608
5 -9.71643353768168 24.650338944960623
6 -92.38092781455461 34.892701740021465
7 -98.098630797038 67.41037474056637
8 9.188271864342099 -77.84656055503527
9 7.59225636292733 -68.67984274276327
10 98.86771429673013 1.5749086187401957
11 90.64065974458103 -37.961463344369676
12 -94.06257886067091 -42.16323041899277
13 48.6990483660623 39.42703753935922
14 62.504828588719874 47.77528560503586
15 -26.752500995757813 24.761134324511772
16 -90.8930597684448 -82.38384725362911
17 62.58384903977736 -32.96478159076372
18 84.93256085371257 32.7586275013725
19 -15.951148430463775 -79.55747049687702
20 99.32601584735104 22.680572263558062
21 33.41716195888847 8.900405839485572
22 79.08528559261467 -82.0520179977257
23 -47.13832033606573 -11.469718490555849
24 -34.83096043098284 61.976801631534414
25 -36.374700753366554 5.290935745875046
26 -7.2213441284906 17.108700752987204
27 45.51055559909008 -77.49749585798361
28 -69.61716392164969 52.726712726091904
29 -47.47551883403016 -98.21209586994404
30 76.10403695494463 2.5505769267747667
31 92.492246909768 60.99734132871231
32 13.987409801899247 8.915777084479842
33 18.179981291820923 3.970583706100527
34 18.02462895501118 -66.24572183196841
35 78.4435334031308 19.53087186712858
36 -41.59354103486339 9.159020157964022
37 -39.85334564542784 -19.106693385501046
38 12.329474211746657 24.828364959726485
39 15.068498217787933 41.70958746999756
40 10.783975333133 5.350635516853458
41 10.747044519262872 -78.73983953466575
42 63.10164123288996 -82.79690418822099
43 70.18150593073904 98.84378278916836
44 -7.356939094253107 63.50358892711236
45 72.54335009601479 -3.7963808002390493
46 89.85680922072828 73.96734956201618
47 75.52222156632124 16.868059746083517
48 -56.956665020787426 -21.81463883143222
49 -10.340514340489946 -67.42652461698438
50 42.508504780926614 -37.745197888680025
51 -14.001213312251991 -40.52477923269164
52 70.39310307527501 51.95617292487614
53 -49.39051371937888 -49.357743487153385
54 86.31629083700304 -59.91428380318109
55 -86.98450102523233 46.369787525709626
56 -1.9274476287225184 81.21587786816178
57 -29.711488760716847 70.13341298043599
58 -33.026940492439465 14.070530698565875
59 4.541214286040912 -64.45261746706186
60 -60.97573714847642 39.86581809465898
61 48.78269937229143 -61.521523341021364
62 -84.01224271785561 84.38151122600812
63 94.57471479175373 48.506280219269144
64 84.46722579763042 2.1918354848508415
65 54.654117033837366 -14.790484990105284
66 -93.48020292915164 -56.60126360345754
67 94.66329942796793 -32.702720090163595
68 -58.10935159261883 96.37476741710779
69 30.357061253278516 -43.60695757106272
70 -80.17866503818931 -55.56338252253175
71 -49.869146330729606 -17.681731571925212
72 7.4838151359482055 -69.96539598295877
73 67.44194863714267 -66.98825498539027
74 -67.55625476212283 -93.04272502253632
75 33.671632519482074 19.759605363897577
76 8.15820855307345 -20.785404861560025
77 -50.79693696932437 -12.799850811283846
78 -15.635521062846763 74.67695048738778
EOF
