DIMENSION :78
NODE_COORD_SECTION
1 -46.11126825356677 49.11135141232211
2 92.39329621924668 -36.55999360206119
3 43.57447462262704 0.9694792603778097
4 92.19285388140477 27.7666544114211
5 8.082125757125525 8.206325335936128
6 30.736169899782823 91.67316960854038
7 -48.42279166191867 -86.96018780837294
8 -46.839527944635776 -77.28640901260843
9 -7.129450596158819 80.78034376350041
10 -51.21683426740362 -84.26216229991164
11 -59.219920097068844 -73.45579939472077
12 29.815726338570983 -47.128720730768414
13 -72.83122417892403 48.83891736336625
14 -76.07872471285589 57.02704469213734
15 4.7693069753659785 -80.24177487944719
16 31.1835698219937 1.676918898840782
17 -25.86744557017309 -9.68689225678439
18 -81.093528671944 39.02073210784769
19 -57.486242850670656 9.464690622547508
20 -68.23522818818893 39.358161581328005
21 -62.763489571153364 -73.28630244258335
22 -19.821426578913545 -3.619032750851048
23 97.05151149970587 -49.35976506290611
24 -63.61480914079518 46.26781304418884
25 -52.766567827445265 -30.423168082754486
26 -84.4660084351313 72.87767462560177
27 27.63589543174561 5.636581591137826
28 48.23110292927484 27.002212085285706
29 87.65111141749605 69.60743364220832
30 -38.687309659554714 74.55121306377919
31 -12.002771384119583 -88.23733195615051
32 75.22678750266309 6.709565964800632
33 -43.516916041538465 -77.57337887004923
34 -0.7445096820438977 -5.481957637919564
35 -66.6234326042298 26.17392026172449
36 -40.089323523572375 -49.005537463255
37 11.72940434372309 34.829373268461296
38 -66.81189863347896 75.82564661490946
39 28.987651217598568 -23.02512030910728
40 -32.033726871898025 0.824827944382875
41 -1.556157576366786 5.458692519796003
42 85.68799417588565 -71.23691228876709
43 82.56331901787527 -0.5585360692846706
44 -79.43589124342176 63.847581567590936
45 4.9436071098349 -76.19745512829708
46 -75.10950281471322 69.0333129180828
47 -26.357331787474436 -13.730874723585785
48 -94.32901848334797 53.51922575407346
49 -54.16204023264206 41.41977563230941
50 81.59026248100884 93.19360048483156
51 2.2551819913886533 -69.24688458087562
52 -46.51725940948066 -82.54236456649994
53 -80.46808052560455 -80.69869788400838
54 66.79440888193412 -42.22974027177659
55 -70.34195161292615 91.80715474378454
56 11.136840841553791 46.421268755207365
57 -62.13869812736903 -94.72720439336449
58 -50.116432269056155 78.4539143996941
59 -66.2170093003883 59.72669216151442
60 1.8609534453964045 -94.67788995786783
61 -24.484630161168425 45.3451253342017
62 -92.4629095623586 15.781627355994061
63 -47.951192586125345 -48.39690883020307
64 3.7138293314796726 -22.32150979430483
65 -63.096663789538 -17.081197817222304
66 3.5786745826935373 -36.28793728568787
67 -65.80411990355603 15.294902745139822
68 33.074735202689226 -35.08581914907852
69 -11.879076219655133 49.74867549452051
70 9.898633356589599 -92.50002519464641
71 -22.201094476574127 -29.137464570438823
72 -31.962351464528197 31.90983718105943
73 -48.32665352724028 2.575137078950121
74 -71.39089462374999 -32.723739661295
75 -30.885899904919057 68.37256815219172
76 -3.133505924810237 -59.78677979634528
77 -88.38919186246994 -90.67191867835133
78 -74.4116284622445 93.7398496828944
EOF
