DIMENSION :78
NODE_COORD_SECTION
1 27.435223438278086 57.56741837566835
2 56.24815692054483 54.337140212401465
3 57.67857117014671 -96.85542179299438
4 55.97999174855315 99.37430774444181
5 -7.759776031375168 -67.45167051042378
6 -41.04408429864472 27.249733174938882
7 -79.41209161710793 -83.5945645077043
8 -85.22096486254851 -26.108364971702812
9 -7.603367737900427 8.63091126369855
10 76.50170001491367 -7.950322838438197
11 -29.527348983170583 -23.751675289665314
12 59.175056740842365 -26.582333229098666
13 75.24634064382528 60.453388612946554
14 61.857871395013916 89.53925608919434
15 -14.047526816320712 9.478752110689868
16 39.78491186520364 -91.83224132658374
17 -72.90723469116284 -11.143095590938003
18 -57.50294905024471 97.41535303226911
19 13.502332545223211 70.96717037061089
20 -55.913451325813334 -83.0591345995528
21 53.31806131507804 33.29184762427201
22 -16.687337511311796 -86.41049661466357
23 15.373629767437905 53.59561980024782
24 4.194323943730424 -11.688076158640783
25 -43.97766855339227 -19.718641726815946
26 41.78805027700679 81.85410902587824
27 -29.884477339983164 -22.535373817214662
28 -66.78902387856749 -61.37648395537374
29 81.8410494357421 96.84814964102776
30 -49.429639200669826 -48.698855113438164
31 -76.64747950490703 -87.7334264038335
32 50.31248418826644 -36.81688023488208
33 -37.40305738024601 -32.188972550012494
34 -87.39452001143138 -89.1004946831731
35 -63.52528279785168 36.73186369533852
36 -95.27787200747122 -72.92784899884023
37 21.44261561561271 65.85723900115187
38 -56.009753405145176 -9.362667926146685
39 -69.10312911068945 -10.945951490744932
40 -41.270091481351855 11.973122852549878
41 -32.84986524358031 -66.70303511140132
42 49.6981750355078 -29.36450036499012
43 75.54256172815201 -87.7997562387812
44 -60.08631302589313 -14.578944959090506
45 -50.79614959733081 -95.59380787861369
46 67.33501419925452 -10.361422679910604
47 15.209714628345907 48.01303211854116
48 -77.28183013533085 8.885492696221434
49 96.35266644117891 -52.73577388432717
50 -35.91970343047785 94.2894543462433
51 87.47371426894671 -15.989879833264837
52 49.548112352211405 -48.91066419384038
53 -88.721949523904 53.9920580409927
54 21.97119966967749 20.593918991714744
55 -74.21563834025389 -93.21199827241415
56 51.53189239732242 22.97072915358642
57 44.03402829749464 58.29788223581539
58 -3.3150736509089285 -51.018575815116776
59 96.41294599307196 65.9358838657335
60 -20.88824205448823 0.6942662928853167
61 16.91536821511977 9.235984646763669
62 -15.024126241161923 24.368296422049028
63 66.90562880541671 -97.63390010909188
64 2.6170084376708758 -46.88223217868117
65 -76.58974006244652 80.08525379324857
66 -14.07614136932554 82.62964566244409
67 53.69947828425626 -55.03271790827269
68 -7.02372567717444 40.12086514433696
69 -26.10628406389921 41.25358140549878
70 -8.850416228518384 74.88619883122755
71 -53.44271035531507 29.48654980063486
72 42.72527357299839 -1.7983395781609772
73 10.71794483937498 -23.885618114000422
74 89.15368640250784 -68.98766604953852
75 -42.52243035563774 43.5469363520603
76 -62.53380751305784 -20.25229269464039
77 -34.64406477130828 -31.318488846636257
78 -81.06445717521267 53.77155988056725
EOF
