DIMENSION :79
NODE_COORD_SECTION
1 2.082651393988712 55.95589537708358
2 59.93535627178866 30.056057751626156
3 43.467678978992296 -9.530404729294048
4 -28.06944983902693 -57.20782994702442
5 -1.4571458069882794 34.76158975440603
6 -34.06382021164205 3.6130034831741114
7 54.32207131150932 22.716459475540034
8 -39.25198386097988 93.35229396383707
9 14.535735963437418 56.12759801755644
10 79.8854727053517 -6.492713060265558
11 -77.34085529255597 -37.234482813296395
12 -8.874855542902765 -69.47878058821604
13 -37.81516213586449 9.69460354490596
14 83.15681056310541 51.62340670807913
15 -41.953598062979246 85.24775312385904
16 15.476531837474326 -22.625236981439073
17 97.8277936127551 9.35735804223495
18 -62.017178517004346 -87.01960872887369
19 -32.63123706959648 -90.51977774772304
20 -81.6564470905368 68.59514799839545
21 52.603499879869446 -91.85703494994111
22 38.052769672861416 -61.737919642793074
23 97.9462909371928 -91.82633591869673
24 22.19821071947152 -82.21238040145849
25 -68.73558987736354 32.97439666310825
26 -46.688231283899825 3.771663284658473
27 -33.544878829510694 81.72851662465493
28 -13.723167491459748 -90.82548909995154
29 -23.129809399387824 -6.774466665791337
30 29.117945529727763 55.2168507869938
31 96.30787873440804 -22.974484040807525
32 83.59973233962285 -44.92698039252572
33 -50.981051740907304 66.97395181475918
34 -50.086269409630056 91.73177442688726
35 -63.85020708728666 -20.382773983815056
36 91.33318939957306 -89.43710836378938
37 13.272318396453642 -81.14230105000873
38 27.567569981501094 -3.4579547814785627
39 -17.8731681296386 -41.773337810026725
40 79.649969356344 86.7503332208995
41 -10.569334985770553 53.44234641666304
42 24.54230489635559 80.67906705665374
43 -23.418011150301353 -9.540695775784286
44 34.24462285742456 54.03432500186787
45 56.31457894839019 58.00453282893386
46 -27.953540984469356 56.14993971439813
47 5.836125869489024 -51.36526204345637
48 97.65980494129269 -23.218341677056983
49 60.70904737996341 -61.36173405166869
50 93.3246630024289 4.96917366795131
51 -30.290537204848533 -25.355815871091565
52 64.57990160197596 -29.183092569289343
53 28.126406807768575 -96.4097743037731
54 -7.756473428982488 -39.541536406592506
55 -54.55991052382616 -77.25985956659756
56 16.248181946525264 25.13358777312129
57 -76.95557821102612 -2.2696786667774944
58 -82.67084988385164 -32.77918717065114
59 18.65567673593604 99.16440841187986
60 29.163736853517122 79.2327364392479
61 -43.72428671104851 42.063759895141516
62 -38.587471753612014 -63.804838226959504
63 4.054673012825205 77.52075373090236
64 -56.785561036331146 97.4952290130943
65 -12.875226852103921 -17.80915502264402
66 -92.96082718983105 61.1978974405352
67 -71.54679434875722 18.798461019522577
68 24.402222163584497 31.9940018280312
69 17.98884363998019 -0.37916998763114407
70 77.79906917441127 13.357386727704565
71 -1.1460129475677832 -25.04703824402735
72 7.3168542989545955 15.152471543018137
73 29.05887330053625 -10.154054705397215
74 5.733345500490557 -20.152156452723617
75 28.193395509894515 -95.05008887028829
76 52.514526610202296 -26.344591055960947
77 50.776823526690976 61.08201677463006
78 -25.02615820760876 63.32876625620975
79 -58.57691690661557 -17.821150848467354
EOF
