DIMENSION :79
NODE_COORD_SECTION
1 45.40147837180254 62.234454610215835
2 80.70724523603795 -80.81905733254568
3 85.02517299297912 12.718748561998012
4 -95.8345453450274 -27.12084505572163
5 -78.2684836827739 1.7503800941590413
6 66.0702866631186 51.8596198355815
7 63.726608565211905 -68.3129422273304
8 43.241006434905614 -29.82112001296116
9 -84.95426005573239 -23.237271771707697
10 9.174656557945227 -30.97644264825348
11 -28.389613725310852 -37.46568981855525
12 47.07360740051507 -77.35624780520243
13 21.26568851338213 -46.783354734747064
14 -15.015946757037483 69.93897386410151
15 7.740973921338849 -5.9935053052648755
16 76.75760576749019 64.59815018049261
17 41.32756415440366 54.910484299290374
18 91.02470189079813 -23.265534171396467
19 -56.83041958947916 53.2559605869867
20 90.09510170167619 -49.75530831121537
21 95.41507941089705 -6.022268420235193
22 81.6773699959804 -77.3381471163483
23 36.07640098889951 -40.06215429445123
24 8.53566422520808 -51.94090063395791
25 -14.699832183980305 -91.05052803775604
26 4.678881350199916 28.60163815986249
27 -81.15109439462222 -10.159845895934836
28 91.40366795328535 -43.36716791734438
29 -85.05209404766953 -23.196327620160844
30 -87.51065546051791 96.71937153458555
31 92.25240597323298 39.45382494443476
32 -84.93051308589125 95.869734427027
33 -70.45819752205394 15.407571903176716
34 -28.818675352374072 0.179100277692541
35 -88.15083850348722 32.888953458280355
36 4.720753647237956 -22.557107829473907
37 83.08578021974094 -57.2406723684562
38 -60.49269319538955 -2.1797259256040746
39 1.82227304787763 -37.45651952400084
40 16.390002789278398 8.418043180308231
41 -5.260967852035336 9.435277999294556
42 40.80155062422176 -47.29581990684708
43 81.36061134990246 4.930551547469221
44 16.894884990413516 31.949718168240366
45 -95.95991521644656 -29.351013848899328
46 -99.62727559726258 83.43633915940515
47 38.76101851621124 3.0708398107429815
48 59.347230137556295 58.956390717371306
49 -14.823778459696356 14.328378776532617
50 71.04350305953963 -72.82901510319108
51 -61.59594218333666 56.85603214268636
52 -98.1127603950486 94.68087206895478
53 -69.5453989566998 -88.38281670930925
54 -80.50664373116257 43.20394513799715
55 95.75954873284954 12.789795099636379
56 -32.701019290242755 -85.95778627981633
57 63.1312840205282 -93.79306744222713
58 96.06084636393564 36.06014134384415
59 5.578134055909771 94.51239186982937
60 91.16351822773598 89.68538758831468
61 89.75438608988739 -91.0942137621027
62 60.66164607195395 -73.01803278125476
63 -41.57487347625612 -34.48473474444327
64 56.205854656464425 26.63493079541969
65 52.17769371817613 13.850439444184019
66 -12.521507157578512 -47.275206446679285
67 30.712898140904485 -34.54818993913584
68 -39.50798144845744 7.458865062578738
69 89.4008936190385 2.7673186165809227
70 21.079413507287853 -79.43413504759513
71 -16.611953732801894 -88.5494290734024
72 -82.86754972852965 -98.15087901888259
73 69.39273945539637 -46.310654269749186
74 -93.37961909851977 98.4328161082199
75 54.42961898979328 -94.16284395616337
76 33.14800508516035 44.52472797587262
77 1.053361247656781 -79.46544729860736
78 66.78873171119861 69.05806284578259
79 80.3145787305655 41.671074475312565
EOF
