DIMENSION :79
NODE_COORD_SECTION
1 86.13732379666732 -73.29876787779064
2 -0.8514573254008866 -87.68864568181402
3 -44.59583348061103 -53.68896044795515
4 -56.949436988197924 -56.47064985308259
5 -35.14479751560506 4.335987228094467
6 -42.88080184163796 47.379544845034815
7 -22.580774449463917 66.44890725265563
8 24.127710738569633 -29.865551014441223
9 61.296268631101725 -91.72392003584808
10 74.20014294569367 3.794654816768656
11 -84.76748342623186 -39.42389304169372
12 -25.866780588269165 16.403108461320542
13 43.588690658345485 -46.07915051578766
14 -10.475034750696068 -87.67901767044447
15 -20.96492252380156 88.49477984217765
16 87.56283838071724 50.13236861671487
17 -13.941924659565316 -33.45670254912861
18 99.30076841259893 -1.615904466106329
19 95.06462994357022 -31.83539703755669
20 -7.519089027642977 93.15601899349241
21 14.7224691282061 -74.44625674319582
22 -80.56728504242633 -23.50376464276775
23 49.27566012907175 56.47155952969567
24 99.30823503713637 41.044661448045304
25 7.926561410693566 -45.37470669180179
26 -30.110686393479583 83.70758070536706
27 34.976778908110106 2.8116622121492583
28 1.428819461340609 80.03473726147351
29 -87.72869519826759 74.08735631428806
30 -96.53536376134362 30.989641055413585
31 89.59164274372714 16.89584093350905
32 75.2716852356887 -94.90713868431537
33 83.99515934290622 -18.00648524192796
34 51.59381640060491 1.457048058682858
35 -44.30038141526529 -57.81768236795879
36 -22.47595480946893 -6.978377922443713
37 -84.03673339303597 -19.730079582799092
38 9.877976098698412 74.33395891219877
39 -48.48747700491523 76.34264814329475
40 -12.867913015854242 34.51314992939609
41 60.420800826249575 12.350528580467213
42 -64.02512562249159 -96.42866731363102
43 85.9436263871321 30.167671718625456
44 -10.254436185899138 79.05669454411449
45 7.666697232026351 28.70541482480749
46 82.51157193406712 -69.97863461676187
47 -96.57481449792063 -33.68027135397898
48 -47.737452921679456 -3.393574073505306
49 30.804056883304327 -53.33164660232106
50 -62.324724367916716 56.07527487737801
51 -6.369208132188859 9.337250884811453
52 -14.869548421492837 -90.08420630370932
53 -43.276528615580844 -79.02996630994252
54 -3.8613383640350634 -38.329291897202246
55 -48.74128853944582 68.298072769719
56 -59.94027227430809 -98.55541378115275
57 73.4754937542805 91.38303275015775
58 32.97594086673237 90.57507935710319
59 21.03255545463574 -36.45231260476252
60 -59.19364630769173 -51.2549832916072
61 -65.8114907226472 23.884889030683993
62 3.225880563014343 -14.149029474744012
63 -86.92455314403577 -1.1013279438431454
64 94.67944299440637 92.23308072771087
65 67.68830859520685 -88.25452570413412
66 -60.24194391997564 -96.59005171223814
67 -76.18600540870284 -29.292415648854814
68 82.43020624664729 89.25137958900663
69 55.97551703092637 52.94495076656008
70 72.09856906145168 82.56101107202551
71 -52.43169011562079 55.235532953694616
72 -25.82150236292395 58.329724115132024
73 88.71721667787784 -29.671479139515114
74 38.871495686350556 -97.54009094700844
75 13.984276653234403 65.69867846374336
76 69.03321317651913 67.54973859795942
77 -45.09101173918189 -9.095732963319733
78 -83.48770334438535 3.365572313552107
79 36.46437781492139 20.41495626113165
EOF
