DIMENSION :79
NODE_COORD_SECTION
1 65.71574477211036 -67.23483795486109
2 -66.51164813329052 73.53517599661626
3 79.22526203911085 22.231038493745487
4 67.44743266964727 39.098472703895425
5 -65.15055243683103 36.4486573232833
6 91.8773366313192 39.39021636060761
7 -61.27953699971365 -46.14709536246788
8 -42.59400499415478 41.677765443543876
9 -20.18924844360683 9.33337715461198
10 -87.0478900371052 38.99569633372951
11 -93.01171398576801 33.96400118527262
12 72.67574209512401 60.96662378378616
13 -46.05127144703645 -13.248249934461967
14 -86.21991779763145 -97.00090256199725
15 39.15468860621576 -19.807245763100838
16 -28.93596491808465 -3.5482530365736267
17 -59.236313448462695 -49.16176652369941
18 82.60187326423676 32.391815695308196
19 0.6281275910115909 -93.26333730160854
20 10.652720041721224 -27.134666810453496
21 -53.1978882459301 -4.467272811475624
22 -87.12080360003624 -63.86477194743709
23 40.5913896199977 80.1676499349598
24 -28.81879038337493 -73.86728141118877
25 52.03450522154779 83.53950212195332
26 98.92722365455683 91.40642659459019
27 -53.195496077702245 69.1462004067505
28 42.092195983277264 -54.857283155514814
29 27.87240004719287 61.64801557019882
30 -34.212333083926566 -44.63023747709314
31 16.874916191693615 -20.549645093779745
32 -25.103815277838876 -76.75300143475795
33 -17.01922884604872 -49.17826236887437
34 -44.00116099479763 7.3805899829843185
35 -68.84879237577442 -84.27405725492872
36 47.51111440780994 -76.60529287424389
37 47.042113153014526 -22.538698032812476
38 -54.08106086450797 -49.472655732374314
39 62.39658723204073 61.36424818953145
40 -61.7666307920453 -89.19141106960544
41 -47.371582258304976 62.2482530728314
42 14.258801859393941 51.418256562164856
43 7.398433987824674 17.913356871536834
44 56.99634053279695 -42.89114280825681
45 25.33733650821712 -67.02442345558802
46 -64.51964467918904 47.11896343876742
47 -24.329887544970944 95.42946441121921
48 -68.42712368517587 69.79108952702552
49 -57.65127365092548 77.77131284194218
50 -79.28289309452782 98.14723726961739
51 -79.59866005165404 95.17434380442475
52 96.37778737140718 50.96436207287053
53 69.55787081709596 5.1214902119526045
54 -21.127218589581375 -83.56892360523997
55 -53.186699432564225 -23.93470893643122
56 -18.47325205951786 39.255883168586024
57 37.44160291807668 -72.90139873513624
58 -79.44552398247855 47.13646019053897
59 -16.92513985571864 46.28373523474019
60 -50.1922505892584 38.78839040315404
61 65.81360032237504 32.20192593137
62 77.4965302080063 -66.72904427966604
63 -51.06401046967601 -28.55119603284571
64 79.221430925594 -10.863445295404546
65 -2.3749319214804103 -35.7840940802717
66 60.13135718373243 41.969455781563425
67 -92.76521844380711 -59.237929008997185
68 -61.25350494385244 -19.83138496621504
69 51.96711406789649 -26.507172795147966
70 -74.0364801311811 -18.631685993187986
71 -66.56577577552034 -17.470239711477547
72 54.98647708818069 65.67955739682162
73 -43.568999004876005 57.06609464725699
74 -18.596757076930004 -13.025916182642064
75 88.34503053175112 70.46861692305325
76 17.35411337125892 -20.2779904160288
77 -31.017412396235457 54.00028523730191
78 89.71568109369542 6.433158179398845
79 -70.8092752668455 -87.79825237688523
EOF
