DIMENSION :79
NODE_COORD_SECTION
1 -77.7991696708912 63.22650357682477
2 -16.091015995636624 -89.03008389495264
3 50.80704819748644 90.01019225034446
4 -29.09628147234784 -49.11057811133128
5 49.03814322429551 84.81628134993841
6 -11.065953455053304 -96.26692425102259
7 -12.88584951328204 -78.16848539656824
8 -68.60272520328152 43.73019526417957
9 -3.31757939150701 16.135932647840917
10 68.81380248986494 9.000513857182852
11 -82.3799686293942 -60.38113479087659
12 52.45602028836396 -39.91762419604798
13 -36.90115735889996 -93.08304984550826
14 -73.36399826891875 14.137790497262671
15 63.6371526510444 -39.49378115090152
16 -13.354589757047066 -57.73266638803054
17 -1.286697964163963 8.49443112611847
18 82.81754361308055 -17.593323063068112
19 -46.38171386331527 -75.67615143119129
20 -84.09189723833137 -83.43412282590225
21 -50.42407254644703 -95.49130457989176
22 -5.032233959034443 88.71133936983878
23 86.76069409870033 -1.3043008981588002
24 36.106203691317205 -1.6203014963713116
25 -87.30503927025346 -24.249997803707686
26 69.02376748118274 95.15166619140618
27 82.6088116173076 70.23299384451457
28 -12.08633650631596 20.403151942116608
29 13.697343839784708 65.55255625641462
30 -65.68609812267619 -4.710031280229202
31 51.81174239110322 13.230236916705906
32 -68.28501264395759 -62.288567029662566
33 -33.027845307023114 62.14411494192217
34 5.20576904267196 6.037309843810704
35 -26.808223981787677 -22.730066477496067
36 14.16654869445901 13.671605598985167
37 -71.54672700952472 -35.64262089471342
38 1.994943369951855 -63.93428715492355
39 -87.71981383275276 -14.857751738785765
40 24.07677012450877 -59.41741805316163
41 1.1974018270872477 47.10946268371819
42 -46.30938410154355 9.652503385499656
43 -33.523412317472534 -17.514157354074086
44 85.26136221326357 98.95035803474718
45 3.9137711376936437 -6.944320475222312
46 55.354546060969454 74.86300561525636
47 71.9880390258707 -69.44383040530613
48 84.02995710285671 9.304780766528168
49 -37.398260434565266 -93.17611314154928
50 2.6494132140384465 -25.02207563118685
51 57.70421727323799 -16.472550239731348
52 -21.0396980124856 80.464038366408
53 35.45260148085001 -21.76431782028081
54 76.25291510018499 -87.92846841447918
55 -18.83513750064452 41.73459703261537
56 -9.383684738315324 8.153180536541925
57 31.171721851817125 10.920599058878608
58 98.79385682756728 81.64704107684855
59 31.775751713370084 22.26131957026989
60 -81.13374772245814 27.882856133899566
61 -69.12258552804647 82.72968358025466
62 36.966432974418154 -92.76466104954552
63 -63.57052780564807 38.280686046515314
64 85.45719263241418 75.9946089027149
65 73.73267283628076 54.35461033761294
66 71.47900749853443 53.863333113780186
67 52.6872141565656 -71.4456448457792
68 49.50214509824343 -37.221124151574394
69 -83.53391278457181 92.55861090843871
70 7.493592569025083 49.29820688653896
71 -15.322133995632242 28.496783387299928
72 93.53599254443844 -88.42798760197914
73 -73.06181910318514 24.42547655339264
74 -51.78767644998703 -8.026217969744181
75 6.870624656072707 -75.78942214980817
76 -72.20345534597585 67.73857684957429
77 21.909369503982717 -10.967132170016058
78 4.267138704078221 74.50526579341695
79 30.877414627456687 -19.100671515167903
EOF
