DIMENSION :79
NODE_COORD_SECTION
1 -97.43624195780629 25.304160743076224
2 -72.58173644141573 -11.0854102522634
3 31.709812081237146 38.499687428830725
4 35.630947772802244 82.96201290946533
5 4.460117357592196 -38.310057285392915
6 22.157280419721488 -92.33474909842387
7 13.368807126551346 15.195403741497174
8 33.85847149496172 -43.17636071001463
9 63.72827154544177 28.928881311067357
10 -97.40837657376811 -5.839791894015065
11 72.71343418246107 -50.677858874468384
12 92.26325388271619 38.42569525767249
13 -40.909109819572365 1.7604487293569377
14 -25.695245472249084 -6.93622128498717
15 88.51377141354664 88.82886433547321
16 -58.389833237096276 -22.207797319841333
17 -75.22544209148697 66.58839748112959
18 71.95300353088749 21.993657297842816
19 -96.01024174014495 -65.7359497650051
20 34.12560488418637 13.599253241182808
21 -3.458089767508781 97.1409036729248
22 93.52098393126244 62.186503788862154
23 -49.29414179612226 -81.87154160667845
24 18.60367743224525 -68.69718969565896
25 22.237931328255996 -39.63249357954173
26 15.692711067132109 -77.43551428791639
27 85.80806701455893 41.41782338042111
28 -73.29366020475594 -47.129518269542814
29 -2.9933263176804985 68.97913792593218
30 12.994740685919524 -43.891109618892735
31 -72.24060151859359 8.761751741429393
32 -81.88644841470274 -37.97642636261165
33 -66.665360775462 47.03743816438691
34 53.36745602516936 57.44713233712898
35 25.73020391425196 53.56506267234414
36 82.17982482833543 -81.104377412686
37 -73.92297040748991 24.999680000394036
38 -7.179117405990752 -79.440586512783
39 47.79948275370626 94.55779130245529
40 43.753339225186835 -31.986288280024567
41 -77.37675919782455 -69.37454453225448
42 41.83122283162709 -14.488759494042739
43 23.123512255650084 -84.83981251713759
44 -29.186069718260498 -6.491227212737144
45 -41.64234054065001 -7.8485286148201965
46 -73.86566365311293 -46.881926646033676
47 -76.77198829066467 -92.93114402914293
48 31.586158503441254 25.461130433784135
49 67.57222966404112 -79.8593457853681
50 -85.42753032569746 -3.551662211421629
51 -82.41995452720104 -30.529645481756674
52 -1.2162568997400314 -48.71242140433614
53 -70.01316268853365 84.41180653680397
54 -63.34957302218256 48.07110701264406
55 88.59603376712454 5.288495591154117
56 -51.35844203345108 36.07619618837538
57 -36.966080153142066 52.45608210576884
58 62.45750798935683 -8.045369797548815
59 41.24197865570608 -94.12842266764633
60 52.39153745693258 5.775148742486095
61 20.063436094827964 -94.25345281062324
62 67.61137630139174 38.921993689195176
63 92.38228458086232 -34.47420305583604
64 -92.161395213961 97.14179491682827
65 -95.37544495345578 0.3470340624167676
66 55.88017684989825 14.570162570467375
67 -24.96668782360571 -82.69886680223335
68 -91.30698919367106 -71.64177019096599
69 -39.0198181657855 88.22657969127755
70 -37.860894059909086 -61.44133084532086
71 42.67801641622751 31.435884191793008
72 -0.684769735480856 94.21963614701119
73 51.01070808833563 -34.314346013056934
74 8.317736260033712 -75.82584421824521
75 8.797818248545724 -32.133806740447326
76 12.529736235624455 39.80161849466646
77 77.6631391798756 65.30050493773743
78 34.99426596183778 77.07704587359211
79 -93.22194071455934 -75.79329406555345
EOF
