DIMENSION :79
NODE_COORD_SECTION
1 28.080921626104868 -67.96751149853573
2 -80.27389947801824 77.09355384659997
3 -12.809680721605162 -14.55014703539183
4 21.860662867774366 44.81693974894117
5 13.602274691297595 76.74694313786935
6 95.2516787032148 54.71359315239249
7 -8.014354815126467 -90.76050339119976
8 -18.02395554402753 3.930067773835006
9 67.09115134925997 -20.955108070192267
10 -25.497630172375125 51.84962024375562
11 -77.74587857679418 72.36432900020426
12 60.1296821863948 -63.20375115169015
13 -16.900404880724622 27.08018010485742
14 -34.50269592772682 82.3377427330077
15 -97.31851543868915 -83.87899807295173
16 11.792083243418887 12.065928875677983
17 -61.6109684055389 -9.289408633594817
18 61.005784250862575 13.021414625671497
19 -33.69457041227135 33.531633290420416
20 84.57196320569383 40.46902557244647
21 95.30490489102834 14.998550920815504
22 -82.06176904628805 -59.480622667764905
23 -58.97372396802454 -79.75189741818872
24 -21.89357444605018 -17.86902734211479
25 -1.0375834055829358 -79.87944816643176
26 -84.10034584671762 36.3163231585734
27 16.256772320326178 96.31810566100734
28 -49.30814080682195 -82.08539247661065
29 3.3994865493899766 99.09146178001293
30 -7.437971401306513 14.082566676929503
31 -50.13265415873218 15.219355750395167
32 -4.688202425302322 -36.305817804400235
33 11.853314866432711 -45.28991146136756
34 -96.48828139038999 23.129001183716696
35 -74.41703313098867 26.56802326380337
36 57.71802547193451 56.46779007323266
37 66.31666598166092 67.13213596049044
38 4.228316181891529 21.90350792686715
39 -79.01203488825516 -91.0922120251036
40 -80.7788632377079 -8.785620526894292
41 -28.469774169625367 -66.52312339130924
42 -98.14900817821348 -64.56483167532238
43 96.29498044406037 -61.01430699920467
44 16.84682777882452 -62.59833416317926
45 -11.432762091920353 -29.126242261858025
46 -25.611237745801787 -49.367548670773246
47 -35.965665563826875 -86.07893169230482
48 -76.4858540246319 -85.94880142979056
49 83.16667242156893 -75.64479726553756
50 5.03083551656438 -46.658337918678725
51 -50.17993168564192 -7.326225691085469
52 60.891988899654734 -47.7332620951902
53 63.971174537018044 71.00185597475729
54 29.21328708215077 -38.928111914961775
55 4.348857969301378 73.21799600924456
56 67.59005682678679 -75.8676487645604
57 -4.173946621730806 61.74650789712882
58 -57.90165475652631 55.29272159824072
59 -23.2118574561254 71.82786955847104
60 95.34051381446031 66.88629938651619
61 -76.70444668809088 92.24297059339327
62 64.1225319490704 -32.789045766001294
63 -90.29037791726766 -79.11882386171459
64 -44.17333068920575 81.27710288967921
65 -10.447326357336692 -55.793860778250306
66 -87.73010290880165 -79.06744921850166
67 65.7244205421066 -48.412658167909186
68 90.81482629767504 -66.99199673337088
69 85.7987439830421 88.62950806375773
70 74.72659094756517 -12.083879406886155
71 -54.02383350025415 -21.953999246339336
72 -11.75435166639079 -63.82400666709933
73 16.369076555056637 92.28636907178887
74 -63.426958913123066 56.6241175503026
75 10.648256570934109 49.042400317291225
76 -83.05879510996041 -52.38822096201958
77 14.68085649434083 18.920927458637962
78 54.16997695119076 -28.721895325828697
79 61.64147787461516 83.98582992948397
EOF
