DIMENSION :79
NODE_COORD_SECTION
1 3.9592258742980846 -67.0928505051186
2 -38.536656304278694 50.63399997318248
3 -74.83072042308535 69.1006884089845
4 -80.51650189723387 72.45236380456302
5 33.57459808524001 78.46452821754619
6 -12.906110798030852 71.01385369887768
7 -88.52077964378438 55.64423759127436
8 -76.36401353485584 -6.004357707492034
9 12.860342762166297 22.604871902217354
10 22.60361814322664 17.15139275858155
11 -12.950257581421965 27.14727040252309
12 45.091219325078214 71.52220416975601
13 83.37015752847122 -13.678753802290558
14 -96.5493544463198 76.22864184383275
15 -70.61595564155073 6.895089150841642
16 -99.97911961430835 40.741533338124356
17 70.13879168460497 -38.670112616127405
18 86.14684634214248 -62.55659823935878
19 -68.23105363698565 -24.753845642733197
20 -51.69515862633598 -86.5437986995665
21 -69.95733640120139 -8.84054954578761
22 -48.99614330977633 10.125428624785798
23 82.91602527717913 -86.69937222639726
24 70.23348622825657 89.21442654754938
25 -94.11440013907664 9.625445520914752
26 -63.41923981779154 -73.223046687323
27 -30.094004819776174 49.65733573745226
28 -26.260207545294236 28.84010796124403
29 83.86590513980076 90.59622394009733
30 -34.01035157828905 47.44372989840227
31 27.092551727667797 89.16529409760236
32 17.317470038177447 -68.75350250583759
33 -97.91893816369527 12.956685565304099
34 75.21538074568605 -68.17705141599328
35 -96.37805603957024 52.57618702749576
36 83.78136369210063 -95.06015199352184
37 7.726216318506985 94.67602233346406
38 3.605716399591884 -4.485835399277121
39 -27.775482833201266 6.003918608210412
40 -9.973582653042044 -24.380755266107343
41 -89.35715231124443 99.88568002214407
42 -43.311860686065714 16.819589019016007
43 -48.06552589197823 9.097565423685722
44 -32.058609737925465 -78.72111972936113
45 -69.12630310721678 72.87385189220069
46 1.469580138425357 10.499906356203283
47 67.39411756453407 60.833966768791385
48 1.6336549589204452 -23.7809871654175
49 -12.119646389148997 2.9027262877958435
50 4.375276697833485 34.891945548003974
51 17.398805122360045 71.83617491473242
52 56.12121122417247 95.37186620796575
53 29.079672618340425 73.75470505033363
54 71.98308928446576 -51.205605495247156
55 75.33888064682674 -57.875963694942634
56 82.6483134362754 -79.65126056690733
57 -54.644724505232745 -98.08608534393659
58 -95.29056404456229 -15.47218223659128
59 94.19483869509244 73.20317828082744
60 -64.2191679472962 38.61453250243693
61 71.20042708780389 17.28920458216416
62 -76.3968342602122 53.57528815549577
63 38.74194310126461 93.39857237043364
64 -12.56235034588373 -22.804012585090064
65 17.148478536290753 90.38490563722357
66 80.40357515672659 -48.79021677636695
67 -82.3794246428809 25.339045600167026
68 73.01438076572532 22.329846367421396
69 32.147176689636325 59.825568092901136
70 -88.98117514468282 76.51467369806721
71 37.92857425533026 -25.50114129303438
72 54.75558621197189 6.457219002889829
73 -56.46692505904709 -35.8590074141768
74 42.58106161465699 -65.79646029751768
75 -45.008230597465726 67.7026914170039
76 -62.468206423430516 53.97038879604125
77 -27.7377217438965 -68.2822606461706
78 14.234399696844974 -65.35448167913589
79 -60.03100459889134 20.500265430257798
EOF
