DIMENSION :79
NODE_COORD_SECTION
1 -77.82244438123172 -72.88170165591038
2 -28.9462112915551 32.823394502947
3 -78.18791681691823 58.50249717084702
4 37.94784444128726 -37.68318436539131
5 31.546764340588084 63.47699579770111
6 83.10170963341614 -52.39015407556169
7 46.55906524157365 2.384365065901676
8 39.18737108680418 -1.7142748737620508
9 -5.558453566813327 46.391259847594256
10 69.0125314993904 54.0018103053946
11 78.05624102096851 71.92858523795934
12 -63.835961711876685 36.669518168598444
13 -77.42909435695256 99.79366017020402
14 -0.3762170590864855 -10.623143598359192
15 -8.497419451191973 -61.28968438612385
16 89.07711691633162 60.775477492882345
17 -34.30457562489157 48.807334822754655
18 62.36025961993383 -10.056790770207286
19 89.51145048278832 27.38935800861057
20 -27.530176618595164 74.27216500889068
21 -19.88577267358052 37.53867145571226
22 78.78411883149536 -38.278489688227666
23 -31.4227019213769 -50.49980797904372
24 25.622426999432207 -1.1869577062336276
25 95.65049711570768 -54.533782953671015
26 -19.00493704968791 87.03688568384896
27 20.369053277527314 50.29129651854862
28 -20.626437501322357 52.873498239702144
29 -83.70821208419468 93.83199855090149
30 -55.46313165774394 20.427480412234743
31 -71.99360007462651 -14.979960170038822
32 82.02605532498626 -9.292524242262829
33 -60.35867278345937 83.44157172887526
34 -74.53347692968697 -22.12423784653052
35 67.47521391201005 91.10941156606876
36 96.99341318002661 30.330000448405144
37 30.336660503522324 55.27895818467533
38 -0.7578102140972618 73.2688165766171
39 -25.66157793919433 -27.427207748126364
40 -5.156653412826117 -50.56816557121386
41 32.5917917275149 -84.65717486670196
42 -50.913702631747086 -94.0060762255364
43 85.89852144238122 -36.886935016589504
44 -87.60552063089429 78.13249415173212
45 57.01911623530734 -84.88992461387488
46 1.4799553509823937 53.575604208067716
47 18.967987610618266 -15.697742159653828
48 1.5225328557607867 -32.52207753795662
49 26.887407815248835 29.033146928698272
50 56.444969366608206 -26.739563277100515
51 93.40388147036393 -34.75195339913641
52 40.332244544512236 -37.41098352753662
53 -81.0279462896581 20.47724174097945
54 10.269721683589594 66.45588635474977
55 61.56281621969592 40.153293078400765
56 -70.6487501030903 -40.63271786724108
57 -15.846118791546957 -62.49624806060321
58 18.335130991631047 -90.07062259157925
59 53.83264026976619 -9.825088626068236
60 45.40220140488685 73.663916912534
61 82.92269962707383 29.90611630224666
62 -4.303028098865596 -92.32614600227151
63 0.39697821357857777 45.988292497656545
64 75.80933125904642 1.8184290483866903
65 -79.05805846467244 -71.09560537073932
66 -96.91923317759421 67.34614250598204
67 39.388969355441446 17.46355730204452
68 5.595771985055052 -98.52676366291135
69 19.830540441699767 -19.095247236226513
70 15.945564963178427 55.18425533745824
71 71.59039206604942 -33.14013331001652
72 -19.672172030284813 71.57032759342317
73 -91.68161442318 76.73015019864843
74 24.272795778083207 -66.69000338736421
75 71.8324732418011 91.94405158939733
76 17.26247200960995 -39.56368796481258
77 68.93152527244402 -32.27150687014557
78 60.736462434795726 33.323067292236914
79 17.25457858388704 -64.56019195063817
EOF
