DIMENSION :79
NODE_COORD_SECTION
1 -99.45194362134764 -59.7446877588822
2 -81.1099540445468 -49.876460878192844
3 -54.51432039516517 -6.805722441190284
4 -97.28152611266438 31.47627871870273
5 20.682701829555754 54.23630216765275
6 10.119356647976048 8.217387883309343
7 -40.644406255961265 -9.13752852108918
8 84.23348856221295 -46.20870072833685
9 -53.226892567864724 -22.991364981981917
10 16.619522160292163 -43.92984260882202
11 8.274970632250515 -49.637530958909196
12 31.44240587108351 -32.94447111967145
13 51.85695938988064 -10.92779677439431
14 1.7336868853644347 -75.86892982269562
15 -5.985041091815319 -26.28216184512047
16 -9.814109704852441 54.51774031573996
17 -79.60773774673795 -0.19024621478331483
18 -54.580380125180696 -85.37774823360454
19 -63.124211358007834 36.7436364533593
20 4.388697896303455 -12.741549770800091
21 -47.861407750361785 91.05477630131972
22 -47.43478944453976 -37.7394969063956
23 99.22748410337596 24.978781768151606
24 75.77282941651953 -40.204308989506885
25 51.6462745531702 5.739897205088212
26 -98.98660131193265 -79.27627954641014
27 -81.51342672509674 -83.34793411380281
28 -31.641677606908274 -15.361386422718397
29 -86.4902683807169 -51.96789627365863
30 1.9528380333534017 -96.23184139659375
31 -15.314904748235008 4.088162369073032
32 55.40785397719932 -0.30495443496735675
33 63.54119382886202 -88.63894063330522
34 -4.669468649872897 59.902879418066675
35 -52.21184921012105 94.95977432462445
36 56.47146099868104 92.43930000513373
37 66.02113728589796 0.7467048199432327
38 -47.05731000306497 9.52751168572334
39 89.91622114766551 84.79226844130744
40 -37.81239590125938 94.7465303239068
41 -42.818418100758414 65.83244333888501
42 -88.1399367871868 -76.56029830578987
43 -52.371453323007856 -57.87300667091622
44 94.49683926013637 52.29979412984093
45 15.078574359044723 11.030138767280334
46 10.84399779900005 71.61839956740178
47 19.42375305571214 -2.25050712330264
48 99.92430418505458 -77.52387390789511
49 26.010059174005846 -0.8168328783750809
50 52.40945688596511 -78.81070009162681
51 43.614053870196955 79.38897807206291
52 -76.41265605501792 -95.38207904154297
53 57.635437048024954 15.153811036192181
54 63.191271918649534 -87.52134825672861
55 -18.270787030060404 83.2951949799064
56 61.584458020803396 56.59572883017003
57 -1.046981767267539 -94.25879333641345
58 75.26986995531851 92.06168330719308
59 92.606546128796 24.098994208859125
60 39.421852924303295 -98.43112151896986
61 -22.70836413817301 62.336083170429475
62 1.1127071995538103 31.71193564213536
63 -67.67679049006479 54.36286324178306
64 -85.86616234640383 -21.149922968373033
65 12.47266117635715 -37.28138084063828
66 -75.2123029456139 -87.84229564528718
67 -34.87296788267642 -4.772399698340934
68 47.753326802153225 -57.21974277526938
69 -81.70128902114344 38.40557122036486
70 -17.89516469411039 -99.44813288756968
71 -79.47788262092814 -30.438500094707763
72 49.78868708383342 63.51994429260978
73 -88.47477782975861 -16.047008507995315
74 52.34233903744439 0.5613304988766146
75 81.66548445651543 -20.981841258291283
76 36.363175702311366 33.66335256732691
77 38.471217980050824 74.62075053036091
78 -65.78655325230733 3.9823812572083312
79 -59.76898534250792 -83.5907235021539
EOF
