DIMENSION :79
NODE_COORD_SECTION
1 67.15699630199049 -23.375145180286097
2 -76.79179859077558 -97.1257711784814
3 -89.1907259169958 0.6193706747702947
4 22.794732099345012 -30.597419953685417
5 93.79051682660884 -87.79599227572703
6 -68.61059843033297 92.45167447635583
7 81.83402067297285 -52.275315284442826
8 -73.14222016223994 32.85614463677092
9 -25.597964124412755 -62.9240694463707
10 9.361992662467472 -28.5818109430392
11 -56.46000831093825 -62.357051514690134
12 -55.544923738207274 42.79978510866337
13 44.04815254208455 29.333208776077527
14 9.734602677080801 54.95809567360595
15 96.41732854592397 25.708504695505525
16 -50.66582566596938 96.4984438466654
17 69.95167436557813 -16.232396736174223
18 -67.8670677701227 52.48311028651932
19 -99.27171395384997 -46.28147312082673
20 82.41472418959142 98.64836995691476
21 -32.48026109824207 0.11867492611396813
22 5.810243418184015 24.646247388175738
23 -81.46755655944307 -52.949957629511424
24 68.70687079982426 -51.158543927723386
25 -7.209892351297583 -47.46421628124708
26 5.912688400440018 30.358154485695422
27 12.218207309210058 -98.80649476257497
28 -70.78746731138708 -41.514871036464825
29 33.96198767356074 -80.84025964606838
30 -11.444379853649991 -94.78787590885953
31 47.19696496016422 61.60906375338948
32 -2.034170312552817 63.58406985892279
33 74.66755821508991 0.7303450757157179
34 79.86721034014471 62.72407141557602
35 -3.5839548678240334 -49.18810278329311
36 4.368955282578682 49.78999939620269
37 -48.35954521174051 -92.87399609176683
38 4.155601817451469 59.79369816247984
39 94.34681042570173 -53.407249687396074
40 30.979688524738037 56.12577181727559
41 -20.562518056412756 40.741783401839996
42 86.35585942412229 -82.20692153769684
43 -61.89593343935931 -34.71999146588065
44 6.906797841361609 73.790035681268
45 64.86982061846413 55.61205405112747
46 -86.08706375328985 40.688966319921036
47 83.35308457293038 -46.05048710795281
48 46.969649440978145 6.448728057814662
49 -16.200074762790067 -78.81596278353638
50 93.25691165236051 21.60501144294271
51 -67.33952083701713 -54.5116364469743
52 -3.2218063264503485 -91.58039267757181
53 -57.03957730928324 -30.351539142773248
54 -13.973179094179727 79.2302021941301
55 -36.054839668084846 80.4190223945871
56 -6.1103832955572415 67.15612578833966
57 -0.5487841969964933 55.73361953691435
58 -39.80079683877056 -84.52028789491801
59 -3.314346327374551 49.38986427850074
60 -94.80210505918245 46.436854747283604
61 -39.428948738526515 7.869024636775762
62 -58.72228111116389 35.81447614501246
63 43.54001688248226 60.23852726436016
64 -49.28745298130877 56.666731861172366
65 36.639854455978536 -0.3750225089452073
66 98.70007529300878 23.62567765212998
67 -54.96541024985107 83.53423093625628
68 73.88274479354112 68.69638669050119
69 -30.532026515691356 -79.66576203055469
70 -47.3815784630603 -89.90956811169026
71 34.977854357143 -19.49461524771914
72 68.62310943514333 -62.434255734028895
73 9.128689903506398 73.80209886810476
74 36.20959091121193 30.904938021649627
75 -65.74435576323157 -32.74133695971726
76 -76.8025699345668 52.578250406022164
77 -38.309794460149085 -15.988944973894448
78 98.67135027150835 11.301285659822113
79 20.66393303742096 -80.80412996026226
EOF
