DIMENSION :79
NODE_COORD_SECTION
1 -66.72254959206415 25.772219393523017
2 27.158360397228407 26.647376232153903
3 -94.73836922279273 8.040533174287518
4 -99.73830169471883 4.019392839385574
5 75.91667918518826 -55.953600955539585
6 -12.800720316068109 26.479194400192114
7 42.99072949841744 16.255036869503343
8 62.83043621957094 94.80626984487847
9 73.07525141574226 30.449283054392367
10 8.736863831853555 -25.476657699501075
11 -17.540192907811885 -18.783067986682525
12 24.428407865738905 -53.27800243822387
13 74.92443439346465 -43.860122376609766
14 78.9000607935271 95.09072831422324
15 59.0099359425291 -51.460209590045714
16 65.41266532078805 83.86345134165384
17 68.28282332847292 -48.82582693175861
18 88.97102453010541 -25.4294696487688
19 90.33848111185233 -62.934345530571846
20 -36.17501109389363 -46.11150715264205
21 73.76237852955293 -1.3136358271919732
22 -72.57955048673115 -99.45140684799132
23 -73.00404711911166 13.008488594181514
24 -12.421175112563773 -93.82144352438695
25 -50.96980044663757 -72.52901226763805
26 11.285172100539654 -16.88424786878568
27 -60.92329694614773 -79.29842940056659
28 36.31661109594927 41.64428062157805
29 -79.15777075801296 81.87218558028565
30 -58.955707013405245 -0.2276570985141575
31 86.75975369038841 73.85515401767918
32 -56.9062221718964 0.5804701185725634
33 18.505218406158548 97.88634087360703
34 14.150117401479818 -44.664831717910694
35 72.35594336275057 -38.76934162296508
36 -3.954326616001353 4.976620306841767
37 31.42315748674747 -35.61565192017791
38 -17.629899796907523 -1.7468493614242817
39 -78.48230698920761 70.63757376260364
40 -9.806395255642641 -78.31075116855403
41 63.38441505475572 -1.6402430091077917
42 88.0960880644885 -15.26207801347492
43 -8.73241009572969 85.15940976624643
44 -30.453663376833845 -37.11767328209672
45 6.245853557415288 13.109037795825571
46 64.7770980574432 32.115605037516445
47 52.502108176310344 -44.485129336412484
48 69.65322598505747 90.14196392858918
49 -94.32981547763981 8.250253731329124
50 36.6318965206157 52.80603911051986
51 -55.37334897350359 -97.5394711908925
52 -79.23473775122459 38.67173780606859
53 41.57278147341313 -39.513672752820824
54 -97.202434640316 -89.6642974032672
55 -50.02181611640093 53.14128984686309
56 -78.239712876643 -72.02523552793213
57 -4.065797660858081 -55.98078548199621
58 41.070416525346445 88.79056652954759
59 85.69173750371863 65.2948189096748
60 -55.01139679639107 75.42890903884336
61 30.63472156411322 59.5211876491702
62 16.395380721796144 17.115141378485106
63 -39.332992919506495 -56.7837473032403
64 82.19527060348594 79.16122725107269
65 -52.03294633145894 -99.43049188396841
66 29.260235561912992 39.66396801005854
67 95.29127716931592 99.38939193462525
68 91.67528138244157 86.6280716679288
69 56.483558035445185 -63.549280903567464
70 89.15083349445038 74.41180748382178
71 51.57495661673451 -34.30933814170277
72 56.81790061254421 15.306923711024552
73 -85.16582627375851 40.240832785147745
74 -51.776378296229296 50.228758274824884
75 -28.644018390807744 -91.92793050963076
76 16.19645473851274 -58.0936495847832
77 -23.748689971112753 41.0676269391075
78 80.35170520449108 64.62656900177586
79 -29.77072880550054 48.629431943902006
EOF
