DIMENSION :79
NODE_COORD_SECTION
1 -32.42688433195188 2.766624721371258
2 60.043229208602554 72.20216723975469
3 -28.798427926109753 -28.09342973564162
4 -9.055951398462184 -49.59872563694563
5 37.30811498113772 -12.169661457680434
6 46.93669229072003 -61.930337732870576
7 61.361752889941584 24.15753415369383
8 58.44261446848958 64.70222978311264
9 81.26401447118147 24.30076040659543
10 0.6895013113674651 -50.72523427805815
11 -8.321623560459912 76.85807287249924
12 2.1352482579462446 -62.35446369084254
13 -93.17745683888978 -55.45203250561279
14 -56.2959344433988 -45.76755641446384
15 67.60371497429273 67.22522491656471
16 83.48430991689011 9.304875829731628
17 -38.17143829770939 8.929981585673545
18 30.014368656234723 93.2683354238882
19 -19.67888229302841 99.58648440078116
20 57.00923936722836 10.609198024806972
21 67.13343177258676 -66.11789669565051
22 3.3573065150060586 -41.294206695683044
23 38.6353334777709 33.02109572749899
24 34.443087000529204 -59.4987487507781
25 -55.878706650887075 -50.53817897009347
26 -45.671509640625295 15.072495926425859
27 19.67382453125903 0.41011218951938133
28 -46.94836491416723 -63.58112051932405
29 47.37452976277444 52.755516734895906
30 49.27874581947674 -91.66699653708426
31 73.55540234759835 -49.69866614988463
32 45.771383105845246 -7.994656087909362
33 62.634590918157556 73.55323645494508
34 -46.39236790197572 -56.946628008308494
35 -32.817643715875946 -47.004505892721646
36 -39.17737988206429 -74.04514003213758
37 80.21453356201891 18.697814704782047
38 -77.88985490954722 56.40421238641318
39 2.3124134214351812 62.259844557258134
40 28.453852684896475 55.8996783592745
41 -95.9805703875732 11.514520709257496
42 -20.967075962246255 67.90833489865656
43 -6.9333041002597895 -25.924556510401402
44 22.473815942234054 81.24489052778051
45 6.33094629750785 -7.272452944742014
46 60.4961449478065 33.83928234244652
47 -61.97001119236292 -26.175596573017913
48 14.22734975799726 -71.14275612194044
49 88.51236981525682 -0.7304511333647241
50 41.937418876529506 -14.823007047891636
51 72.09952514220475 -86.676699775928
52 -33.328639898671526 -34.48576195336159
53 57.79021384070663 87.39052281560643
54 23.23389469594315 -21.973126527541197
55 33.23857557061234 9.109042352034095
56 -33.79286285506815 31.01967286903971
57 80.2688291331799 16.47221470124063
58 94.15885016779308 35.40842669473409
59 -70.70895197799325 -96.61655688393829
60 39.92525766822544 -4.108001732593976
61 20.334100435622204 59.954388121854294
62 52.82898436087129 9.319846617611319
63 -59.98661068976672 79.02269757503709
64 -44.08064330258432 -2.468352847628637
65 26.602579863512958 -40.22087043911422
66 -0.20130327919953572 41.98467031242399
67 -60.51996893094693 -29.941917093423683
68 54.32497061728728 -41.226374434791715
69 74.57230837824426 90.75947025900669
70 -19.542414798072343 -44.81315248213593
71 74.0185932242573 -40.96590856282922
72 6.739756062456564 42.73159628831806
73 -73.86851172205209 -48.721405930643115
74 98.38742641835188 -53.399556296858506
75 80.83114539887112 -97.34974899432063
76 51.68127639206867 -52.16025941909479
77 16.08137005936969 -53.274161347029406
78 -27.665134246617626 22.020181162700638
79 -17.54225307357234 77.09289105371627
EOF
