DIMENSION :79
NODE_COORD_SECTION
1 -87.19648470120363 -67.08145484742249
2 -5.646285291279881 29.919256380348656
3 96.82075420928942 -32.92983632419495
4 90.6015536685552 62.59775418412116
5 -7.636003346505561 -98.06900232227633
6 31.584169637421667 46.494698332621596
7 31.20654152135512 -26.01125059633604
8 -57.815081277128044 -95.37284210393935
9 4.4049953973327405 28.0987145271894
10 74.64503076459161 80.8723438221038
11 -33.22400211938607 35.442835926883106
12 -43.06192245035647 45.36151439179105
13 99.18332539419632 -23.79015765291794
14 -77.10417534270488 -32.533270749986286
15 5.667907790307126 -21.469030854102428
16 -36.67492384027431 29.65305700651203
17 -82.82029258644724 -48.50536028218784
18 97.7065330801305 92.3831441642096
19 49.64713194913617 -72.39723597388308
20 7.668236113830247 -11.57516704507509
21 -78.65389482341065 -61.179825630723904
22 96.27788343351651 24.326812649153766
23 -26.992514860520544 90.40793991513118
24 41.29968984653357 97.4912387893431
25 -46.1718087320085 -31.979748161320543
26 95.91317556399952 -0.8136745286570886
27 37.52781408560523 16.083715009213236
28 56.992688707739774 -32.994005982297494
29 -85.18086304748296 59.26685352231925
30 -31.101867275124164 -25.302276692689844
31 -27.86242301807536 -96.11316170703432
32 59.82895431546922 2.9438135101901537
33 -88.7989899124536 -47.61068486601363
34 -81.85517288365709 21.595322182208548
35 -10.051865250811275 -8.423494761536716
36 -92.34168822365407 32.022001325249164
37 72.63001242366619 -25.952454126951125
38 93.75605900499735 67.65564419317874
39 65.3059976041445 -97.64559570469959
40 -93.6931380433904 -68.5317302029533
41 82.72183601411862 46.66544927941908
42 0.6663873733895969 61.04067428561265
43 43.52431597670778 79.26811810615277
44 94.68991794898056 55.04096032156224
45 -77.00666722772948 93.03089823252978
46 -42.48392661972018 69.34662883269814
47 5.948845949123708 85.98419353448816
48 4.986012092035537 96.70798905489306
49 -22.783191809626985 -59.531567477896786
50 -83.08582816479246 80.76461324854864
51 -36.98539476451816 2.8370582454361255
52 -66.97183558524837 83.39071333244377
53 93.84316753143685 78.49096439261209
54 7.247042398832804 -76.24070968969028
55 -2.050459226859445 -2.93993038575546
56 4.068675649509075 38.17900774992552
57 54.15011672901713 73.83675436653263
58 6.188529123706161 -28.328115734517368
59 33.78141053338274 -3.895029439118858
60 -30.9262465946166 -94.57624385435463
61 -56.22821511246807 96.79787271283075
62 6.0680219323966895 -51.346230940273465
63 46.30410674554142 42.955926326499
64 -83.29589499508477 -20.886950084873163
65 -24.734147101265208 62.74642227682665
66 -18.7472753564424 3.336827180580599
67 -4.340250198212047 -37.655504233522066
68 -63.862118427889136 -74.06165788909
69 -40.62537489757629 -57.23523961037928
70 17.70027012716851 66.6469362308442
71 -0.807292978868702 16.771685843787367
72 15.892105384744966 -55.543231217582445
73 72.63611211572868 47.2859940831097
74 14.838068294295041 -39.833294347936075
75 -81.76812104913382 81.24339074331817
76 -86.20108409511289 51.75591532094177
77 19.0015185456933 -63.349059864823175
78 -80.07450677006598 -28.546153956161675
79 -18.542576224703964 -84.3744852073431
EOF
