DIMENSION :80
NODE_COORD_SECTION
1 -4.738340927540193 13.874925180236701
2 -60.845162982141154 -57.4286543100095
3 -73.81304520689946 -58.364323836594956
4 -62.36126736450851 -14.861821111206226
5 65.14550142485041 80.03568701153708
6 56.47129121026228 66.24200148734744
7 74.66871545964281 -16.427699198102403
8 20.12056118841774 -87.77055101511641
9 -14.456056800664044 52.177088628847144
10 -11.996026074858108 26.712756104942457
11 -62.191855471141125 -33.14665351269355
12 -84.06383487246345 36.438710147133605
13 -90.87039684947295 -85.56342217587165
14 -69.72698088978512 72.70704786510208
15 -17.78048802465449 -73.00329859559082
16 22.350880619190107 -60.6547915901956
17 -14.858121416095813 -4.810075032632739
18 -81.32865961241293 42.660732702651416
19 1.8666601041132225 -20.092874936311773
20 11.383596943188735 14.456371044396988
21 95.1377301136271 -57.14521359897429
22 -56.03202051865319 46.10732089597457
23 9.703689661416234 -55.756474346543094
24 38.62574312407679 -30.136229486323487
25 31.18628904457111 14.548276879204252
26 24.731825895589978 72.95627549696201
27 -35.66243040592579 97.34338718187061
28 81.80882963167164 -89.25469413595077
29 -35.83640905871954 81.5047835542957
30 45.832033943572355 -2.9293948511127894
31 -95.63097494354744 -6.389441577495987
32 -55.72319990147392 -6.880186243762651
33 99.80361452183217 5.160311383376893
34 23.171344764453636 90.55008307397563
35 -86.93216152786 -75.72732099289026
36 -91.48063767971071 90.26038168389994
37 70.161954771274 87.80954626351564
38 -95.19145444898676 15.12621018076679
39 -13.96108324062557 47.414468090284174
40 74.92266524532585 -36.82740206811354
41 58.148346665533126 -48.25805188001697
42 68.62636452188602 -92.92471761476078
43 -75.46467341751884 67.1931822220943
44 70.89345992712913 76.54397953133218
45 -97.21575825941116 50.76309452921842
46 -73.29899147027639 22.055794834739785
47 27.074533019200686 -8.857605162298682
48 65.51308283368252 51.57086789757906
49 82.84178949837298 68.00752004531208
50 96.52962842778467 56.27635686417264
51 2.014116521860416 -55.529540865668146
52 74.8774605820652 -2.9310098052364992
53 -73.47963819080175 -96.05068199454713
54 49.27192355670812 -89.59952892710527
55 -26.256771105758745 70.25981717544471
56 -6.720616404626384 10.273989524099633
57 44.81698869345516 8.51672465113107
58 -4.837822075447136 -87.40564219764642
59 -94.85399793266716 -5.5265590034778995
60 35.389353548499 -11.261894411577458
61 36.246815330171785 61.21699257367976
62 16.247934971510446 -32.87588865231044
63 8.993195727801947 -15.325328629654138
64 -75.40883283678683 -55.270650836845306
65 -39.430014071920105 53.1777539494351
66 -93.38839799774263 -55.09161442538522
67 -29.081700927515726 -18.633335989734974
68 12.628584432471413 63.53931775359004
69 -70.81895208449549 75.01110755740865
70 30.23119564770184 82.43294444862315
71 56.63438019330482 -69.14228368010384
72 -34.280760635964484 -2.894011681922109
73 9.817271653907383 -35.593234354680476
74 -43.363476090559125 5.433249815870283
75 26.047876014194983 98.55874556252365
76 -97.70788102841624 -65.64231042870263
77 93.24202234476894 17.360400759563774
78 84.51699379693972 43.751375749177015
79 26.925632675689016 91.61912152318371
80 -82.49519712391746 39.684498850121855
EOF
