DIMENSION :80
NODE_COORD_SECTION
1 -66.85152580923545 -89.63307076905676
2 55.67171368215094 49.57503114394294
3 -9.021801033822314 24.90447706664756
4 -30.853021483716006 -23.286597653292944
5 -92.24133134064425 74.89306677495938
6 -56.428813787573226 -53.18623340298914
7 79.93722605851616 50.7702466623891
8 34.02973564583621 -68.52268989803356
9 91.6515006489445 -19.03165107364873
10 -95.50383015017188 26.342799617178073
11 -16.322810752719747 -34.767313864185326
12 8.249706217353108 -48.72313552395355
13 48.045123120331596 -83.4060668533516
14 -68.22972717839104 18.144907942227164
15 -75.03053381358207 -37.48650443401394
16 34.709934889140584 -57.83033936534152
17 60.9554404105408 -10.490198857583579
18 66.39115521438558 97.29860268725079
19 50.43159689163835 -19.387655584384134
20 68.38390481925347 -28.334613142896487
21 27.97810598219735 -8.720451244545941
22 -16.934878873055553 66.1445880324327
23 -95.80079443291847 36.955430885765196
24 -20.334218194450244 97.16305503291329
25 45.514424008462015 24.229224385779972
26 -17.837908240763596 -85.65468088243911
27 -13.380126352371377 -52.398876739856505
28 37.469220200540036 24.234437420973464
29 -65.90271151702677 95.14637990484579
30 -2.25272340244409 23.243866990456837
31 -29.37474094862644 -41.090967656625985
32 -92.7690561745676 -13.840093030087175
33 1.4735029055632083 -70.35431944436453
34 81.84573841144106 -69.07165807518626
35 -1.5623290448981066 70.57866516708583
36 -51.024666265776844 86.12302825521226
37 -8.901294869715443 -88.89279647558463
38 75.096099186836 24.40814802962079
39 -68.73262726444341 78.9639777757584
40 50.596359731872184 -6.529976683872604
41 13.701107806178172 98.0938029732348
42 23.949709370920942 -24.69170486630732
43 74.6568685829356 19.57006816326232
44 81.51299063986565 -64.55950627945042
45 -90.42963904629487 -75.84632729194298
46 -45.42860208695054 -14.511987444725392
47 -47.871614665359964 -62.36177266575742
48 -98.14557829667937 -24.224481329449205
49 -60.77223352121608 33.91445595941377
50 63.59821637428152 -41.01002730337133
51 -50.20914579044948 -34.274370205577156
52 -87.66867583160789 21.60950004592405
53 -49.86593674949633 -40.62490545477488
54 35.91229309983535 -33.27371586304646
55 -95.43738557833741 -62.814099184513374
56 -20.050602690391756 50.05192337229698
57 17.091091520609638 -9.698335925335002
58 49.58409300777382 20.307569614123437
59 -41.33393562279557 14.456819426872698
60 24.72143240624291 95.86531173381485
61 3.9935269986252138 42.63349922142302
62 78.14236439113739 21.421370524985008
63 53.050552469526025 61.061381069094665
64 2.5341614967705226 -8.354382387107634
65 -55.413011109641744 -21.194214310214647
66 -49.67299876838629 3.1661054178471915
67 82.39975254739181 -63.77147792570972
68 69.32617938666667 -98.08868373401427
69 -10.111289276460013 83.89493035246628
70 77.48101450510529 29.746846458644086
71 -15.620262905187559 -58.96031628498988
72 -38.26690896080631 -57.49256481292846
73 -80.07288149852062 51.49293237721258
74 8.737979558084177 -29.060839284083897
75 85.7840393916463 95.0075284177642
76 79.35626074128629 26.7307847578997
77 67.45642305209492 83.21699082519021
78 24.1610949205664 17.72727577574051
79 78.2319370646172 -28.00694706243793
80 3.811283881736969 -70.41741261619552
EOF
