DIMENSION :80
NODE_COORD_SECTION
1 -48.69735885133599 -44.23935246590241
2 25.99017344099566 55.522803120711615
3 46.076193163681495 74.36726952893272
4 39.712532401822955 11.554884953081682
5 -33.00284027976737 -40.60735436528131
6 38.15279498618409 61.370295175379596
7 19.176545287920206 -25.676161509540464
8 12.749979692193364 93.35678631814937
9 -67.64582720859306 61.809827845834064
10 74.19583877358787 -58.45417972158478
11 -26.80485537678139 -98.75121413458639
12 10.014550197913067 22.9869778498676
13 -64.35179767298347 -98.74973467298392
14 -16.206254721529234 75.95494026238734
15 50.070239886256815 -95.94639526109849
16 -2.2717334392919497 -73.44136226061117
17 -15.952004631531196 62.772903981323196
18 -62.01040683710111 85.73615122178171
19 21.32430058649402 -32.6220024062508
20 -98.46458875189785 -15.71691379816886
21 -0.03703159585128901 -58.39005866083846
22 63.325423125506546 -9.523766755090904
23 66.86289695241078 -89.43151186991982
24 -15.488993209071424 23.0182988451011
25 -37.04144754455623 -52.501750772465016
26 -14.982080549050053 -28.55639901722992
27 -8.079455655262151 -51.66083849907422
28 8.042797306235343 66.78870327500928
29 44.89659938993634 53.896009162352016
30 89.33576641904816 7.246009933440405
31 54.80974754654886 42.02079862172897
32 -89.25696606304841 36.68235490756652
33 35.95715376951108 -54.00912880233757
34 -34.66508000737019 98.31880121212876
35 28.12954961049357 20.304617312479294
36 -9.453703940833364 41.53180626136012
37 9.197811839679844 71.40586724448522
38 -63.89196107160446 46.64999349186999
39 -33.9102225603191 98.38690530185053
40 25.149586813394762 -49.21503611365878
41 21.306946635898896 -52.490677462124545
42 39.70431423969828 7.148406375122505
43 0.6072902726053826 74.42078020382002
44 15.950972063580807 -9.02790926026968
45 97.20699250097366 -70.76497840313489
46 69.87598138868674 77.06113729227752
47 -61.169599103116255 -67.81867277652947
48 90.64300581056844 -42.82473842358252
49 -3.8358649554488267 91.31887980650674
50 -63.1922980173498 39.84655979607177
51 84.74783089649205 28.85036609373134
52 -50.382823108885354 80.90652900234383
53 -92.9394612559643 -71.1416245234611
54 57.98516640723474 29.909184719421063
55 -42.46164961423944 96.82709650964247
56 91.33566022230815 45.80099301929985
57 70.48546566850669 30.100968173927328
58 -60.64095692339124 -65.39742558259232
59 29.31737561796541 -61.529118987519404
60 -98.17340002810566 92.53111664624586
61 -24.69853926165699 -74.63221350399185
62 -43.039357875475105 -0.0934661582340226
63 54.93684926536076 -57.317616702109376
64 -56.54084125946748 4.348410410132587
65 27.341925709694138 -33.98117252723614
66 -0.8745643923663096 -43.81507784944101
67 16.494523276529534 2.2293641137299147
68 28.154612290552592 14.658886405855824
69 37.89622898429553 -62.63412821119623
70 79.48079161418303 30.430265388023656
71 -44.79098469850338 60.72334229095614
72 -89.8102388398605 -71.96159677179284
73 -70.36126845170239 -40.56054612887179
74 80.85408968143298 61.40141409949669
75 13.316816705011234 -31.84662610056661
76 83.74880905741037 -3.905803322790007
77 -92.34214025067146 79.51604185941551
78 40.257484017836646 -15.9394677853562
79 58.64751736019775 -26.116766932089774
80 20.380097092486025 -60.42109619578211
EOF
