DIMENSION :80
NODE_COORD_SECTION
1 -6.758452899068644 10.311753093866272
2 35.10561157341894 -0.28433744597992927
3 -85.46646895877403 36.01821020714067
4 31.513821390280384 -41.83677828179575
5 68.0752697009112 -82.25119366905626
6 -19.17757050198226 -1.7249087828089529
7 67.71048974965274 -23.952223097268387
8 -8.80292305149078 19.27354001205883
9 26.50893933820457 12.200981187748084
10 99.99347754070274 49.019787499881176
11 -23.13530936913412 -42.329587807158255
12 4.20239849700927 -32.599256637383476
13 83.54886844399346 -52.87567672173326
14 73.21981102479748 26.30016395012052
15 -45.516318141104726 18.706769461857704
16 -45.33389006956885 45.28648889156281
17 -63.768882844724 78.97939683467698
18 -68.17019690572765 86.56337807656033
19 44.666372636138874 35.00749803668245
20 -79.58729477553908 68.39314739036155
21 -73.96759464582186 92.35120853800132
22 2.605167664178339 -36.88250666538204
23 -30.451137535255242 -54.73805806987111
24 88.12151429310498 -55.93632425655437
25 -0.025104519130579206 -55.82678388999847
26 64.67733173543152 95.03867471002224
27 67.00221837400443 -84.38605213833324
28 54.491896068702914 76.777715451061
29 -81.91893972419426 -69.03844715880791
30 -71.24947808233648 56.627699272516566
31 -7.741504901721214 -27.008921984293366
32 48.563234613944616 50.910111570315195
33 4.834912936956499 -67.03424207277925
34 98.80770723149283 3.822053876838922
35 6.121231360160181 86.05342837522946
36 60.345934353956864 32.39811866361353
37 -7.694199563306654 -60.857741472561266
38 26.45574664265486 -96.03016667148961
39 -77.58336172276252 -77.33164147824097
40 -89.0802427070394 -19.27643593104274
41 -47.40889546077673 6.856880006862866
42 -81.9340584861258 -34.628287318332426
43 37.34180692448322 -37.18270351341732
44 -50.84436279119646 12.616197828383434
45 -32.76603367337489 60.222566200358784
46 -95.13379119341745 -67.00277066178762
47 13.366095936333807 95.8409945796748
48 -89.78268482001441 -91.1155406441148
49 31.272424967971318 -19.021343804294162
50 36.14120783870055 -33.21836777576269
51 -59.65798425033224 80.92933272600396
52 -79.00099256559676 5.779981078176249
53 -60.423885148199766 95.81786222146906
54 5.696620039308883 68.90956500543794
55 46.48183444674754 99.76207354788349
56 87.65533215525764 -37.69800792558766
57 -46.87317908066178 14.067296626455445
58 -28.25618533135213 76.49178250294227
59 -18.143863137289486 80.20670893641443
60 -49.62019988933235 -55.15205358141826
61 92.8991301960514 19.629717868653913
62 80.361193821586 86.04121346486849
63 47.070634932363845 -80.02032132895721
64 -59.411917668612645 20.616552661723404
65 -41.00256087420815 71.09130922776498
66 -47.31153988619094 26.15457332538891
67 -10.222564391103873 -10.822751648224525
68 25.662313509570154 1.1695455489612527
69 22.705550234769504 -86.09780556810895
70 46.01000649155563 -55.19419714629139
71 41.67701515542751 -59.417757733541876
72 -23.587333305279515 27.558348096307284
73 -10.894883760501912 58.53595175842844
74 48.883750540304305 27.657564636943093
75 -81.33279700044073 -93.34709495338554
76 -57.58751074778667 38.42196661233842
77 77.91918151722439 28.534397854957717
78 -79.52838279641306 13.797056908026121
79 -43.204640123148195 12.10016074994003
80 70.36318350645914 -87.5377019178624
EOF
