DIMENSION :80
NODE_COORD_SECTION
1 -19.9698741654245 59.14161112310714
2 -20.08274258673501 24.50940635962442
3 -6.507395826581686 -59.091109048806075
4 -20.808371451568178 62.65064089403671
5 -27.393223962999656 -88.44508616862538
6 92.29019034507186 -46.757116698322434
7 -72.53136160423644 -36.68554489548836
8 -82.93344937890919 23.32022557300857
9 74.04127110623327 67.57324485586835
10 -58.600675804201764 53.650376405952585
11 24.86012119786976 91.94315278400441
12 -63.934608970580676 -26.50259560411024
13 -80.77405310457203 51.91932344348217
14 8.50280029852253 26.23654100532437
15 -25.785281545911303 39.8255562469007
16 29.749653567317722 49.01570691361067
17 -29.93953329598162 57.54329356409298
18 44.696963533358485 84.07229578803918
19 -3.056552536135328 94.55864334130825
20 54.89491950506965 44.97800003123936
21 -15.057207233170075 -60.84909800053631
22 23.503682585570346 -2.0015769060012047
23 -85.11093532825547 -11.914821832625734
24 93.58133247740787 -13.08169623071818
25 -34.92093399747151 -71.03933505880372
26 33.75308462092087 29.09723347106913
27 -12.708556700519381 9.405267186267665
28 29.407641374518334 -58.81515062378566
29 25.268530691091897 78.59632116562184
30 -77.08207680941277 14.838515259525948
31 89.80614647778157 89.12622530462602
32 72.98501148015123 55.95053536778002
33 86.81985011130254 81.0207633102111
34 -48.94409676883353 -74.69390497406327
35 58.232539301006426 34.75714648737238
36 21.86685954954733 74.25710470664572
37 -59.74499505775819 -23.582288953278763
38 -34.48387316219038 55.911189381456296
39 69.60751575225464 -54.3457148856622
40 90.07099012657304 10.499247871783695
41 75.45702360223771 95.92742943437199
42 56.56596132426432 72.99882185177088
43 -16.678683457517664 86.5236173016207
44 -7.649724618271733 -68.24509414265827
45 -73.0821787341351 47.14267429187947
46 -95.9054277759812 -21.246438670409447
47 14.91146463726487 -51.61325646258441
48 18.36809467565901 35.36801808350185
49 31.74241014349343 -4.728875341726152
50 75.54936165156673 -88.18916061435284
51 -34.80873975783393 75.91644373871344
52 81.93482828390327 64.18992816433007
53 48.06565792620597 -56.12939213903281
54 -14.738428930736845 -50.019949184966485
55 77.36893503602352 90.04811611406382
56 -19.538362121220487 -49.114207647102745
57 31.537941917197884 -30.93668681399589
58 75.31728142820992 -68.51422930923641
59 44.813807585330295 -15.226688898978665
60 -50.2122418313117 32.71211867205514
61 17.535868301899924 11.135241554433435
62 28.130092080383093 -38.86677773406899
63 -57.8743336111069 27.021694581478272
64 49.53760232619439 28.171783041263495
65 6.754366825034893 77.42719001774509
66 70.87170397985997 -82.1956158693576
67 -97.83638331229795 38.53758160804884
68 -35.836098865188475 16.95272640377432
69 -98.16365328187537 -39.57655155914664
70 81.9166483372228 -70.30914840640617
71 11.69063090023765 88.6573971964485
72 54.83309056900555 -85.44339683135267
73 -7.303762443295298 24.94455635940244
74 59.45745330022248 33.66980642179527
75 -51.709885185927675 76.89425161063329
76 -52.69071454348755 -16.97641651821364
77 38.193596420414536 68.35026906766913
78 -37.55357126998145 85.22927994376943
79 -68.78934660193048 -65.7641250630659
80 -9.00700119681008 -30.840338403142624
EOF
