DIMENSION :80
NODE_COORD_SECTION
1 48.15974187535849 -32.95637147405286
2 53.82007571432763 -85.53122595908123
3 24.15531915444309 -83.67019704746299
4 70.89118429082347 14.998120041644654
5 -87.53390782966564 98.84882072594635
6 49.4005101760942 73.62444887761995
7 -79.88174805247814 32.07602662893541
8 -90.42052368967215 -39.50481371603951
9 -83.63476549649067 12.435832037831986
10 -76.35995015326272 -88.97497628435438
11 4.18828328623853 51.81964148829314
12 -76.42583319666849 -1.1583694286531028
13 -91.85986843767773 -31.490036572434292
14 1.385733971621434 -58.40483107297128
15 44.23615394084922 -65.40803366288807
16 -51.58338057325462 -7.798765527463146
17 69.82390039681243 -34.27712258298858
18 78.27953791895632 -57.499209199006415
19 24.838427100702674 54.16863195447317
20 -42.987638649952366 71.98484467901548
21 70.57756216878806 92.30624020656236
22 -75.58009798824226 11.145631054674809
23 -91.89240492437456 11.329460013026818
24 -67.82920582050679 -42.81985006377249
25 15.636603954710623 68.68435966426676
26 -52.93131861056861 79.18587686654772
27 82.66915718981684 -42.19955268078732
28 -27.98156328490205 80.65270917358157
29 38.48262338243066 -15.027891691357738
30 22.559756572940756 -51.030911372581485
31 73.4419608825425 -39.21585214733467
32 -36.55803061079077 -85.17561657144932
33 33.896390211844135 87.26430790860101
34 -42.43445186718993 -31.196270492978556
35 -65.12204427617303 -13.01534059692375
36 8.717282435192715 -61.86453502385692
37 79.54842129601931 -83.37710089965358
38 89.87769450543291 -86.53452262879911
39 0.3177164344284904 -64.96647334402573
40 40.48083786818236 -66.30323198224767
41 -56.216535872375786 -45.33189010243295
42 -11.141859172713751 86.34662847969969
43 -89.88207514856921 -4.777275687669487
44 -89.80043628230014 -38.46210761572637
45 -72.74495051780255 -20.320138441830935
46 65.71688442147482 -90.34521308942331
47 91.20706113049093 65.45106338588673
48 85.29550267724056 -4.142073902388361
49 -63.933597435151704 -12.884304280669227
50 -46.227358802516335 -80.93284936860891
51 -89.27441497683874 2.290209595088143
52 -59.918451650427215 68.68485635999554
53 -65.92606573331048 -21.548543206227706
54 -31.147343753178475 -70.7533924653141
55 -23.59316781164975 -63.92343986402829
56 75.66441525692525 11.34990266116229
57 -27.990381671133704 -27.74904457550491
58 9.98792438554878 -13.374120657781589
59 -93.64511597540105 -71.06470856747168
60 -46.0288286755383 -64.81694501613117
61 41.07842088618813 41.370914046109846
62 -89.43989199863367 -24.134006249304576
63 -59.12433272532414 -95.35725184503197
64 -18.94443903739615 42.8360531495361
65 48.68709861904003 30.20740693896235
66 -99.94369976291469 -3.6046608852619926
67 19.01749569556756 29.233487592523602
68 24.84034165835685 11.639044090886003
69 63.960616922198824 55.89003174918284
70 86.58800878500526 75.435506043912
71 -7.522599057548888 -28.741824996805647
72 2.4519173354952386 40.39720226720587
73 30.70235977796696 -52.669872321119726
74 -79.66948720563121 33.92021938338087
75 99.52934724055191 -79.40135746304975
76 22.303507785041006 -98.96649022403352
77 -4.545496558344595 26.0292102643823
78 48.038904091427526 -28.286430574635006
79 71.63074702893107 94.74629394375307
80 16.08311209391715 -13.515984350900865
EOF
