DIMENSION :80
NODE_COORD_SECTION
1 82.74607449156716 34.80187417041577
2 86.37770092608787 -79.39332424837578
3 -30.104212991417484 -61.42085842165803
4 61.244808450863815 8.37314566949621
5 -62.14889144334268 44.24176135037459
6 84.92497240773761 42.07483860859233
7 22.160942417649693 -58.34436711510569
8 32.82945552503895 55.49673455052499
9 -29.4591823624599 -11.87928604751589
10 -55.11822751423301 -55.30264096881188
11 -13.847654115573008 35.57653017976719
12 15.667265127448076 -95.8726157761834
13 -28.74103386458897 60.700138134314216
14 -6.920257315592977 -92.62031993855047
15 -86.47513122441097 -60.959548422544785
16 33.689002607127605 -50.79722954722163
17 39.45049899231651 38.12164937888849
18 -89.09523032845736 89.82395147489001
19 -77.08540532037624 -30.5123037335848
20 1.1139505191171963 -1.7078271165722896
21 81.51932835211556 -64.05106111302831
22 83.31985442545817 78.46504457323408
23 -80.58843963349662 37.830787280163236
24 79.41344286353362 -20.571766129536172
25 -17.520000436786503 60.81363197086728
26 35.05836019572692 -58.450357074724415
27 -19.69562421450442 57.99217979760914
28 95.27293213530791 10.034904287444263
29 98.95943875786145 60.07137989319881
30 -35.85601675966579 59.76460598211361
31 -20.246841833447363 -99.8446619543889
32 -45.291137986369634 18.357868987281734
33 -28.794979249340443 23.37447204269094
34 32.89357052899581 48.820964170619334
35 75.0468584079043 66.63543230550917
36 38.496547739632035 -41.19640070704491
37 1.7552950916247028 -59.93280352062194
38 -73.44086713489091 -59.60031870337161
39 -72.89863137830764 -80.72406788768949
40 14.065365323554005 -87.40659881942803
41 98.42950917868066 66.31021934997997
42 39.76527745407884 37.865496668111945
43 -22.145429023340228 -62.722687124386354
44 -50.98253197878957 15.13864974804433
45 -70.70775906704262 5.840182893665741
46 -99.10174809173722 -86.84491143193446
47 -42.785380147815964 -65.63585841986774
48 61.426270126235465 1.5434191890897182
49 87.24940660162747 -41.72914040582965
50 94.60297123777423 61.24581337284076
51 42.2176874781253 14.196807968737744
52 92.07101337546788 11.640864268708668
53 -88.06818834959682 38.84200110372515
54 -7.455874059928291 -21.388775307244828
55 -58.948539395568964 92.93412365251342
56 -66.23645276451296 -54.03049857490954
57 -33.4773868715659 23.522232905810966
58 52.58775912885031 82.06970282662789
59 24.60055728020636 67.85304511992672
60 2.923723304272528 -85.90428281810927
61 17.184818254361176 -76.62779662234698
62 96.55948383085402 -65.56762344466549
63 78.1702332425784 -39.06823157841342
64 88.55950082333047 -33.31134651405006
65 12.745198037080357 42.0742085793639
66 26.735604711486133 93.35660945150022
67 96.04449186076803 16.302488755595036
68 63.80815608367837 -47.246129329914055
69 12.290718328229715 20.534580406808246
70 91.22340625492063 -50.18867935272453
71 -8.465028393955336 -19.51998836480051
72 95.1947180530052 -6.56810853757068
73 58.33388947169496 22.465102648462462
74 58.386843347384854 -27.439654817912015
75 -54.82321391226073 44.27247459108392
76 34.76397383356712 -86.2320492539864
77 43.20318314074689 64.84965168626039
78 -89.52608433917395 25.07014112521857
79 -36.272436033879195 -24.719501289659917
80 -69.7577487852462 23.85919009065529
EOF
