DIMENSION :80
NODE_COORD_SECTION
1 27.78636442307625 66.9206822963429
2 -96.36231739392056 -60.45314311288759
3 27.53596433212644 -66.16310924599054
4 90.2305221575688 18.984263515159185
5 26.169403208985216 40.406185462481744
6 50.7513881904614 8.467164419580016
7 -19.90854140414966 -20.72282769926015
8 73.40841674448836 -82.67432830593174
9 11.657966456695746 -53.99323508441653
10 49.805443210705164 -58.44859374787546
11 92.63620458461867 48.548724552518166
12 49.339935930607936 -78.22564113983876
13 -59.995456443551795 -99.26184109036453
14 -57.032887936088315 -37.86913676807722
15 86.67060056519227 -26.27161970862059
16 -30.133381103032363 84.46735679867155
17 -78.08611511506163 63.125401556549235
18 38.39971383354981 -33.26154565112434
19 -90.16462450852087 -55.39548127176599
20 -68.15354596022294 -79.87783313079653
21 -11.176937450420183 37.08253105451411
22 49.76397336223147 96.28890298069618
23 -68.98095180856527 70.05800992422405
24 57.408423078478904 84.42519172785842
25 -1.9996170460436957 -39.478628451715416
26 38.51484355239637 -42.973048806990796
27 -32.637659110467254 -55.12467260441496
28 50.83061527394531 54.14130378861344
29 -75.3805988970264 82.5955019148891
30 -30.850065739260856 -42.35010349324424
31 -84.18414899997478 -49.100003787788516
32 -32.80193462343868 0.350896734347387
33 38.46429327174235 83.4857579714203
34 -62.43410748647389 79.01069648793069
35 11.9071815631401 71.42869067655988
36 -22.00329489264432 96.22062408182111
37 -87.07720823689834 40.63348719663898
38 -17.32110525939163 42.80787831904331
39 -11.626217894629278 47.758215948312085
40 -31.200476322594596 -49.28595852909492
41 63.923008413272754 -4.672182473567105
42 41.46561810702042 95.66853596023324
43 56.31777331169562 -43.21038829448858
44 54.20132267832571 -90.35149579614344
45 66.47033119904293 -76.44685111594987
46 57.58079650567444 75.03062076699243
47 81.53899089960518 -61.404383322058045
48 -54.84178997709637 15.504433886927643
49 46.440683353065936 -34.996812880323276
50 -96.29225531868317 73.23082158347049
51 -21.297476427109643 52.85779621845708
52 -46.11182792491289 67.39334891347323
53 95.28635765288524 14.167703688303803
54 27.798008203321075 66.2042327277338
55 -4.00307766945933 93.07953747535683
56 71.48889994082671 72.5907741309571
57 5.3107287013117315 27.398306467783968
58 -16.643553238438187 -76.79788070099943
59 12.9394409453258 37.48114727629462
60 3.4291628653820396 31.040372276960653
61 -26.831975428676415 49.85947508147902
62 53.92795767677606 63.933973752874266
63 23.98445955543427 65.48336904552218
64 98.06995388242143 44.235530245765375
65 -30.755499133744962 16.271076091941623
66 31.94211878744983 79.5401567833197
67 30.59139604944653 -81.31450424957586
68 -46.62830679005299 -10.115404750881282
69 -79.42285060539015 29.348675505026137
70 62.07199485753932 83.80133582891426
71 14.408345104867365 35.24437880787403
72 -63.0562929122072 53.76609675076631
73 -95.03369909845642 69.84779391541306
74 -90.73664164514092 10.991027653163329
75 -85.77233239589184 -63.43942597864329
76 -95.40776672094286 60.18012986685025
77 3.9383151511115386 -57.88152611299251
78 61.59054043223907 -73.22261171904508
79 -20.63016265663032 -4.822163437463061
80 52.52320818312043 -7.597813062075161
EOF
