DIMENSION :80
NODE_COORD_SECTION
1 -4.86676734909301 -63.526901938815186
2 -85.42549310428367 -71.74403395778859
3 60.7359059765478 -42.88102808710346
4 -81.16714261037228 98.74292768473993
5 -86.78559731424973 7.746200397048469
6 0.2774052013264878 -53.82116757342696
7 -23.23759042360689 -2.170178962506469
8 23.923161265977484 79.60540342830572
9 -10.415818139190662 -81.64952091004436
10 20.004544521268855 54.891345556373466
11 80.22755757101899 -43.18570242148476
12 99.31721734682463 48.2258379062975
13 15.289415957469316 -80.24500970170898
14 8.990566843371823 77.27075872225865
15 -42.36464536991191 -24.262799120928747
16 23.789684878937933 8.478768897504168
17 -43.49791544277208 65.66880181717474
18 15.89733707090221 13.498278248152175
19 54.3274200459893 92.26909426401514
20 -24.77212390100823 93.25063855701293
21 -60.1205390899008 -3.1710300925689126
22 -37.32333912031416 -24.821298729755952
23 -96.76696091675707 58.93796956329206
24 70.31015904675232 -92.66983208234846
25 55.368086604134845 13.642454761283716
26 35.35338090371107 22.353074609201997
27 -36.3588430246218 70.53802081950786
28 -91.0671221778957 25.1448814020292
29 24.10786459875287 40.58834121800521
30 15.885186290607976 -30.18931508931388
31 42.65062248473413 -70.9981505380077
32 -41.45795774666246 34.75011871487541
33 29.0925183052087 -63.71348248891415
34 15.255292599519052 79.10661050803358
35 -78.04510072127515 24.642224299128458
36 -36.47392454804312 -30.523309563733235
37 56.24259957749226 53.13915332817538
38 -82.04573401200624 2.691098988594092
39 62.6174760420991 -37.3302083730888
40 14.825830988299288 18.643542997647387
41 -56.45261580592991 0.4511493368719641
42 98.00731704354428 -3.4429946120683184
43 -89.50570658348526 -86.10714864507474
44 -35.081836307126295 58.74153124670465
45 -14.068131013805726 14.93585326401265
46 16.703217507088453 67.81153860209557
47 -25.040657308964654 18.505569115732627
48 -76.6707356724087 -3.5052954838591575
49 -6.494929387602326 -7.487718263235081
50 -37.81890181130683 -26.421402864224078
51 -96.41022331338742 21.870765590833514
52 17.834031700988447 -34.79475834469437
53 -49.15402128430277 85.30008485864474
54 41.03148248851892 37.6378896224829
55 25.46673395176029 -28.796366352319055
56 56.49775058613923 65.78833514148525
57 74.98331428929208 17.71852998166392
58 -17.93234859927763 1.2071465665385972
59 85.7481109142397 52.06254091219057
60 -24.283715059633536 -6.0967136103164705
61 -80.27458232492748 -74.40426580284836
62 -37.576271314111054 -25.72635592500521
63 -55.83039917486454 93.55324005901974
64 9.411062236028386 -55.41297851939255
65 23.99643937246823 -27.805612266218176
66 -83.86436575618454 3.881278974040228
67 60.13015814421914 -78.84730042164634
68 -35.464904345606385 35.796287935576174
69 51.83519235462205 45.060243978951235
70 35.361230297222335 25.779486113468295
71 37.01823849541918 -13.941192733985218
72 38.04627375828119 -57.73515244368919
73 21.712801816515565 87.59961980215633
74 24.395842690885857 15.840197020633568
75 -51.56505845114487 -50.02779759099867
76 60.504237411168475 81.08178141706014
77 72.82545591773587 69.29213272268123
78 -83.36051361288143 7.649132197583938
79 18.97044719138985 -45.78349469545198
80 -98.55304118049759 -59.602693036361856
EOF
