DIMENSION :80
NODE_COORD_SECTION
1 7.638021975426867 -43.154502190513774
2 64.07911531079893 23.835958726126577
3 -66.15682453772274 -4.207757751871327
4 -18.70181970824723 -25.288531780551324
5 64.15267457364772 59.30659513566508
6 57.54611805967684 57.908123787576216
7 8.513403963437312 42.25324032504113
8 99.35998643281096 41.83580428263855
9 -50.65757226007952 15.878322829589024
10 22.66372674517993 -51.95862223847858
11 75.64047399413684 27.74601109334553
12 71.08085794348315 -57.885970425948145
13 33.15556036748808 75.31942406991999
14 -3.3006286881814333 -40.494844064795245
15 -78.07387893425911 45.89233744977582
16 -34.4249624602686 -40.54255141624174
17 4.759552455344874 99.36703609905132
18 48.11122766530818 74.65177087886633
19 -96.32141213011766 85.41261768827871
20 -66.44535596699234 29.84455102991842
21 56.094628611865915 -67.17261313138718
22 -31.80195673749357 39.682491438024044
23 -21.556468886132166 -73.5322226162368
24 -41.517342665265254 -35.95466313653914
25 42.24608911836842 -4.10454513794771
26 3.044351786608786 -1.3182886822476831
27 6.031881015273697 -20.066704371089045
28 -78.15056088801583 9.566861272248815
29 66.29176787808214 -97.39008599596242
30 35.91735234435063 -18.674580913624723
31 91.60093652932468 -1.4883916983226442
32 -82.27094105683655 -56.77379407578187
33 -13.71918274985211 -40.650450779201286
34 80.27174128795065 -39.329764184771385
35 -6.555067556009163 38.58913390477542
36 1.771628022241913 -64.2428569613313
37 -7.999878158782465 47.27748393266401
38 -6.481354561326754 47.42926943480924
39 68.15133310418918 -98.2558078946479
40 9.787938572533108 79.85675365948728
41 49.18453380369428 42.63934096791604
42 -28.284997070726533 37.141038612921704
43 75.7790784692125 -65.18795885535944
44 -68.91736662969484 -76.92178841481208
45 58.8272093614448 -21.178296488804065
46 35.32957471487251 -23.36228327474315
47 17.715089418835817 -82.58669724431851
48 -28.307845634594344 -3.023968417549611
49 29.246300206782877 4.0770735715035755
50 -33.75808044151698 66.2189263722698
51 29.865196917462754 15.851993308316409
52 92.68373801253864 -16.089990270679436
53 8.564245216885439 38.82157388361671
54 6.130445505273997 63.937372265695586
55 3.835845165128987 32.28948197361018
56 58.67167202771071 12.914087459527607
57 -24.74410025783675 86.41165778320192
58 76.40597346980681 8.402523567060129
59 58.76273185460897 28.10051565075139
60 81.70713333754767 26.03641036744932
61 -65.57823569397571 1.306068499091893
62 -70.15314110489281 -73.49137990952008
63 36.44267754891547 50.31767168172317
64 -4.302245119227237 6.556850598083599
65 -82.55743364017005 -31.480677166184833
66 94.09209667699133 42.493238784081825
67 42.424984155984475 -59.929584650304
68 -53.48673363847711 -89.51180615390028
69 32.67144352143646 -1.7270825375151873
70 -82.85143590901178 54.732681491291345
71 -94.28150446131858 51.925053150977334
72 32.933402807392866 -7.23271487969879
73 -35.18004339085226 -10.249435886428842
74 75.06866151238631 96.68044275806281
75 79.77063662819864 -36.96821881178845
76 -16.405632082644274 69.54234770861976
77 -29.305781847624715 -32.13633770752216
78 -48.04537661407886 48.35495759253885
79 -42.62529780649147 -99.01483115150302
80 5.090044562333091 -92.03722602968072
EOF
