DIMENSION :80
NODE_COORD_SECTION
1 -6.0791211976105615 82.69254843499797
2 67.37467997576644 -79.32229704874472
3 53.40076022033472 -22.166800028904504
4 0.6311483136874898 -30.90588978672497
5 14.379822903918765 98.33916969505836
6 92.03873232204995 1.0193482847860196
7 99.69552324964462 -63.810153346494445
8 52.6157854571488 -28.70443053008782
9 27.544155366563075 58.026162456300426
10 19.096459167932125 -95.56088201746368
11 -5.684355067844621 47.38750837306199
12 2.849488343209842 -49.25335969142777
13 -15.095718339693164 -29.699858110306153
14 70.48739600670837 -2.664669966080794
15 -17.550278594657925 22.54838609770991
16 -90.92250296737905 42.93688808360895
17 -18.310826032989283 0.7489301664619319
18 26.71760837231531 19.67875853704433
19 23.578235327050862 54.387746774624844
20 -81.65902365513107 -49.24948820735495
21 -36.435584274280195 22.268007369970434
22 86.9665414047654 69.76696102020026
23 -38.12604067119805 -65.64338029823675
24 52.21203904082461 -4.1960367219119945
25 -58.60092295559585 -31.19401844282082
26 0.739294356759018 57.496755798170625
27 97.24937927663996 93.96658871915508
28 -62.59768928981546 -9.745236575531564
29 -38.242293340572566 -3.504698468262532
30 81.22054183404245 92.56095688267126
31 -70.29269879616456 99.20298462081865
32 16.901255548570433 -79.5122456263638
33 -69.22635657740466 -93.92553058158408
34 -39.51366079170264 -76.02430177132796
35 99.65096447710741 -23.067312434196197
36 26.80059620303426 84.08504838653303
37 39.059967269750814 -69.49198018567704
38 -3.26986318685762 -2.6554244647032164
39 -3.1901525875879457 2.212842399127396
40 -26.03907978903696 -28.514077195610184
41 -14.685741621903546 41.71048237346349
42 93.65917330680782 -53.734153514018516
43 -39.562537430005904 25.40665046750759
44 99.67693585123308 33.742893425860814
45 46.2734591342373 -19.7193621865446
46 -57.782461460607195 -15.711057021441846
47 43.43737711857722 68.01260193542154
48 -35.502588181920785 -72.21975593485033
49 90.67512533929823 62.1522290666652
50 -55.20786557720556 -86.17342353692025
51 -36.926299635906254 -33.88671910604518
52 39.35623224409048 80.5612341768263
53 84.88121375161262 66.06744799539092
54 -67.94218032912991 -81.57137711717175
55 -89.07772765728544 90.35008789645744
56 38.17067151825512 63.570254861808905
57 87.82075944856217 -44.220552689795035
58 32.61793859571645 -45.17590335147228
59 -55.28111948980268 21.330067347771006
60 77.0632563504733 -80.9838284685124
61 -17.092360718103095 40.89006549075026
62 -94.40346080086464 11.137449315035951
63 -65.23934948953685 -90.62886479278949
64 -4.636622357010594 29.163122054348065
65 44.5896810307992 30.229093324256695
66 -3.6615475670355835 -52.31460340770771
67 87.51690676298202 97.49191976403887
68 23.544952564936168 -29.805013689670503
69 87.1853696613172 81.68125943025831
70 -74.62639507743272 86.7606121778077
71 -80.89420064639563 36.55247071248243
72 33.25638730729435 42.0198093883202
73 -6.33559715414853 2.367255936197907
74 -29.19833002806351 -32.19154819066088
75 1.2928692887811195 -28.547853857426503
76 54.59902021505431 15.420416703767685
77 72.02835162166804 3.084986142747752
78 54.25342765458768 -65.59700910926232
79 52.66782922630085 -72.70919398600175
80 -4.189571605782618 87.95746005843841
EOF
