DIMENSION :80
NODE_COORD_SECTION
1 -70.7723564997221 84.40141399627089
2 91.48077155251858 25.166634687870797
3 -99.43135702494882 76.4114174877883
4 -97.28532788016628 -6.5323391373511015
5 -4.858909384787879 -74.88294789234276
6 25.99786000777729 36.27070681040672
7 -92.99629301764023 2.1774115047693527
8 -6.272673282580584 -42.54793775624606
9 -94.68922979127485 52.244183233227375
10 16.317252326136966 13.81147958101947
11 96.74893448833237 74.6639205368927
12 -93.77233303263021 -61.036048698436
13 84.59067083611032 -11.702593542422733
14 9.074162780621876 38.18121168501801
15 -91.1814481983444 -49.71257201797377
16 -92.77002554919709 -24.497426876516187
17 84.00134481757416 -16.604714199603166
18 59.18346490888024 -51.15126292092245
19 65.07944536992471 -18.43445692713381
20 17.01540548831278 -45.46373387306497
21 -34.05645562183199 9.667405435535102
22 24.71219572378058 -20.495509782182793
23 31.66723971527898 90.90032036838
24 41.63263562643053 27.730711551948545
25 22.48073224004841 -15.8595332161007
26 -41.70259075820726 86.72354012670905
27 -93.95071620859514 -6.456329032827782
28 -24.227943367778522 70.64836691106308
29 74.34671956580749 24.00963912133949
30 5.2657471531006905 38.55297925918509
31 -97.60907579706885 98.65118474481446
32 -88.83027270051164 -20.674641818647558
33 48.334583568777106 -11.79861199134318
34 68.61087764549941 -20.57011730935163
35 57.881241817507146 67.3305644529488
36 35.697387403470856 45.13204368358444
37 -19.27677651270774 9.1340721610417
38 -49.0148819480418 37.83604500645592
39 32.674443947072916 56.590950749070714
40 -41.70525346167526 99.32352294321697
41 44.39779813590113 -31.417438623713963
42 -66.13854657133598 -6.9041688640145935
43 -73.89664762083461 -71.90064461392156
44 44.90030502020622 -31.31364138746862
45 47.32016382181189 -78.44693667893631
46 4.022235440988496 67.72332017764705
47 81.82097528886177 -49.349493037531644
48 -99.46303819638767 33.68771471315094
49 -99.99422809359915 -77.9254853873644
50 -12.469236766620725 -38.275003489434134
51 -95.4733355930357 -24.743722711568125
52 -17.29133191608048 -69.46680433047878
53 -0.3369192749207599 -45.187334119255155
54 -98.65794996787069 95.26429389766585
55 -39.067066608121046 -88.23895209697035
56 -18.735658699364578 88.5396206850395
57 -71.34814379127607 -73.5867792825931
58 82.70898162737251 76.09420068228212
59 87.62927039767104 -14.110852455204665
60 49.885359309067155 44.229004520364555
61 -85.08344549923098 -79.51980752796959
62 -93.459854848714 58.16413492548392
63 78.49915638631683 -94.36929330009991
64 24.35276747853476 -76.45003120521889
65 -47.9489329641521 -29.904222295186585
66 -49.134428448250134 -92.19253105041108
67 -25.653406135572368 -84.12788483547375
68 12.750603421451672 -66.36716152112697
69 -73.34895925440826 51.78799817270135
70 -79.43337601515503 -56.08422644574729
71 27.38829649770527 -29.822611487553985
72 -7.2385562008055615 -44.51531504771762
73 -49.38992975124776 54.852316283536
74 89.52630681787866 68.50621650490942
75 63.2679232595591 98.62663983526673
76 -98.78948020544478 -20.969413313913805
77 -53.98403275932662 -70.06646599278966
78 71.35623193666697 -45.911780167380826
79 13.24847627470514 -99.38208354726137
80 -48.98538850505618 -28.092721973515623
EOF
