DIMENSION :80
NODE_COORD_SECTION
1 -22.28528687014959 -91.10351982342893
2 -41.7431893775496 90.35846219506297
3 -73.59433791061171 -29.567075485379334
4 -88.30970819222112 -57.20233495017959
5 38.32010666535243 -31.54124411840546
6 -69.93709435350677 -12.237366964058864
7 -6.041039314670684 -75.70332627961713
8 -69.45172826179227 -59.88285723649398
9 -24.603617106601078 95.38139292022814
10 -78.43122563068465 29.765353592537593
11 -56.19849357645394 58.05748514080233
12 46.54771938934584 88.69969379728374
13 9.572736971797966 3.0841632923454654
14 91.67614507917986 37.02584772119633
15 76.4141030088667 86.55333484982029
16 69.98062762165412 -88.84059827525195
17 -27.09051051247158 -37.28378269653909
18 -8.169974500971833 -48.19719335297277
19 98.62723198272397 -59.74695203321785
20 -88.87933897004248 -25.0246286993913
21 6.514121508616583 -50.190748916878626
22 -3.268972252225666 86.28299731613035
23 -80.68556304929457 88.16071196045363
24 -79.56138277751639 -33.22141642963015
25 -65.02390727440286 -86.8402926841683
26 75.34308983743841 58.177899245057915
27 14.482712623358012 -96.34780910494653
28 42.94148484585867 5.859927766131776
29 -34.7231822291788 -30.153817917353436
30 -87.64713085713277 79.99469494375512
31 -65.58392256428857 2.150018197092024
32 -78.20876888580881 -11.69433608828831
33 7.8309440908185906 -19.711621650375406
34 40.23705720375753 -81.61220033763703
35 -24.47133577188086 -70.45704479243912
36 -63.64033307784847 3.166594647195822
37 -32.684736753389984 7.253798372786164
38 92.09379145795003 89.9972123247575
39 89.58348540214007 30.256375379089064
40 9.875565513543961 -87.93281917539034
41 0.9414481910077654 12.71842465868815
42 -64.60541537093638 -89.82005060486904
43 -47.06680637698517 -26.120168581931424
44 71.82034255214529 33.660833191218984
45 -8.171106736495545 -3.512309471266505
46 96.81280282617342 61.040788406192036
47 -31.56090865999292 69.25795182032036
48 -89.7714951412552 -75.66233611401987
49 -64.86610137437955 30.48390200947756
50 -61.71485562895822 -4.83145435761152
51 22.724562674668007 -55.04899825143947
52 -0.9508615917437169 96.59089281274979
53 -15.408525612806926 92.60648213250715
54 94.46221150536599 -58.515770554329926
55 71.41924502328791 24.971315794999867
56 -64.275325856724 -33.551746289467005
57 -42.87405792851446 54.071144231857716
58 -68.29546986399578 -70.39278831919134
59 75.0502227020695 78.70183177909175
60 -25.856784390998214 -28.625463130148603
61 -56.81329745308621 24.13438469405378
62 38.78023047004956 99.1457364760517
63 58.236343914449265 -26.096949157065865
64 -11.879385188176528 50.05160884516195
65 -79.53471004125936 -93.89056397859079
66 9.420608097145774 10.317981791815555
67 -85.15788526754415 11.714585939116802
68 50.568602658241446 -74.55790173352786
69 -81.34994752367062 68.57999168751826
70 26.889872248231455 -77.69002643831426
71 31.747243059325086 72.5576075822409
72 63.50522147118423 82.5430419064827
73 -67.12530289152048 85.71793752288869
74 10.725302278221434 55.77649494274016
75 53.888192387945026 51.844424954824404
76 -75.93624581832668 -17.764282640693807
77 33.51687697977971 -49.388668925808865
78 -64.19594199294866 -94.10859484159593
79 -36.77206693870776 -85.59857071756518
80 -38.34353823210095 -97.36208970650662
EOF
