DIMENSION :80
NODE_COORD_SECTION
1 4.126321537204092 90.55646519500797
2 29.92808372631768 18.581737384954792
3 40.45731088631263 -95.13403765964247
4 -38.33697973365593 -7.778913190360683
5 93.84362142815709 46.184789649571286
6 -91.3897187716411 74.5209341703355
7 -10.956642897305201 -50.00082353271122
8 52.54030466396668 -0.37202585654141274
9 -84.1476856832913 20.66886898394067
10 75.81229692521654 -92.17031520474757
11 25.74498493356296 -32.939979873243175
12 10.622608584021549 80.01739235705466
13 -36.58674322013111 40.826478829567634
14 46.11539942476321 -24.869703154614726
15 42.65736900441931 73.17073567431362
16 83.76699295809163 16.900130183187215
17 -91.69017938893924 -10.295162561547528
18 29.306789017299707 50.62996358748643
19 39.34991720751728 98.07080560986407
20 88.53929844785677 -3.595004422613158
21 -56.90721036466271 89.26892018051052
22 94.78333667066894 -37.952996788017025
23 -33.6863918048052 -28.818487651570408
24 -62.7539823619792 -52.711689108461044
25 -93.60587721871201 61.56882560052722
26 82.50071481146358 70.05519409370251
27 44.05522611870441 -92.14737973978471
28 -14.660240774548498 -23.58538638854226
29 38.965818426983674 -27.707666849720283
30 70.6241923488437 -42.34761488441512
31 -69.5051080848096 -76.30257224355259
32 -65.64556601756944 91.11476591769866
33 68.10010982190079 10.609016973878411
34 60.03733435998305 45.85969495574929
35 -40.676980010612375 55.92246178436511
36 75.52654633670878 49.827802243669964
37 -31.912733164691105 -90.78790092472609
38 -14.135116635992318 -97.84246548292496
39 -78.02697640323 -79.4419538834437
40 -90.74130398571015 32.43267487692364
41 -5.632752755892284 -41.535729354583935
42 16.16601342961485 58.06466656188587
43 -84.13402920958686 84.4959994067435
44 25.581675077754625 71.67621038640945
45 39.031447478623306 18.55382134020293
46 -52.04571976316519 2.2666186872821896
47 31.583474005164447 -18.75930113244179
48 -19.228674099190897 37.10353377912011
49 5.330791569001562 -16.432746867357736
50 -39.29953421129615 65.6996443322019
51 -98.37493866501596 -50.72018528375835
52 -44.723575287537074 12.89711670671845
53 -51.15357241778202 1.3846246530475668
54 37.47457681831881 -35.003519103471376
55 -16.593736596781852 21.980851406030567
56 28.113876950927562 -38.96916969478718
57 -17.020734178006492 3.3039173796329777
58 13.883274563195158 20.700214402269353
59 99.15364749039165 -52.0801023532868
60 -47.11258693528184 11.145169419084482
61 -3.585379368944899 -52.699322956090676
62 64.95892193670923 -83.34756429787296
63 5.353132657060485 -29.451304099859414
64 -29.41388578558363 -31.45009488670499
65 80.21818559768218 28.829118795233143
66 90.15661666563 -83.03803660718035
67 14.407717688530909 -53.893624760350534
68 44.31891329921024 81.76044100305438
69 12.219626357719221 -36.92898047563074
70 -93.38470937472363 -93.03960854583937
71 -58.83903695043258 28.68203723533614
72 -48.858556024963875 -39.02589502719618
73 -3.6599896368162916 92.5385873805343
74 10.839299075602057 74.55068759742068
75 96.94244361251455 1.3344955407703623
76 -83.86860350051613 -11.10734371535797
77 -95.48066454309334 -76.06239046995992
78 -81.0433827173533 98.35513759688894
79 -96.20858649082558 -17.824615824937624
80 -76.13137060934804 15.29717855288861
EOF
