DIMENSION :81
NODE_COORD_SECTION
1 -44.719529855220856 15.811199176741695
2 -66.27557919747105 -0.352872293665186
3 60.675199728409126 -8.513563074460379
4 -62.55373993518618 98.37488076699955
5 64.28179600905824 35.17092234288347
6 26.567979452971358 2.1050551627788536
7 -25.670141681493348 62.401958581560336
8 13.069152120206667 37.07510301156054
9 2.859332598770763 99.19878591132075
10 -91.4710733787583 11.996417811800228
11 63.95813707180474 -27.25478299317075
12 -19.160416219588768 47.20026404257399
13 35.18733081393927 97.02408758644583
14 57.52141754906927 -3.763821884208454
15 -95.26580619655431 -76.74174185056724
16 -61.48883547470243 14.640748901143155
17 -72.18996662340035 27.55198855470347
18 -52.10200926623902 23.75899225109812
19 98.03611185312874 41.915515786846726
20 -98.06763588963179 -58.085652975284916
21 3.0377080085317374 99.89477825903668
22 99.73486713298416 10.887584778782042
23 78.19278140289398 -35.682752267983716
24 -46.51651052459205 -67.42117502075408
25 -1.5415883846888931 -67.79601813849757
26 -33.54043309309658 48.89106475819773
27 55.42459773806584 -29.313078986156754
28 -59.81600406994112 47.28755595424391
29 55.22169925987498 -72.19035018733408
30 -54.02296468461309 55.13947224430444
31 -57.3657348871152 83.37890072437924
32 -68.37351446089352 97.8944834132154
33 7.750602722446629 -42.42702700388694
34 50.45058040164952 -60.739307137145346
35 -36.29601331328338 -21.197392764781426
36 97.89362418579927 96.0146553138456
37 -2.4619686647490795 -72.64144458389157
38 19.893800669003923 -74.29383797528197
39 90.95517869063966 17.669462202719117
40 -82.38578748318564 -77.55344586362483
41 83.68394224060657 59.53256091242818
42 -85.27014246384961 -75.8685884631387
43 -90.57290491145555 -52.531213425571366
44 76.31464671754 33.86249340717566
45 -27.17055680835874 -32.60700416506195
46 72.47424842593506 88.99788464159212
47 -44.36946781501558 81.07901422971204
48 65.22208329744143 73.1733700309774
49 41.144134811079596 51.438345652061656
50 -36.30265562407584 -40.197860703187295
51 28.432860863112523 5.42035615475136
52 -59.324541102437614 99.97392539957954
53 71.02294334420077 -3.619120420226537
54 -67.57697763069046 23.338786752736567
55 19.730679584581125 -75.94474356682828
56 -45.699271526239116 7.474859724792822
57 -24.85135497682775 -2.1892020081056813
58 56.11951471346214 -10.596680489514682
59 62.566313482997714 -12.357163952774059
60 14.106462436918491 -57.6719803813307
61 30.576373311990892 -2.5824826731857655
62 10.438857818712705 -78.65879895000707
63 44.34439754851749 16.153571893475814
64 -13.3438681689491 -6.24913521202879
65 -4.50363471646547 55.67435814850353
66 73.861073135489 12.849310317873048
67 -17.195187551467 66.75053664800487
68 -99.52669889328654 68.35653668394508
69 -68.66884057819914 40.89283123915732
70 57.39941640878962 52.436165516741426
71 12.40823035355099 -48.756682755001755
72 -39.16401544506029 -82.90427545645971
73 2.823529413043289 63.55281569354037
74 -5.4770989761869515 66.94702465699726
75 -21.209506880382463 57.02099571825349
76 -63.88360957054533 -69.28339155022867
77 -21.2286263305389 -65.18513289425499
78 76.45234666510333 85.56019651547206
79 88.94209360742639 75.37036828398621
80 -74.17765094446342 -29.850893860199207
81 6.06586154043039 -21.879099355402886
EOF
