DIMENSION :81
NODE_COORD_SECTION
1 -32.01376792127877 15.660818904374693
2 -85.23098919832238 91.08563591276601
3 -29.50335551707994 -51.780292341208956
4 79.68900380086976 -27.21049053983549
5 89.01258080806011 71.9982844129812
6 97.69112331722226 -62.72408338746622
7 13.630499787514779 -70.89690670433683
8 81.32698860486192 58.51215576702248
9 96.8631035585189 50.53364950165209
10 -48.06549887060816 -30.7233080288712
11 -24.25251226660295 -38.083149808750626
12 -90.74452417390076 79.65648759614987
13 54.66592291919926 -11.616803320187358
14 14.17375690168079 61.57154265062573
15 -49.18592333328711 -85.13450651420946
16 72.1530970959592 98.28304389308477
17 20.853037041614357 1.2644632957377695
18 37.18078804061932 81.63039118015462
19 -14.866891315075819 26.340046301504017
20 -30.50054272121055 54.78159350363239
21 44.978855454156246 -60.14903521569492
22 -24.863916599575745 -55.42951694013469
23 -51.12355471498966 -60.62055745829787
24 -68.78615851815826 5.0333215509221105
25 5.005985964051376 -43.558176917454446
26 -41.741111485637575 2.5463766767744147
27 60.41296875558069 35.900008292302715
28 -60.80911391346922 13.005187721261223
29 -28.785404605261363 -76.64734528097398
30 -95.58753861005782 -27.224804603102257
31 73.58832799846996 -62.90077826778142
32 3.3895028350763567 27.682626749214336
33 31.891518640050833 94.43381752818325
34 65.3406963535912 58.10337508150289
35 -11.887470872078865 86.44010717624772
36 15.131241443514895 -76.7530858707601
37 -34.04458058837578 51.122413709011795
38 55.19232563019412 -35.97884407846277
39 -6.788301561832654 -18.377654562222418
40 -49.73559787311936 -68.59664010626767
41 -2.325743862928249 24.434197353057144
42 -41.011025346968786 -33.96888110670906
43 4.7002745497092775 71.94657087386616
44 -55.14990904187671 -55.23330032159892
45 -81.36877325475771 -65.69830375573463
46 -31.30668493783631 31.276909931105962
47 5.629866428016811 -12.522117834282895
48 16.02654285760687 20.209790780538327
49 -87.90442754402876 -62.335236889133824
50 44.53356605483191 48.338534076577275
51 50.67097000995804 16.414964181421738
52 50.70786192139005 61.08199882238415
53 64.95434427518728 -73.28018304199162
54 -50.759398543042586 69.10036120994076
55 44.38390679155455 -2.928965761500038
56 -65.22646184219738 -92.79658300218831
57 2.3615227435937527 68.73402393399584
58 52.8538789066443 -83.40185037282754
59 53.535136879230805 40.87284471022352
60 -54.59511114959732 -88.4587486395231
61 -69.73939492939763 -71.16930524987998
62 -44.24750230739705 -37.24867109372671
63 -36.38475421683624 -47.21601639453947
64 -20.77523873491262 -67.52543371428052
65 20.937039770924088 -32.84792788898507
66 27.567585247114252 -70.11322468942575
67 -60.285166549177795 65.55877212124938
68 38.896682172344555 -79.44634647109798
69 -73.24335471276243 51.80587607261421
70 9.632284563786044 19.96034948474221
71 1.9145616059345798 54.23295460424154
72 50.83974470881893 -71.33971393230055
73 57.246364404133544 79.00173161080403
74 78.62560661471417 -74.61756881856223
75 75.34563110434249 -52.74252753035906
76 -63.284535757221015 24.47511270044511
77 -95.32650459289663 41.7838180056452
78 19.066332120447797 -74.6462836960433
79 -74.92310380185363 0.6815517864497451
80 -88.65714646547607 34.15842329560718
81 -46.72024969834527 -61.23404775889054
EOF
