DIMENSION :81
NODE_COORD_SECTION
1 -69.75608424664487 71.43972793842676
2 85.03635181219744 -94.16392060708709
3 87.69163278575942 76.1423642955221
4 -39.51778058957265 -28.427141271709687
5 46.55105384749092 -87.10630899718382
6 40.07147988802535 -78.04322735025124
7 97.04449756774844 -16.540144064190287
8 72.18796771869464 35.561851070494185
9 -0.8830160130398355 -74.82502412463505
10 -22.17985704173053 -99.39426239563495
11 -59.345331776247164 -49.35956895743692
12 -63.309385394736694 37.70608414789015
13 -29.167545574201114 6.548940265724141
14 40.96173993629557 -87.25127659148771
15 81.22862424668253 31.74211491992841
16 6.0496905139100505 -56.098046399135114
17 86.44608851628871 -99.72587859181681
18 22.806062119376477 53.10049960411433
19 -83.66878311767204 72.16825060378085
20 11.302612952282942 89.86163807371611
21 73.48299418374799 -57.28275630224835
22 93.68127153996701 64.08514763390986
23 32.59654347885922 -19.407750319164947
24 42.00817781425593 -35.47227471170824
25 62.28693773725536 -24.310650159287462
26 -23.20302173728959 10.931615459702229
27 -64.60954456157765 79.55671195492394
28 92.84327935701467 90.32624979351863
29 60.34227139884737 14.409410770739711
30 71.23865536981486 61.810780456980865
31 -85.91902702759384 51.15307884920503
32 99.90911284920233 -20.835632929511632
33 86.03189408575787 -87.49839060581161
34 69.74967880621216 76.92028438113081
35 -46.92712237322074 44.188126249025004
36 -60.5969389926682 -6.92114336472811
37 -3.0124712944443672 -84.56739873841228
38 68.95716973237612 -39.57667850099953
39 48.762709585471015 -40.75650107289608
40 -88.68739682658853 -11.558179619839308
41 98.18849864120088 43.79489209464822
42 19.69798169050938 -20.85225946140801
43 -57.42958461377798 -21.965424135506424
44 80.78741109808823 72.62970770074529
45 64.9653239387799 97.84274702452151
46 15.100999801163255 -98.04839868249107
47 -69.79608372975463 53.474914802570424
48 99.84593302935204 52.06199341639456
49 -33.935684595410294 -75.31327770320647
50 -35.91793699643932 63.66152733141618
51 57.31282342861476 -73.14752257733343
52 -17.92729403297257 0.5157398693257136
53 21.929482653984252 39.55317618441981
54 47.90771678982239 -92.50998248511118
55 61.6875927184625 88.523965444986
56 -47.03737523259343 26.622257451119793
57 -16.642022467979103 -57.48504731790365
58 7.4840672132310715 9.838056965788084
59 72.16029891830351 -51.46657715019018
60 -51.431569690008814 -30.547817141276283
61 65.6852891105394 -77.90048723311185
62 -40.9730042252024 41.3891972961226
63 -75.6366495922248 -66.43853717515606
64 -14.892296474773346 1.095163996819437
65 23.656514499723613 -12.819244027559137
66 85.76994785373546 -31.598587872138168
67 3.502352653314972 76.6112552702032
68 72.18554851904094 -34.85957536499828
69 2.1399052875013354 18.56080557148114
70 3.3655825983142336 48.10293862979489
71 -25.70060778876639 -84.16238292639153
72 -7.710749897044295 -70.03554414882633
73 47.83891698728473 81.64792411800977
74 46.63754611652959 22.098385281928003
75 8.26295708028701 -31.074600898181032
76 -80.78882013733421 85.73210587948563
77 17.159087967276392 91.63694440260142
78 -24.661473757041534 -38.30864598358301
79 -31.559206572589545 99.42346294704458
80 98.0561570976997 -35.982718878444686
81 65.38593202847684 72.59835127977695
EOF
