DIMENSION :81
NODE_COORD_SECTION
1 58.1515704625491 20.623013943338208
2 -29.035316518588687 1.9940233410834054
3 -67.2148800645264 64.5307681799253
4 71.8942079421875 -57.715923029384776
5 6.866732011754834 -69.38456718621804
6 -39.69068734583892 -26.34789059690759
7 -39.26799598760733 -79.63824027503368
8 59.085961302493615 59.64826782842249
9 80.6935698580605 -30.07062298007655
10 -85.14381614194954 73.36623257683058
11 45.57598804624209 53.06455824893351
12 -54.576285475712005 -52.429246686189714
13 4.099290482642999 95.88279448198779
14 -77.22985724820121 -26.35030242492016
15 69.55788860547392 -16.46690897953198
16 -79.0697686221246 -23.235152360807703
17 84.2177773249253 -33.70593158437086
18 -50.38358294714129 12.739797579860564
19 13.081763134217027 -68.55900183671761
20 67.32430815176878 81.63737208400102
21 15.148974611003752 -2.7381113295043633
22 21.75234026910708 -66.35705330013411
23 -89.97865956973934 -93.11007195429555
24 0.7204140171501763 -45.215737839009364
25 8.686462164808972 -47.84147498763718
26 93.37393676333389 -36.81773120484808
27 -90.46720862745457 41.47433866485315
28 -40.68880767163465 -79.0583213304217
29 74.12949011948945 40.74272404827144
30 -17.626519207909567 72.45387647571266
31 -7.969861009497663 62.6690449788035
32 46.18919515374779 56.799011787458284
33 -80.16422998634374 -42.701532859676036
34 10.164369403167356 -89.90191623367679
35 -63.02053831874031 65.44577076655042
36 -12.536041164543278 -26.920115025281802
37 -0.8287997071044941 -63.29410703603862
38 30.629527631507926 -50.20818246328174
39 -9.831774080037945 -14.97504161982583
40 15.830770520882425 -74.7024804705144
41 73.51285101339212 -42.64945393954671
42 -16.650405019255828 43.368466719141196
43 -71.89403663601821 24.669081557971012
44 -60.25263987582612 -30.409369355672936
45 -85.03860380111465 69.77729825278976
46 -43.73285707739987 20.971423981518228
47 67.21252587825495 -57.576286827163294
48 -91.62529178198247 -69.95381250977783
49 21.419284375128413 79.9951594090048
50 -7.056808227141602 29.647569309105563
51 15.450230240069885 -49.287417346146924
52 32.43831309269831 -6.084820134872018
53 66.69086106504665 66.33914113783703
54 -70.4377546163034 -48.21305132725235
55 14.056041113921736 32.692933069893996
56 71.16607619013368 1.1277552263949815
57 58.26074121934755 58.79560596759441
58 -3.1578775580974394 94.81487488485305
59 -32.96983485047811 -70.72270808620434
60 45.45913871909892 -55.48611794490475
61 25.406623014034736 59.697150854188294
62 -27.99517185525147 -6.457252965406582
63 -93.9627996767727 -99.27187796190063
64 87.45183014945042 47.135857177923754
65 -89.69713069821394 34.69342627676426
66 -84.03531903195952 16.58381113308363
67 88.37614036028859 16.731349061739238
68 86.61707182237802 33.13887408949503
69 -15.228995064720067 -47.095924632537844
70 -19.109973785026128 -81.75993849749928
71 -24.324527764502164 -21.1447697914342
72 -57.42657829353246 58.52587304314801
73 -34.66651841859549 5.160014029682586
74 23.29467208415717 -72.73332607697844
75 -9.030337880713503 -70.69931244305093
76 84.75001561975273 18.26302853388026
77 49.22689549733647 -20.760586184789858
78 7.815426139034571 13.920028510505048
79 1.8131768697705581 -50.15058580084104
80 -30.934303254216886 -3.878016817184246
81 -55.9690631282654 21.004481854700742
EOF
