DIMENSION :81
NODE_COORD_SECTION
1 -78.04921914230032 64.97490175113495
2 16.271122936313162 -30.306582225303288
3 36.34424514585743 -23.66286816203113
4 -47.025005270616745 -66.59081749714136
5 -97.64783548669445 -66.63931626236896
6 -74.21710189016927 -58.21060586212139
7 80.64801662322822 24.31357865127164
8 -0.5605923547558689 -94.18674291043597
9 -48.30157430680533 54.577945362062536
10 25.48222682184904 -97.74295919102988
11 -33.38024199182203 -33.084590565291535
12 37.08193008216415 -90.8834815176822
13 -64.49183533932035 -71.42233782715041
14 -13.844375178606057 -99.01936768409733
15 -14.25566583947662 -98.9846903900848
16 4.962732881958473 89.3478264970889
17 -7.499208019279905 29.22727041282431
18 9.742784020197192 -95.20944860389007
19 34.65597012309004 -59.66799767741402
20 -19.44348149041606 61.037524517666355
21 -38.453951456661486 24.730948921540175
22 49.34331449766566 -84.54257680070599
23 69.4620414154488 -11.726408433492196
24 7.309344219224954 -53.90834706481653
25 -18.47392531627267 10.122633481393748
26 3.112657803228629 -97.70196783326102
27 -99.44243376985749 -81.44318164281408
28 44.91267926466364 54.23114980495859
29 61.76637293992931 -94.26195695100668
30 42.203416445430804 -34.20065706187701
31 50.5866669587769 42.508405460895375
32 -72.54894533534323 -53.597776646551296
33 70.69184582125956 25.571950374551704
34 82.90832434057054 -1.3332075902390557
35 48.207251339013766 -8.045157236245686
36 64.5794502023771 72.5641741003704
37 40.36419501382292 69.4269690001575
38 63.16115824454724 -39.29680633326171
39 -19.684817860043765 -3.393272308106134
40 70.88674587720237 25.260903382848966
41 -65.44308742987286 42.76009659028247
42 -66.44823721334656 -66.07557363655124
43 -24.615854556170305 -15.15597084140228
44 -41.398559397560895 -99.6176363050916
45 78.02408941438401 58.13322847085087
46 -76.98845573672821 -25.681791918603068
47 -59.42248226611429 -13.191501772037611
48 -21.204077846103672 -93.47779597955974
49 94.61940135060206 22.173969247079043
50 89.32556557707733 26.652170412609962
51 -74.71156262391523 -31.290613155188836
52 46.24551053440612 14.33786110261559
53 51.921335482405595 61.952925083973156
54 14.627601950053531 18.737511945777968
55 -66.23564462748882 77.24888110469522
56 -66.90146061230324 87.31930959474329
57 -39.978879950304425 -5.316235713442282
58 -43.965678911638875 -98.44553766571944
59 59.47230822697841 -76.92665664151059
60 66.51371699822474 -14.62718110691388
61 22.12940718004299 -5.347757825231952
62 11.574892293071741 51.64581919240513
63 63.86115948857292 -17.84326464725416
64 15.421041941184072 -17.374170241141783
65 84.65812834656163 61.28054494530463
66 -88.42775071043397 -97.81521247143291
67 -27.822921854432565 44.0223748148409
68 1.5624895873254303 90.85931492119258
69 -15.566331112300531 -57.7669274805398
70 95.63225613531239 -80.87660312711782
71 -91.0115397976823 85.70935149047958
72 19.968719194829546 -70.02617233461466
73 -59.30238104196175 15.470025500031298
74 -14.602940906645955 88.82773623871401
75 46.07661078540505 0.3898340187468392
76 4.028093788789235 36.8954729581034
77 -10.448602232731389 84.15496541015557
78 13.218818696924629 -66.393743256427
79 -14.651620299406204 59.54344911100634
80 -79.69577469235833 -45.67191590998376
81 -91.49902877647256 88.32263734126556
EOF
