DIMENSION :81
NODE_COORD_SECTION
1 42.24096662975688 -87.58283267462868
2 24.47706497077546 4.979381957768723
3 -37.696941991908915 9.033331144752509
4 -68.07155672944319 -80.1783785120318
5 -47.16212634209111 62.01891935706138
6 -61.064728906263554 13.392099128396978
7 -63.18103748316559 26.427469289404712
8 90.10488445113205 -38.224622080248125
9 -59.25983131043013 -5.215566066806801
10 57.952912525953906 66.28305893432713
11 30.092321330901484 -70.09607887240708
12 86.97799366662636 -99.94884716270764
13 78.9747406319864 -32.87988078003157
14 27.94129415501878 -49.540874850738234
15 4.194436697231268 -23.899311626172363
16 -41.96435055873724 57.400909273864244
17 -54.81772545283188 -75.05161193207361
18 99.23071762952429 90.60271182324286
19 -96.71795451996354 73.08631902552966
20 44.93205824676056 83.59601315256646
21 -32.55507081936378 -65.53881188474188
22 84.19368070070811 -52.38132121127106
23 48.08832082476593 98.88809476515874
24 73.07507513297978 -74.3691928669548
25 16.85472207373047 -23.100614198272254
26 44.33538930513714 -85.20381644278854
27 -92.76727454300702 -57.75080802976875
28 -30.491064204434196 85.19428448102829
29 -30.521074550365483 -13.735698011442011
30 -8.492234934545877 53.191698081024526
31 93.00596653473795 69.52113526073924
32 31.24863677432336 29.816056906693603
33 10.378624816494607 58.86760821772873
34 -61.59673723851802 57.63950390818982
35 -20.713715163600227 71.59772020739328
36 -95.77776003587472 74.0928915292217
37 -97.66318350651851 13.625855974071328
38 83.48472366207261 94.7958488729767
39 89.24336545570844 94.79670177845955
40 82.97733664196915 97.40206306762073
41 91.95217365142852 -67.99409688209607
42 -34.49249374569338 4.623044577348551
43 50.48606255273722 -90.4044928949996
44 91.30789801815544 -85.49221401563933
45 -24.24518017900658 -43.47256316409942
46 72.7901575133333 6.719787643755311
47 -34.68974337517501 21.127163344043737
48 -46.04216754818151 -34.533052650069806
49 99.00030353496896 76.72891241223599
50 42.38984985818027 -97.09610988287223
51 93.7030264156351 75.34276627471684
52 19.5574063033269 41.24041260543481
53 -90.20193909637347 81.50307885549245
54 34.33889313042161 17.453703486649786
55 -3.240541603450538 64.74668189698497
56 44.948835152739605 11.41614734309077
57 -58.769408917843634 -93.29156696488772
58 -83.90150839326239 -33.58549335821748
59 -61.83174939335008 87.61074557327021
60 -98.9426769437606 -29.549592089775942
61 -55.880387942422026 56.96274505067646
62 -57.61394014739673 -2.6239397232693022
63 -8.577528961611264 64.57375380060321
64 -89.5362969122297 68.8332394862802
65 -56.904570835233656 30.525018839534226
66 65.53231064150603 91.12761742933421
67 -49.58838009538016 66.53239841464128
68 76.8350358139547 -54.415443209803115
69 38.62578226885066 -73.82795286265818
70 61.524391494027185 66.59662694124606
71 -8.948678298578344 -42.2699856908715
72 -83.63065869874151 -71.51297628409763
73 27.66041743467605 60.9758517813454
74 -93.10870650799994 -19.52264454961356
75 81.60682769482182 -92.0507050575208
76 51.41075126802255 18.462005563175893
77 -34.45237035092386 77.88825340758467
78 91.5878014714988 -37.04426228177584
79 -10.633340783796982 -22.284723320397077
80 -23.608675964445936 -75.50514960523118
81 41.87902688699475 72.03883918011104
EOF
