DIMENSION :81
NODE_COORD_SECTION
1 87.22179005820323 -41.163921266674805
2 -15.405860573075998 -61.488025301760565
3 -87.91670072591114 84.4133322567479
4 20.13365704816934 -12.83617646503194
5 83.26152485380985 28.50936419108635
6 94.30215619013129 -13.287421537735298
7 37.077599132864606 27.248268162989888
8 -69.86985539770106 77.02982091404863
9 -75.96194565880731 89.21971753363641
10 49.177411892611616 -59.363930968424626
11 -24.407414268336126 92.3999814305921
12 53.48979004082949 -95.06002824368194
13 -40.99994421370417 89.5684249577439
14 -51.87919388580076 -50.01470376087897
15 10.616494715465478 -91.71475915514932
16 69.23902993863857 2.009755285982635
17 -42.35467667385111 -97.2149241725888
18 68.19339560140614 -44.96635826563722
19 39.36670018009235 -82.31957378717635
20 -31.489616247626657 55.860393849043476
21 -78.9106056779432 -42.842415636469
22 -39.351472182200254 12.285157047998709
23 57.54509846675299 -81.61285591944976
24 -71.56282008263635 39.971651076862855
25 7.171798244265574 44.15997139106901
26 -88.52182473188148 50.371512692009134
27 24.709244942116896 77.29874984090455
28 -0.6095007284210965 -99.77548401428334
29 -33.24384658030304 58.18416770381501
30 -73.37039180286823 72.59201706109593
31 33.41546946804576 96.77396663907984
32 90.71470921851298 -59.959896323490455
33 -61.11967420152518 71.78203578669158
34 52.04879136858494 72.50295272571802
35 -45.20980895030347 62.22390547658401
36 -9.882242850087806 95.5209788741335
37 -97.58701615068716 0.3239414911206495
38 88.7066618967458 -21.037551350337864
39 -16.814269618191304 -50.1812828461224
40 1.8724907419854304 -57.99881024272122
41 -68.127276493649 -40.01997080993034
42 12.764576978345616 -2.962761259636167
43 -47.42317560938598 23.22009253568369
44 38.98528838495312 -76.58876529054552
45 55.06603618274997 72.93054541932207
46 61.03515853288803 -38.822586493792066
47 -52.64588980125728 -1.7540732842799258
48 54.48820626481293 -54.13577887017733
49 -39.79960340835733 -76.28861907712776
50 91.89481018807444 -32.934483280859865
51 -19.829129472584412 -95.62665282639446
52 -52.989082093401386 -73.13053573342322
53 50.128679314759125 -79.39885220321754
54 81.80415000959644 -1.4537616019175914
55 -40.5008008151809 21.98636636639438
56 -74.21131600955162 -58.420219258880564
57 -8.618826591256607 65.95598996160857
58 67.59258225797942 -83.95714217396005
59 19.551930809017335 -75.72557707751596
60 -29.73739112175086 57.47871727519055
61 -44.35853193552839 89.39839448389998
62 94.66329776532805 22.86682053672719
63 -64.77349009442523 -97.31195941208846
64 69.4284410336831 -1.0860172997545732
65 1.322402613468185 -52.23372202719716
66 -18.72507527545875 75.82658659232283
67 -5.272881983729988 -95.14211451593913
68 -23.9098545387632 32.883301409492304
69 92.89837922870291 -54.27144254225655
70 -40.94389988766205 56.542072993420874
71 -47.478758490344575 -36.11657748540933
72 61.17451577781142 -82.52101237567284
73 -94.34970431114105 -19.0265185366637
74 99.90918502877747 69.87088267708427
75 -64.71301756143538 -52.10251126649253
76 -96.73692360576314 4.397424362904772
77 13.479269893485224 67.87597092062978
78 89.45940758566073 -14.14736748674521
79 23.507329227994035 -91.1870497604769
80 98.49751112788917 36.91976883432551
81 -92.55446878270446 -56.449797582533854
EOF
