DIMENSION :81
NODE_COORD_SECTION
1 -70.79128363152117 58.182528620319374
2 -52.28462722354293 -45.13144838810592
3 -9.844464099296758 -47.26703810758048
4 2.1415490673244904 -46.533954558200755
5 -89.35616076482941 -5.20300436215652
6 84.90462204843092 -39.8443951402772
7 -81.1213648362178 51.59000425472598
8 -65.29248380426304 11.073613972212655
9 87.25579982238324 64.84644652013463
10 -1.1262604541346235 -84.1514705501417
11 -96.46865978095096 -95.59390236069743
12 28.14155889103921 71.53762739731386
13 -0.2660839497876708 7.59684167930223
14 19.255744334068154 -42.87349329842365
15 -19.107828251470153 25.049952544093884
16 -99.7395528447139 -73.40931563201372
17 -78.37506741979972 -78.8770072451227
18 -55.00161212263048 -63.31745802715185
19 -94.13100135473704 35.89441016029028
20 -23.827015746355258 -4.978965938100785
21 -26.504336083993877 -94.26703203712461
22 -29.568297741081068 -5.274336997212032
23 7.293795982903561 -39.26570582932199
24 -85.71956377673095 13.750165089829537
25 44.77385018662471 -30.144128830645528
26 76.2403166941545 -99.76446998899434
27 31.47365466605882 88.37071648168921
28 58.50983060697962 39.615999710050346
29 -54.07650547035519 -22.70069420512968
30 70.49683379344083 4.875727123279077
31 -78.84551211492604 -89.23184567145239
32 26.93643710139868 -71.73211419330725
33 63.61090703361057 64.7826327454971
34 -85.0875316325373 -99.0279677398892
35 -72.44648334428464 89.69057223448038
36 -3.0483518131819523 -93.42033970068397
37 41.517740548253244 8.652439275060715
38 21.46124172098638 -75.0381588197312
39 -96.88312027030861 55.72271105818061
40 97.13252623485099 -95.01296842611117
41 59.45723885130923 69.68631754344003
42 54.53392975822763 97.72106516761693
43 72.65859171748866 93.5829740726829
44 -34.03073354641657 -33.84447370979011
45 -66.5500607326758 94.8913325226795
46 23.778098078573535 -56.8253174763167
47 30.537088911219314 17.633992076701716
48 -12.39320402732342 96.38524070539108
49 -90.58484993506104 -94.7966847313272
50 -97.21963572863159 76.59727080485342
51 -38.47435821674621 -8.502748712004731
52 -35.2431864375677 -23.841317898433914
53 73.13434787050906 47.99331501655985
54 58.74723101932369 -95.99029258278368
55 -66.96716956503258 95.6779300947974
56 38.93646495729922 -3.76209083499144
57 -50.857192026026475 43.28744595537745
58 28.340703234951974 24.07830739342171
59 -43.67058289432868 97.106258379423
60 -81.81004619251681 -64.28276246668558
61 -88.79425759507306 -97.39368538138908
62 24.82491810064431 -26.07732015810724
63 -35.56224311824023 -75.49834871166632
64 -77.55071826097685 48.43778343282489
65 77.03511709377878 -50.66962747533821
66 11.680089153641362 10.238486956132675
67 -95.65988203095269 3.465795562202544
68 6.690410095415871 -25.829961392745474
69 9.903454288393036 19.497357652138874
70 27.839961994079104 67.14143922853478
71 -8.8379518020201 55.211046098508945
72 -27.958884182694945 -59.02920136646619
73 -0.1891175618251424 -28.061835086361484
74 99.70906934631515 82.13868244422738
75 21.987121871789512 12.830279567763853
76 -75.00330752771347 -24.87938154567972
77 -53.13837502294352 86.65728686117993
78 -74.88399161631023 -68.36608245005613
79 96.95926770227047 -40.98545661561279
80 94.89987170935748 85.04813361446494
81 -80.49376358905103 -19.635815841529165
EOF
