DIMENSION :81
NODE_COORD_SECTION
1 -17.24447037511044 20.577001550625383
2 75.39393774951449 14.364821658108156
3 -98.99098009772243 77.83172165767996
4 76.28829255018388 -13.092063096676583
5 -24.15228957835356 74.88869176697608
6 90.03471910134954 33.46316295270279
7 32.38176733343133 25.930932879299817
8 70.42267130450989 56.142892591807595
9 5.968379028718601 40.55877479152704
10 4.868352410648356 -46.81341810926756
11 -99.13968785422765 9.724630551153979
12 -81.93884977935309 24.253318748047377
13 82.32713323171743 -3.7643361443865615
14 -50.911769132958895 -5.078462352541479
15 -44.05834144438583 20.675203310630394
16 19.499392387027825 97.04754920409368
17 -89.42413577926733 33.007786227619704
18 -51.74906888661568 81.67356885111772
19 -94.24798979801517 90.79679267284351
20 -10.806197114746993 -87.53505809591513
21 69.34626021127877 -73.12232268554577
22 67.74791026574562 -9.804644313463953
23 -61.75629622401222 -17.506115167472785
24 75.63094615033924 92.58797658376639
25 -77.60477717062369 6.316620419879484
26 45.98672434746686 -21.140659131737976
27 1.8281729229713903 75.43360609742399
28 75.98458819075105 4.602047035560133
29 -23.48552383213554 -18.693826372783093
30 89.93792753126198 -79.81871608044358
31 -19.39877730286672 -58.142034554446774
32 -56.78346464437274 84.60928998549502
33 45.36052697657752 -49.727327300738054
34 -44.2960505809556 16.900930223538694
35 49.316806186274704 -48.25774731898629
36 -66.72237612415984 -71.79734969777843
37 29.361358711493523 51.321118518153526
38 86.76622747261348 30.526048583421726
39 -56.73438512123057 99.20593253825163
40 -9.934978564511951 1.7064783708224667
41 -28.144040209041492 74.17460203302684
42 32.56675920456087 1.2461007145220435
43 -71.78531815895666 91.5821940356164
44 -84.20785417337366 77.98983998013222
45 -98.37693270602055 -0.77444248098017
46 20.08043617914403 88.1218098160214
47 -94.43570711364873 -7.447556725928024
48 -75.5725918625628 -49.24114309198024
49 21.95529350391425 80.10505821022375
50 1.0342931400502096 8.456818629477738
51 -62.1216056276648 -39.24801608149511
52 25.858092977224274 31.234310707411368
53 56.43493755639719 -63.82353551834272
54 -52.56997909624725 5.25777118728665
55 -70.05514013662501 75.25317802784443
56 -61.56445704470319 81.12071313856634
57 11.567660025641942 -28.640389669351563
58 18.02594339060792 -78.31101071341857
59 50.52168657604287 89.33224057435348
60 77.5579733281746 -14.226818451372594
61 66.43038082248816 85.69181300072987
62 68.43469269345394 11.428046599334806
63 -70.07442525924395 3.926015452601689
64 17.947109364152823 -78.53174739149931
65 -50.51046497503293 96.03196451412131
66 27.492897294800684 -36.17154533248239
67 -81.38100790962318 2.184938472543479
68 77.27494104721887 -79.31496917738406
69 12.746012742081135 -67.68608902024923
70 -87.44094078215674 72.79575326326483
71 -58.04797389287308 -63.471585562192814
72 -81.20317805796844 89.30275902802211
73 63.36301150888829 -74.24457834374431
74 -93.60408116888874 -71.71679106790873
75 -63.78471431901005 9.608922582094408
76 -79.35285127257413 -20.378797171979684
77 62.933027475806455 -44.571026991575266
78 -31.706452833020805 59.31339780782997
79 -98.83992416518544 -59.40895382764284
80 -90.54608174438883 73.11001813317634
81 54.5402809454541 69.60057970106453
EOF
