DIMENSION :81
NODE_COORD_SECTION
1 -90.55753177568889 -70.81260460687808
2 17.45169125136057 -72.17219787255456
3 -63.10242195697635 -38.271783869182066
4 35.41482756200088 -47.45455197043547
5 -45.21633682326165 -58.43115738515179
6 89.30462366086417 -85.52003073406578
7 -64.41329694279116 -63.710581585300964
8 8.127647613671101 16.220658651477365
9 -92.51139431052722 30.267495217417775
10 32.45895331738413 -28.74842252671202
11 -76.52734887269958 78.11310017194694
12 -93.59815041746806 -35.82883395025233
13 34.06753014621759 -44.89664903992456
14 73.3480052088924 38.95692001072945
15 0.23521087938813423 90.77995446388428
16 -99.18734107420725 -27.760716796050417
17 -44.24076740541747 21.28699315339287
18 48.09607548825855 -21.41211409163442
19 -17.408273172396633 -23.30959837038688
20 60.24903516965654 -83.89761310366448
21 -2.031016811527337 -68.56527361216763
22 22.796780248266586 13.139245255323644
23 68.70691297720535 89.25669181837117
24 43.90221254941366 -79.20528002529056
25 65.93935404888143 48.28923859422383
26 44.125902287948094 -89.19641197165397
27 52.66373660764893 97.75372908134386
28 28.666891260386876 84.80199926106684
29 -43.18983205562166 34.55210706181427
30 92.94492506650886 -61.5578879187527
31 -75.84845179286937 -43.76518418816837
32 69.61123014551512 -67.36501364208571
33 68.22391102832282 86.23437141717741
34 -36.448422103364344 64.237566931287
35 -61.47223161438136 17.91858561307174
36 -58.82805263750197 -0.2116686589163237
37 -86.36725798159601 25.931382411166908
38 41.23356816241531 -61.56445252525433
39 92.4093658523924 86.45338447737637
40 -43.26919944430614 3.9909047054834446
41 -95.53650679039765 -27.571714882233238
42 0.7818141828391987 31.080454698571003
43 -10.049647651521653 45.46535792507268
44 -85.77139742603521 -93.34608287821118
45 -90.70325644789074 -46.95775146552488
46 98.6193887787968 -44.347701851128704
47 -65.03842816662487 -42.20355412762282
48 -34.52684696186084 18.42301107807458
49 -49.78363336411964 75.10781359912028
50 -18.79756498953317 57.51064083184616
51 -65.97096187133884 -24.161393048315105
52 56.79721944754297 -47.259404347813614
53 46.48571576974558 -76.98846431226225
54 -17.650707544784126 -3.948065676378377
55 -54.21298065827678 54.37044276096589
56 38.722884054276705 81.32474110918884
57 65.70671041595278 97.18219675085967
58 -67.84585831348679 99.48647174888947
59 -38.49778881094974 -92.69743388250838
60 -7.711521888459117 -4.529239971577553
61 92.61810090700888 61.44281828714213
62 -49.858694513808956 -78.8587831643691
63 -47.87485759196522 99.73785250014595
64 -30.305602627055038 -72.91815023096322
65 75.68912355163113 -84.86921839588047
66 -54.683427434912126 76.19477097849511
67 -33.03484413315823 16.7529232258905
68 -3.076037665425929 -66.66506063019126
69 -38.335154591585386 -43.607786450677644
70 -4.228268501763679 87.75071118613894
71 -80.8548482253449 -99.69293041990251
72 35.99566627058013 98.88808439967508
73 -21.78061747817806 -46.94302454601422
74 30.498565910691582 21.155562335214142
75 42.992366566404144 -4.315166174014735
76 54.50300584651026 59.535584147226785
77 -25.12669867008583 87.5004656266492
78 86.06857461608402 -64.53235892334334
79 58.52145880089867 98.8785710518103
80 0.0981703059141239 1.2171125115296206
81 -17.668569748203538 -8.101535639601678
EOF
