DIMENSION :81
NODE_COORD_SECTION
1 -79.4102733376848 -25.39578354788945
2 80.17650937716743 64.06335439401477
3 30.300263612880627 -15.462148070628643
4 37.322656366810946 66.94272986301223
5 -8.925967685986393 51.02713584526529
6 67.90695025359105 -33.5574600055819
7 -69.88973851245666 8.339086815754527
8 86.69766326403413 -30.276252085378673
9 68.09096370564467 96.98633204685731
10 86.97310252343408 81.51823988608632
11 29.940768980370592 26.127656726513962
12 25.518176785252805 -92.46671181253163
13 -94.79686498279563 -36.2396445992998
14 72.73120904364893 76.55659696998038
15 -54.485253369706356 -6.593235269120854
16 69.71714176860229 81.39012817655299
17 40.76124383502696 -43.338592504550945
18 -96.03003529458023 -39.97004450500861
19 50.84913938045605 -87.12067488590978
20 -33.77627426104645 91.04839761040927
21 86.63032677493402 90.4501103966875
22 83.277961585302 60.92384932220517
23 -68.63292371608631 -21.48368527782243
24 -64.91990685760621 76.10268488747042
25 -26.772967148096043 -86.34102742784297
26 -40.9262215326476 -61.133248402889826
27 79.64928164671576 -47.01308640432096
28 -79.2011662936505 -16.381012821507724
29 -13.975843867131573 -6.769202017255111
30 86.9548804631977 -21.011206254388682
31 -6.019155849929362 -5.143282499773136
32 75.61742262131816 41.19780189039304
33 78.67874147987297 0.8782825766721487
34 -21.978343865410437 75.41579060475436
35 89.84966409182766 1.9602967662968496
36 47.305852566654494 -35.62441657388153
37 -2.0600382931590673 -7.428962791083322
38 -68.16726152611561 57.304712548797056
39 84.55284002791959 -12.64571579172798
40 94.1837810037066 77.27084952484506
41 5.493015882185233 -77.44366066215822
42 -98.35199877801071 -38.67305112788706
43 -34.93283852796287 54.257282926390445
44 -99.99664190927835 -24.618849313682418
45 31.895337997590104 83.31978546583977
46 -10.384657393458326 -95.49442965521087
47 99.3400657917276 -13.617120420258516
48 11.354074172468785 9.437164611891674
49 -52.23868343862461 12.892163067238457
50 19.557598806031763 -38.68716165514385
51 -98.84279341232059 -79.92808166668613
52 70.2457966693465 -80.77980079846448
53 87.3518128466493 60.908751223182946
54 85.01578415925485 98.93421765684312
55 -91.25702171666012 14.630382162020197
56 64.52628018462619 -3.7507129367930787
57 9.724715605565521 54.827310592211944
58 20.20495423220197 74.6051388504805
59 -12.749839397095002 87.27907694783678
60 68.7894135319147 4.244174445369509
61 -67.397220253245 -42.28897590969471
62 -8.46110974810719 48.926789680985195
63 15.294996372390273 29.121374155900043
64 -1.5695586921125653 -63.72955433640721
65 -75.88501768309963 58.98262655737983
66 57.37989654891069 -80.9328737095463
67 65.6939303968143 68.53528352162041
68 -50.495604599830955 -62.5269692022965
69 -12.432298601948617 89.55597137296573
70 -6.330050248721292 25.753400043076027
71 -59.441753147717606 -1.6039018763898127
72 -52.95600955330961 -27.69569356200536
73 24.40188122619236 -97.24871429091493
74 -66.90057568378822 -62.03753025015048
75 -29.09713278132766 -66.46418676097176
76 -25.506717288608073 65.15312517381034
77 -89.50746466374076 12.400381754574312
78 15.469685296447409 69.21505355447457
79 40.925568543451305 14.845670134614934
80 6.913252515286501 -6.7190596103544635
81 -29.05325939169539 -70.45195867379796
EOF
