DIMENSION :81
NODE_COORD_SECTION
1 96.9057893189676 -70.61969800517949
2 47.11286469081705 -73.57201106288261
3 20.615635019726213 -39.02868711175272
4 -11.443563232894505 89.15586057233304
5 15.5754848350347 65.89682117966879
6 52.32877609402098 -57.79645810140188
7 1.8812384770402417 33.79906574363565
8 -68.93772787323726 8.214755793212603
9 -38.42912966147332 -1.6835066775483085
10 45.04277089820195 68.38079362298416
11 27.418933184357 -38.07469911215824
12 32.38469241341397 -33.327542683242584
13 -51.391153522801325 -99.9227391754034
14 63.853134304026554 98.19317463273129
15 -60.77832010411988 71.32453936393293
16 -87.0213688232178 -47.417844798975814
17 35.20672820443676 31.411207739148722
18 97.4619730035426 45.31068056928967
19 -13.524271224632784 -48.14972823518848
20 74.46790474636637 62.878586449339025
21 -7.010875416075805 -22.705899663065992
22 20.25813983074852 72.33203642193459
23 57.179314430713646 -78.95490414626096
24 -46.284274622707656 1.1878571493612924
25 -30.217510352310526 -5.657286844645142
26 73.66431383049067 80.7636659245855
27 -27.872928010294444 92.60175619827848
28 -28.512565948485218 -35.922858299430644
29 -54.846516787605104 20.56615142591191
30 53.40450447691464 -21.108233390062452
31 -36.08358219754191 -71.61867907186499
32 60.86179952416279 57.15063449782781
33 26.047424354929177 -48.1225767551452
34 12.848198853805087 93.95364870414181
35 -86.36784599772645 2.8947195515045934
36 10.547096839428889 32.397897725640604
37 80.18312695389068 39.27150069526155
38 -57.412577981844 45.014669643797475
39 -32.13443415759036 -40.84609474738301
40 8.258223988942873 -11.79906854308281
41 54.86028823931639 -89.423818600522
42 -63.59702742732593 42.95699243394955
43 8.724215906196036 84.79892669984358
44 19.31109526900447 -76.59383515484762
45 -21.164234049157457 -29.318098206633962
46 3.776048534259729 33.986381909682024
47 99.48871453880213 -12.592894268168592
48 85.59057447996469 86.8676394695512
49 94.924928457697 -15.843164046966379
50 -60.89845212408886 -46.936644963149064
51 78.57272573239104 97.89057465859494
52 80.048205895639 -86.13233740184658
53 20.984346385484116 94.15348639979192
54 -92.24072775985961 3.6648590814123025
55 -75.55756434110194 -19.111494854406217
56 -98.11405792895063 -9.178892448826701
57 86.93212186187128 -18.48697528190941
58 59.19928988914086 -69.71721664792383
59 -35.848243506786076 81.06013787646475
60 -52.41777672607382 -60.33031785702312
61 45.46200620696402 -82.02634453259856
62 -72.80228529799851 -99.93444267810354
63 48.14947632973383 -15.815002883499574
64 -57.08349520974547 -36.627602480790756
65 4.107675196168941 -82.61078497079765
66 27.439137912697234 60.00902311435411
67 64.01466508795545 -78.02353059200009
68 71.14865692475348 43.898458529713395
69 76.31330229051892 38.8642803601476
70 -87.41802613050025 86.1029081752333
71 11.776530818809718 99.51500385971434
72 -17.49067052377511 34.12883626595945
73 99.16677363028487 -54.28797537544974
74 -5.037027099184883 90.83910250712546
75 -86.5249979652635 74.20719223766687
76 -79.84234962563642 -64.92717413998687
77 15.451692637430142 74.14110510807598
78 97.097131275654 -94.51199480690022
79 79.61828858971816 65.17697886898901
80 47.76244413528093 99.80574437551698
81 -32.325438763901374 15.577756310780515
EOF
