DIMENSION :81
NODE_COORD_SECTION
1 42.394769503333805 -30.447063149442585
2 2.665347553041485 34.88831531451004
3 89.63410356145823 63.8211113848989
4 -8.174766936332773 -0.9789144003659089
5 -33.11462756932255 93.24659394081968
6 70.42610396954248 61.78207601926579
7 -51.54991592116285 78.86534709604001
8 -93.67594807692508 -34.58709724621876
9 -69.33073953898872 -4.6338047109100415
10 -20.015476057975093 68.19453617408803
11 26.27594859552613 8.03943674643402
12 40.04213587844677 98.83568388791707
13 -3.119601445468902 -66.71554243326196
14 -56.409574629744895 16.198088317611877
15 8.432877879802675 34.52327384959082
16 -46.74641092252574 -7.055997660235818
17 39.23568088693918 61.65596783731161
18 73.44371804991871 28.60510603926653
19 96.05236339259332 69.73309275826776
20 -0.19128834873936285 -84.26388616533984
21 1.0889372770654973 11.309143446318146
22 -71.27248477495328 32.230618963367164
23 -98.90179079940697 -13.019748966661624
24 27.810941298634773 -86.45952375214677
25 19.5850222155092 -40.101592246005694
26 3.717925727762264 -29.54568695895449
27 -75.93320462676334 92.59340155590462
28 -79.8014655205979 61.25477164825725
29 -87.42975092120292 48.22292522749032
30 17.12672838134847 -98.51193723797161
31 37.021761512419744 13.410273101854827
32 -39.61267960471966 -99.75642199644103
33 -24.084570121619592 46.11802557723473
34 -87.16676162394455 -51.244675167146305
35 44.619427761231634 29.54538017102564
36 58.1307156509458 -44.699009336525705
37 88.90776077722552 21.8256798254167
38 -67.83844313716637 -80.2114373193698
39 45.78122667953994 -68.66019520575236
40 -79.24670745919786 72.08443189813013
41 -24.632205648190023 18.750216105879744
42 -32.14051185756158 60.05100897718913
43 -31.330702070199905 -70.60060951805733
44 -95.08589475482485 -33.574076723605614
45 -81.85221497412125 -6.494461754415767
46 59.935370829388944 58.088978756101255
47 -98.37840484314957 -3.372450847918728
48 -65.94390480624818 26.92701594776308
49 74.66759649970919 -80.83990993877129
50 -56.49091200328367 68.42101498543323
51 92.70271809982833 71.15896904710397
52 -83.3022692938652 62.24369384576244
53 -8.855514086555587 7.585832891536029
54 8.833432645527608 -31.429919341166837
55 -59.47331926083166 -0.8995889334302092
56 -49.276787401856105 -65.53255661364084
57 -36.827012159084724 54.81748674937461
58 83.64219930356381 -83.35489838043877
59 -50.99205376400906 -54.01505439987135
60 48.82746791896062 70.00877934736187
61 -59.68889294573421 -36.67174655961065
62 97.98113190317966 -74.12197797400941
63 68.69689923370831 55.84574725212386
64 -29.727833349800022 89.38947265637208
65 -77.6708331645599 -54.871696675249446
66 -58.321920628586476 22.52273478772331
67 97.3560728681102 -13.184175125604966
68 -5.890985175555912 47.349672915719395
69 44.77744279869188 -40.40772463886606
70 74.60850547385229 3.522026529105162
71 62.43331148656898 2.159844531722996
72 -80.97339491207889 24.6762861308804
73 1.5289543321476629 -10.077983024755795
74 99.9127237164696 60.34888599823822
75 -41.911800166327225 -54.355638278273965
76 24.97704389219375 63.15874533651987
77 -98.04645190706619 12.15084170420073
78 -39.679021484832354 -14.571656209518167
79 59.42790841148647 80.15265474631988
80 -18.261394952897888 85.07849733375048
81 -89.62036774714636 -39.4044852321789
EOF
