DIMENSION :81
NODE_COORD_SECTION
1 89.7088372000228 83.74948787005513
2 -34.80351955063642 -13.379602380814731
3 5.0199104122982305 -51.51921572385027
4 -89.33301753668216 32.690853443409054
5 48.46885970848422 94.79530289243081
6 91.70336002942295 50.00772282155245
7 -11.877892103094737 88.94608225144444
8 60.14280924477566 39.67503241112564
9 -43.35387031247271 -50.31753687339646
10 -26.79146677241897 -56.40695005472334
11 -44.83494271524122 16.240054361128003
12 -25.76986654210762 -48.15766344134893
13 19.237729936844644 -35.24463156261899
14 -74.75514080806369 -27.502997968293826
15 58.75238980551413 15.030320404918612
16 21.734827295298743 -6.219422666148972
17 -9.236460013202105 28.36048728691088
18 92.60684920549835 17.891805305444095
19 -27.227667248706908 87.1805333417708
20 -57.37676444582718 -73.50811891170281
21 -86.3218615667647 68.56885660025105
22 -70.15675147691647 49.75859632304625
23 -9.394251352468558 76.1928506684757
24 87.23669691119107 -45.92298751701409
25 32.03904989903276 -20.93488192018023
26 95.48255355691828 37.85028581474734
27 -58.8313314964114 -79.47994904518292
28 93.06709570311932 -69.42164555280314
29 28.087605912376432 -92.89072272209671
30 70.14767279247246 27.266249161160488
31 -4.5544946408365234 64.65352096000845
32 34.24968872988177 -41.61213433108699
33 -20.60137284801253 57.477473809352375
34 58.71599122505111 -4.954924551066767
35 86.16931688178715 -93.10662771725038
36 -71.07052679636962 -80.37382359225897
37 84.25522764174588 16.288007128173916
38 -13.318895186804141 -45.81837432420455
39 -86.694820448201 12.706947242299108
40 -60.3426343073733 -68.10080423718223
41 52.90495877572613 48.61887793794273
42 50.87246536791528 21.474675262350033
43 -42.00684207098231 72.58193568999744
44 51.97236728637506 -30.161666927886557
45 -87.64647329912304 73.82306432776608
46 -65.3108199779472 15.611360148602984
47 -22.39310571538884 33.28039076084414
48 66.32605486627722 -56.16927405287346
49 22.352406736601708 72.44780909500312
50 48.00423401101824 1.894703122700065
51 -95.41577390354563 81.3998548337508
52 -11.494409900475617 -22.654364266090468
53 -49.76348167698552 -71.33582838085786
54 1.8953555772177992 50.02042028835703
55 -78.31396896493456 8.14786433856294
56 -46.28848399496101 74.26325538292511
57 -97.73175307577426 -37.8869433269545
58 -21.641212740940688 -78.6906486263241
59 -63.66050614819658 -65.76387634537208
60 69.44659082371132 17.612261882025336
61 59.14409409760509 53.07404357142212
62 -94.83774162720935 51.80165269307358
63 -73.27784874138892 23.800484118666972
64 12.371900729536492 -8.877726701565194
65 13.320127416434843 -85.13684497295249
66 -4.006685830428964 47.61909795513134
67 82.24288983947667 66.25313610590163
68 64.28651452494225 64.99750831135941
69 -44.18740956694447 -82.63404979064725
70 66.05933968940016 -40.99835192016694
71 -88.92385271534722 54.9731040085932
72 -77.61307665297073 -62.682118703208545
73 -89.87021076437892 -84.38794991653684
74 83.2954859483697 49.42464862904603
75 -62.59438731278715 -58.25858815718963
76 68.96250617627246 -27.526194485840705
77 -39.00835292199692 -12.702504084414159
78 65.33674260354644 26.202790681738236
79 61.03363894007998 -4.172858072081965
80 -64.3166985726919 28.040912124417474
81 75.49304512607804 33.16102667108484
EOF
