DIMENSION :81
NODE_COORD_SECTION
1 82.41044072787321 -51.01284349511728
2 -97.98737129956237 46.63056810508775
3 -52.36370885931569 11.500988881664426
4 -35.63269943319807 44.12068960218832
5 -23.694592512344144 82.56160655094877
6 -97.04535280720734 -61.210269519413686
7 -17.733529395380415 -41.784667183161275
8 81.00598505992431 89.0768831627114
9 55.57403698351217 10.344672670737978
10 11.675489044929165 -21.34342197415353
11 28.378976980871613 72.05681926546461
12 -94.10866803926514 -72.71177282477046
13 77.12349159677075 -24.99665926766508
14 16.829501601855526 1.0490445299600708
15 80.35848270853617 20.10688900857845
16 -85.90252447317096 -0.7736421020296405
17 74.35236217718887 62.58483538086665
18 59.19134273815138 -64.8147725500346
19 -47.23787423023773 22.823748428226125
20 73.51684057274392 -0.18394963256118047
21 41.98895224014541 96.57277969902756
22 91.24099200509397 -1.2940617029789934
23 -49.55776823496525 -68.91200214229136
24 -28.53216511163292 87.96678801578551
25 -62.21251976349311 -41.726144085891015
26 -92.29178153505515 98.6918939416177
27 -20.644931410427333 -68.46805720517011
28 -82.659862447004 36.302135745333885
29 -88.76155000005839 99.94134140160648
30 19.732774874944383 68.5817921439473
31 -66.78811879208627 -28.44112084575346
32 18.93385914058878 74.99306179124972
33 -80.55057169941591 67.04168636427895
34 95.29656478676233 19.897491518747515
35 41.12846668974251 45.45853421148399
36 80.14878797192898 33.60155710418755
37 -59.64752486052476 96.07040163848833
38 -61.41596118709278 -62.31738178310382
39 -88.5704585256188 -66.97503813470115
40 17.67999095866473 34.840752718195034
41 43.3944880644234 -95.67648311599031
42 30.9270412938684 98.56073757668756
43 56.76412079386586 32.08314986687404
44 -55.62400339400935 44.15777207700009
45 27.866707631827254 38.03086717832713
46 -94.00958422844221 -59.68054972003334
47 -64.31177668321295 -23.669477096413956
48 -83.08416681071941 29.045588819419464
49 -10.970347254313623 -4.742560040600637
50 81.8545353685291 61.926609380583415
51 -4.128949092639459 -20.100315877551296
52 -4.538824996586783 -68.00982382915406
53 22.189665943115244 -10.020982013831059
54 -77.34888434762712 82.88491492233001
55 54.08102361713267 -99.95142548937513
56 -87.06016755280305 -89.04090523808566
57 -75.11658068602733 73.73843221718477
58 52.408447772559356 -59.16888619373803
59 -1.8922055281886259 59.38431076172438
60 -98.3831835101069 -48.662101101380294
61 7.326565594271344 -18.71141869954191
62 -6.237627803775609 56.28612569955936
63 45.776572016563875 -80.97299229485128
64 74.60928331770171 3.220512575335732
65 -28.717229617962076 -83.37144607333653
66 -45.810763371585224 43.462249630138615
67 46.21097800028386 -55.88025987104282
68 10.001558414771111 47.95985839745907
69 67.50945157631958 -54.160946047828105
70 -67.58293245379483 96.03377950975266
71 -41.499301873288054 53.090993286882366
72 35.21652054462055 -52.11499455593087
73 -8.063590166056272 -86.87660549142966
74 -32.32879957768115 26.77724730478191
75 92.93013388140216 92.0757584100852
76 -40.700438722185005 -16.90894185743244
77 30.733591208107555 46.46030123829024
78 4.410659162425361 -10.01247774032528
79 -50.07560766142707 25.90161506369742
80 50.77141096259433 29.20805665603595
81 14.424301363971239 69.27478938288246
EOF
