DIMENSION :81
NODE_COORD_SECTION
1 95.21148959861239 -34.42393315137382
2 -58.13123913792524 -12.954023959748739
3 -91.29393086396276 -19.94486977321479
4 91.2000663417316 84.53336827460711
5 -85.54666988737583 -66.24244747152063
6 -67.0420038460685 -26.029230425181566
7 -75.30993678276286 69.0861486448608
8 -20.406610773107232 -52.33022611711804
9 5.465422741247323 -80.76887446237421
10 -17.768361360318536 40.2408493128996
11 83.31929583181218 -6.466864363279996
12 10.664688595293342 94.74756790287691
13 33.78840297173332 -66.23749951808524
14 -75.04837647055385 65.83230101764204
15 98.88979550630978 -4.846312147271647
16 -80.1403810812248 42.26577274536018
17 -30.79200441628396 96.07327477036057
18 77.47840103406915 52.036964759632895
19 -64.06151643966803 -98.5113740042113
20 -1.306900967811501 25.013816840089433
21 -30.783010981815224 57.94351796201934
22 0.8018683676914975 -68.63060328985775
23 11.290368792489787 -18.463823095953245
24 66.4161847726248 88.38207733102806
25 -13.438335196197414 -84.56593664050445
26 -92.11666951354593 -66.11747181369805
27 25.26827235720029 -80.25108537989756
28 -28.17784191482741 1.5342036785961142
29 -26.471087039900866 34.13465276799735
30 -50.035268900067045 1.2982386185145458
31 19.72145121506668 62.25965346142638
32 -14.651985100313198 7.847540539674355
33 5.630393192111029 67.3441963525116
34 67.00144392068782 -9.640844777125295
35 -89.47071635138373 -60.75733731455784
36 91.62757655137116 79.02782598999076
37 97.33984911636043 96.08945199397823
38 -62.62518348530257 56.807876677386986
39 -7.763666927927474 -82.68366235055447
40 42.652554571160096 -10.695476307257024
41 -67.46006317713895 69.8882832590223
42 12.040790990733 61.399881430699196
43 -37.525029981787064 85.8936478849885
44 81.69776828672562 -23.887125818997347
45 -17.665251971267466 -22.836159382740973
46 68.27077153970185 89.35639393805678
47 63.831899823428074 -68.61342701717797
48 98.16674522231543 3.6691177350709694
49 -67.11565110502313 24.215829491077855
50 -31.858962269961992 24.66342623983013
51 -9.185282220495509 3.1708183958191256
52 23.514009536492836 95.84494571012482
53 -4.0825135502085885 -48.34479171819477
54 -43.07303255251234 -29.37671841163467
55 59.57486460522071 25.216996723997426
56 -71.59971896459689 54.74758660172316
57 -75.42119693851801 67.20845760541044
58 86.55825662665711 -41.93528481323177
59 -11.956825958262954 -42.70539019756874
60 -68.76320387667766 -68.58834924026135
61 7.266769018879387 23.79778921362781
62 -0.7085481832644405 32.61808493897266
63 84.13422598244341 -40.34502903742783
64 78.27510584844751 65.00907894352295
65 -37.8814082940643 21.80341348191783
66 -43.24399193926585 62.46165002179893
67 89.67586234413517 65.09946388252862
68 5.398471508600537 -43.016590474045735
69 -95.20169006171193 -35.58573476742035
70 49.53013299635731 57.94531292545088
71 -22.280008826669913 12.339237163689205
72 41.77119062306366 96.51457989907303
73 12.244428806014113 -55.026718557537265
74 -27.597345010178316 44.49810731442133
75 50.891019803319296 -55.447336005985925
76 65.50210933578498 -96.27942923373031
77 -44.96678730671708 95.22362613324194
78 0.47720452294524307 -19.774449968564568
79 -61.571857606454806 -72.95314471987353
80 71.47850057421238 7.002110363846924
81 21.013978408081286 73.36198728614275
EOF
