DIMENSION :81
NODE_COORD_SECTION
1 11.953243938970843 -92.345210919732
2 -51.80509976857075 93.39545187978459
3 3.8917449400279764 39.082803842967394
4 -4.963800209279782 -40.54068337075525
5 7.989257906476396 -11.097428960475924
6 -20.884585893188884 -85.48492172532924
7 -5.631204090089014 -27.301066242516896
8 -80.24408403623305 -74.24352640281322
9 -55.16755728838483 -32.08286851293229
10 90.73113654549047 0.6302524794163276
11 55.76728581392217 -54.352068493610496
12 -84.8467681259958 -47.36022203657604
13 -7.873489637151792 17.747295171880623
14 26.833032757471486 13.137979068080028
15 -96.79044693056017 -21.57739263011733
16 -14.89528591983391 -73.45738206506724
17 -41.18327410104536 43.83163232185191
18 93.58513287507603 31.445734279059536
19 93.45534096545373 48.90445373216039
20 -81.93567262130226 -73.62168823627965
21 56.625895228604435 -52.48743708762189
22 24.70037826752906 46.5301482740754
23 -41.18156563054636 -19.72647066759035
24 -33.081818984305826 36.51409985430897
25 75.70077684008788 -76.30642400136588
26 37.88840389062594 -5.697167562704578
27 -72.91812567900655 15.01453981312504
28 -24.810580567189362 82.75535578757203
29 -17.414881687856393 59.04575209707323
30 55.231539745074656 57.689578629441115
31 -37.43206308575908 66.4253684889537
32 47.24944264560253 -54.75367002497238
33 0.6756623530329762 -52.830148147422015
34 -89.85467579713892 16.329187859098
35 -86.48084995638459 89.03427326130284
36 -89.80828041615032 -47.8063549646786
37 83.31723836218313 87.12020517041975
38 13.579688595591392 72.79817763781392
39 0.9466104107456346 59.332052775737765
40 -34.97555643268453 -91.68123130984645
41 -60.306660624156926 81.69669236165561
42 2.1171609584568643 34.26762101085819
43 -65.89819566860774 -91.77460374271055
44 74.83831261800557 -38.05423179199954
45 23.66829890095981 -98.08897087062176
46 -59.37574422564447 -21.501634959889884
47 -12.271753105368475 -3.3823499147574267
48 -12.394377312384194 -35.36943227746225
49 -54.26258763557883 -65.96639626892029
50 -97.88764262131926 -16.919128699863563
51 26.249141522828694 -24.476666738303265
52 -58.73299730516675 27.23794241865744
53 18.241205598724036 -24.37282499790679
54 -2.5356750359278664 -53.17405744479624
55 -89.95267766936692 -77.87748288370229
56 48.76193027734885 26.372523067050054
57 94.00011611506082 -3.026414301942282
58 -22.31694020958672 -17.7874203315981
59 -31.006275455108764 93.16146845665699
60 -89.34058175199414 65.07007917291537
61 -91.47415230058951 -65.70019866851433
62 -18.681694247260495 -92.20078944111822
63 78.38067667614831 87.10569087836649
64 -46.95499381040569 -58.34475157847212
65 -14.034405952830028 31.209567541178103
66 49.727907521062406 19.504539728732667
67 -77.58383417368142 56.45165764588148
68 38.32035032016833 -69.3279135155344
69 18.935482868995763 94.72680692481987
70 82.82982273674878 -30.335687670433373
71 80.43546668074356 61.60352732037191
72 -53.42832131626933 29.793576557021368
73 82.39937210839778 82.35714225081514
74 -41.998939674603484 32.77016231418014
75 20.98620957329564 -92.27900899544909
76 -24.83666225706402 76.61640861561273
77 91.74936013456858 86.57369827213392
78 -15.220103454859029 86.7968669555674
79 -61.05665775226079 55.944606455574075
80 -45.78732194285195 -10.75274133720734
81 -34.755856958894 33.13349604254037
EOF
