DIMENSION :82
NODE_COORD_SECTION
1 61.974941495030805 10.39306435111844
2 -53.67095719921116 30.734946879198702
3 -97.12294958212378 72.58513876694596
4 -18.34742237217671 -83.23253979820643
5 -98.79379227741127 14.01668667648444
6 15.629166068499487 65.24424185652393
7 44.08122695168623 -30.72363327378858
8 -41.727845481441925 -89.53848726530389
9 -34.87778239633444 -7.681793325409345
10 -68.95249460749989 -4.976785510535464
11 -15.54371356842988 -40.93845126233406
12 83.20515417866784 -19.561489893839394
13 -61.32530268614384 90.77898522831893
14 8.135737903047328 -74.6756000177029
15 -21.83532800878325 -69.1776622893698
16 -94.36714939299694 1.751579234187588
17 16.465436208755207 -33.97417170733735
18 8.79244471464358 69.68613700264817
19 4.774799657138999 74.16454412485237
20 48.38266691022244 -89.85662353321537
21 74.45895222615687 0.13551990932214153
22 62.8689983219073 29.58439030737125
23 41.39492508099201 -83.93234374908127
24 78.8809451863429 -8.750071998453407
25 -1.7984540334647505 4.355879842382933
26 84.7583563800186 3.5401674074873313
27 -66.10858570724041 -82.34602120173804
28 98.91678649513906 1.213167184642927
29 -84.79709454653586 -83.85044699411938
30 -4.877017827808544 92.08870682693438
31 -60.15221649521087 59.9836630992088
32 88.3731666892109 10.108376418808902
33 -70.86338494444458 43.46681012468687
34 -92.08178288018874 -84.98321387183304
35 65.92068598708059 97.78184605815338
36 88.08160018970656 -90.40712671478599
37 3.5157022593681404 60.15362789428062
38 92.86728242432031 7.274307887840976
39 -27.75087091257666 10.004181405111254
40 -43.04343804913224 -23.81790950572477
41 92.4995713045196 6.4012282430593785
42 -26.455787155251585 -90.03353737820674
43 66.57316945224429 26.147005814714163
44 88.56597098982266 -68.4406301012209
45 66.48853038614001 -1.8565999029490428
46 71.22093099241042 -77.1672852405979
47 60.718323328161205 57.20836531537185
48 -77.70605874455399 -8.6742829580716
49 30.162149677193383 -0.6921705557194571
50 54.63475173562179 -65.38115340845513
51 -87.89804360861817 10.206184782796711
52 -65.747919139031 43.59569193241313
53 80.6177328717279 60.827658280640804
54 -94.16747341392903 -2.2516713560187185
55 -77.0821174656376 -84.84018660680266
56 43.09556780590074 -51.15420274193683
57 3.2651260905337125 80.31957721067434
58 62.24771616958296 -36.30075605020262
59 19.655455428375674 43.441194557666904
60 15.900251919505237 2.421535259834016
61 53.1341364194588 -13.66536198755432
62 45.166611083725996 -54.50696681737759
63 85.60937186058888 46.40192748574253
64 -90.7429217933788 51.10939463990272
65 19.2507824317439 -98.91188670834632
66 -65.26003608697829 23.701304515531874
67 69.03643341139929 -6.817559412544583
68 30.73999937168196 5.180050484334657
69 19.73865641520827 85.57456718241988
70 -98.30370408242202 62.37698857839331
71 39.61556742701376 36.60953939150008
72 -44.096296005838845 -62.69100761950159
73 -74.69837189377175 -79.02555217137373
74 55.913080071144066 -48.68400553828312
75 15.867283817562878 86.08862816499592
76 -14.032634615795175 9.780844338179676
77 -41.2558556806343 30.258456500321188
78 -77.99786301990301 41.05574995778042
79 36.18887310608429 -83.60325278693557
80 81.34068841784324 -78.61637105252527
81 68.18537662633017 93.8958714587325
82 -97.93461871563413 -12.983228443722709
EOF
