DIMENSION :82
NODE_COORD_SECTION
1 70.79334626055885 -67.9702643199042
2 47.09723842131015 10.336815423663666
3 86.73302380517907 31.808663607332733
4 17.314031616790658 -32.553417189113134
5 35.104451705842365 47.093091368454054
6 -65.63688987928009 -64.84370001315969
7 -53.277159340348334 -54.97485313436237
8 -64.45332158734672 60.43863550820981
9 66.42658197730361 -29.587852227891005
10 51.08060747725119 4.814858573714915
11 -29.913008225041878 -35.877026170279464
12 -81.97992852547497 43.65842660568077
13 -3.9004614067823127 -25.19942347799386
14 -18.466453639560186 -51.10666389753771
15 24.05321781986325 -99.84847845634197
16 -80.94626368101422 38.71158498373876
17 -40.74896299887316 21.612647183319453
18 -85.56445727413113 96.09804658233779
19 -11.01862909895759 54.98396349428691
20 -17.89718543300205 -92.63486885934694
21 -35.08363621801142 -70.34407678423852
22 -4.732931557531202 -47.43627031937066
23 -64.25984386464971 -69.65164641969002
24 7.6530100475472125 91.55090371859902
25 -94.91370866651114 87.81731461518513
26 74.76730381882854 -67.34103988215992
27 -77.90976473545507 -11.22475468043777
28 78.59840272910475 -54.675495740860256
29 25.339420602346422 90.30882516496996
30 38.737054442155994 83.70021091517498
31 -44.2700890614621 -29.63194355452697
32 53.25848489181186 -74.8139281466897
33 -70.2847367485929 -76.56090544783575
34 -45.69108573815102 95.9809153146114
35 -78.34032041635922 -80.69756848793091
36 -13.809430937676126 55.16914943260957
37 42.48431280750853 -17.182862648131405
38 -82.15902319601423 -60.47834760029429
39 -78.47815385009511 -76.03913518738278
40 -13.04615387170746 -66.8961881949347
41 99.47131931836691 49.894425328432504
42 -60.40964159491706 -81.05216150968172
43 -77.42846515237622 24.608822820207337
44 -23.01859442291982 -5.539574038845913
45 91.5880423964395 6.751606278472707
46 50.32270273109512 -12.098934269313617
47 63.9352519141932 -7.481376014973691
48 54.71635471465396 0.18016756014222324
49 -66.76827749001077 -81.96389429793555
50 65.0140273275519 14.390411829498959
51 17.81333303128136 -65.5526834132615
52 29.16838308192402 -35.101349289416035
53 -21.79446801174052 -41.04315358741366
54 88.80106209529711 -61.51010037569458
55 53.28245974571024 -73.62517411223047
56 -67.95301805983596 -8.031161831089491
57 -44.18274098796924 -81.75762739529503
58 -99.663605755874 13.788464701583408
59 -99.6454567586692 -69.59141106583317
60 -31.37242883453814 -68.31045414352054
61 -50.1875780185256 54.968576238076594
62 -2.295342464363671 -26.00146327089223
63 -38.05181485273372 98.760940799253
64 17.506780676742125 29.145749052152127
65 92.79816737035432 -61.8376922140955
66 -57.94403139111948 16.129624024383986
67 71.42902118038717 18.705522770809992
68 39.40315810881833 -21.933045013062454
69 98.81408736373186 -51.912875659775096
70 84.11294803791438 -58.366940830147016
71 43.37512005448906 -97.5810699165901
72 5.159512602112741 47.10989539136972
73 6.706288036482633 -31.882583110074663
74 8.707476760765246 46.92419238061788
75 -84.77624313491768 -24.386125833020728
76 3.1032006931724254 -5.028212669120208
77 -43.039073673833286 46.10714741162653
78 82.5035359597286 4.688281332482774
79 27.455779575863787 -31.129927457135892
80 35.920532885181814 -59.25959157075085
81 74.653467581407 54.15949868419224
82 -59.93770555643969 27.376312001990556
EOF
