DIMENSION :82
NODE_COORD_SECTION
1 75.48990124968071 96.57215659490498
2 -80.78164772548746 -31.7272002760365
3 -54.016056563245904 -27.196246195430703
4 1.595390711463466 -23.526999945853476
5 -93.4388095756429 -76.78874516014993
6 68.06396978062682 95.84146770013814
7 72.09167145978489 -10.98165178096464
8 20.017924638398483 -66.96085547266908
9 80.86141288243354 -4.0795508975125045
10 66.16340304646661 -43.3636645827955
11 -6.369443955048752 31.51006457230355
12 48.74803729044771 -14.641378745035993
13 56.452837177198774 46.645765739789425
14 79.26982132518373 39.769084815123875
15 21.281019157211816 -43.52127398724592
16 -38.22759600949537 -88.28578442234996
17 -93.1404256604268 -93.10989762305577
18 35.93504030516536 86.52501875131503
19 52.1323102212759 93.38144586957026
20 -92.48300726984363 64.87877320940106
21 65.36937635054107 71.99944843612482
22 50.31780548053729 74.39108419644464
23 4.444491150573754 85.66539784366663
24 61.66632817714853 35.42181714108614
25 37.16989218549901 -55.68124396278069
26 32.55308144039071 51.24264362549886
27 -74.67695353116008 43.57333503370643
28 53.8719076087188 29.627990433795645
29 -48.024322084840556 -15.876328205912273
30 -78.16134582155172 -88.90485429067981
31 -31.037665084794156 -37.07188660321423
32 28.506004719470013 -21.566461035289166
33 79.80214484387923 47.23441826100631
34 27.395229100188942 52.827002128927916
35 93.1141145699178 13.802470027954499
36 -50.38282451645073 43.78715324125503
37 82.54275260086507 38.21802810228206
38 12.456360141352604 -86.72008748511001
39 -28.56254227064315 -47.01971049359066
40 10.243631984346308 38.841325231588314
41 24.005665437796736 58.08522421004761
42 -93.55562669666497 16.142877278838938
43 69.38622051225099 -35.884336173173665
44 56.24081180252327 -71.61942938033967
45 11.06614437564886 75.38818311589
46 -19.51139637188281 28.02613586905153
47 81.29039385656918 79.49590912820975
48 -15.220680693598382 25.892679883463643
49 -11.409116976560526 -0.37459511413442215
50 -28.557850848626316 -36.868671668286666
51 -23.712479739502854 -12.685129929301155
52 -72.3304261139015 -46.31069460866486
53 60.79060292505375 85.85998793931574
54 -10.446564475568863 -72.07593444427616
55 -49.23949558289949 78.36271530584534
56 79.66932210392966 82.48211198994068
57 -38.34290311463862 49.45751856999027
58 94.94876951174717 47.21521055301153
59 34.93796484317241 36.03848187511224
60 81.93034433212227 16.820749104958793
61 -52.85901006182401 -80.15015172208052
62 -21.91776385065873 63.05709936558185
63 -48.68652299638734 -76.40836692313152
64 -79.25944691651026 -57.20113860271447
65 31.726512205520464 -87.76903279957482
66 29.30907455748104 -52.13906310395744
67 72.53989526497094 -27.501131734879976
68 -48.2822474886482 -95.56553992923034
69 -57.94057036889235 46.091319766402364
70 -67.26111429706086 -76.85833669194548
71 -23.54497777688509 -74.11756429079279
72 -90.3886677197267 -74.86917431929939
73 10.284523695048591 89.49669188610642
74 -30.475152662740584 -74.70351393968302
75 -54.105111265422856 40.8761914480572
76 13.868059485660893 -59.375757812683695
77 79.74872287933044 58.01799642906863
78 65.74521639065733 9.823368750187385
79 10.95086104247794 -96.15432536026951
80 -69.88161959541017 -40.175208781917874
81 -54.27374536066611 -52.78180491914839
82 70.03338196484526 35.38569716251871
EOF
