DIMENSION :82
NODE_COORD_SECTION
1 -44.31188439949598 46.963552311013956
2 99.07667785293296 13.22631494947251
3 -9.482256545062356 -86.02540718644502
4 -73.94084912882838 79.06353909997591
5 37.7393842150623 -48.57605494744528
6 -65.9814017585351 -89.62674153955538
7 57.65876095344876 -9.451178966778585
8 -79.49176297286698 -55.036790903259856
9 -32.527703689936246 -17.81433078506673
10 30.267661772044278 71.93354097176191
11 -62.40643913963944 -5.797475892605888
12 99.9544237855267 28.888364395059966
13 -51.98212405610971 10.694705159783851
14 -97.81307621619686 63.64568288439739
15 32.734143270013675 -22.982642010261586
16 -55.26045760242073 76.8823934190307
17 16.169489647209673 -87.73263851230826
18 22.332810485053628 30.31522615975163
19 -97.12109493373052 -80.38378548141432
20 -58.68736811457338 -95.56752022700006
21 20.168525370476615 -35.065378876278984
22 -58.38554666576299 -79.54441810349668
23 -66.93206358350155 -34.56156253311802
24 -74.24038023573851 -96.87661875592981
25 52.04328574379747 32.62485642425855
26 71.2328104806954 -45.94365617922791
27 -63.930395151216416 47.556605541830976
28 -49.55902430794546 29.871777371992266
29 -42.84262947288728 -88.40882625237205
30 -88.44416904202504 -25.11476406888704
31 37.15477070816465 11.940997117834769
32 -16.106572780918185 45.14744956793058
33 -6.376205928612208 68.98963675505752
34 -36.914099813965315 -21.26995194068084
35 38.81484740258651 -8.921864646542915
36 4.152182202185756 16.5875048644575
37 -35.7589692876209 52.51462441410763
38 4.675815024489253 -41.01325005970573
39 -86.92005258363508 31.84952698589646
40 95.64976642751253 -45.590061429303994
41 -6.392672205018556 99.99755061939985
42 74.14956120593081 61.00003175372575
43 -80.90660246270858 31.576932358932964
44 9.847749643298926 95.03273648415527
45 -26.930519260159684 -72.12474942341487
46 -63.51589586144504 86.56257348952988
47 93.59882404205453 86.1403917365449
48 99.75769355398575 -0.6951746557768814
49 -53.837698928242304 -72.56582109199337
50 74.7084673972521 39.97919722248466
51 -88.00390424355227 4.075236679682391
52 -11.492555524497178 81.75506174804758
53 -42.804895558089704 47.736827444007304
54 88.676379927847 57.10227766371068
55 -32.377619130661756 -9.445627366844732
56 -17.890870465023482 37.26555480272637
57 -64.35861749181697 94.13643762287936
58 36.86865750517097 -91.2554691982546
59 -33.08547057905584 -44.837934029529514
60 86.58505511062714 81.57555296767117
61 38.987966334127094 21.286384170967935
62 -93.61834241582176 -80.12444846947716
63 -11.89092242247041 -52.63453945118457
64 -60.39226026476305 -27.977873713926996
65 -73.30009075416113 49.55044654695715
66 46.25799543653258 -3.9917486305573533
67 1.1360602810917158 73.59014195864145
68 16.810400858361433 24.923959395954554
69 87.95734167297229 83.7201674980326
70 49.31581749850861 98.18149713738245
71 96.36295967858709 99.80590746481835
72 -77.07594532502466 -3.985589476187215
73 -4.179451735077009 -37.054361108413445
74 17.63283919414276 -42.054792515917505
75 -80.15500768945105 -6.470926765140803
76 27.897573747699923 -59.66982281668764
77 -89.52048764218412 -79.21411712227886
78 -3.1585642911013707 73.75411724367316
79 62.737980507256594 -90.8524739749814
80 -41.84314582027822 17.961743153542926
81 4.244194474612129 84.28511937238432
82 14.390997448129326 80.17651270737343
EOF
