DIMENSION :82
NODE_COORD_SECTION
1 -41.08062002675907 -73.29618124404112
2 -69.50196895794946 -4.532411227698191
3 26.41533484178464 -95.60856564604008
4 87.11833780256887 68.92719945835805
5 40.31285645985682 34.67026178977872
6 63.5568535993323 63.31217553309742
7 -17.940427859826144 35.69531053543972
8 -12.954910192046441 52.81805456718092
9 -63.93179848307435 33.47126956707399
10 -80.55963733625578 89.04484679396813
11 -71.3392049641393 35.716134421626464
12 91.30372252635021 -93.86596149515675
13 -94.33558709390806 -88.11728030090225
14 46.71488529531672 -59.88906187516265
15 67.29234034609874 -60.96347522825165
16 -4.709688557506112 -55.505835540887084
17 54.92135114853582 50.82750906491768
18 -90.52804065183511 -47.601894726506245
19 -58.39773696671562 35.58238620768188
20 28.006009117131327 -65.23181921376637
21 16.617455067392584 69.5831440817609
22 30.6322150867166 35.05297518265732
23 -25.87438057846036 -57.11356233190414
24 34.35626574043317 -77.46886400865557
25 -83.08933124456428 -62.42223061979373
26 -71.72099627824005 -0.3247943559806714
27 -31.52190528594474 -47.856765855326074
28 11.807958631118481 -76.65148837563521
29 50.218860806442734 -69.31922090237862
30 30.17813584738016 -44.70474703900567
31 -74.9127320569292 -48.03802768227856
32 -88.43926854998634 44.29817813212884
33 -64.78403923069267 60.89431370060845
34 1.6398074026184872 60.54205534978064
35 -31.88231694032757 83.72324628376674
36 -35.611334172108286 52.1354085909839
37 74.60004150925329 58.35191618995759
38 -28.12085382561891 -25.593052158255176
39 31.24603568656258 -67.5538800116158
40 -58.69131398590726 54.5072068507539
41 -8.710321766541824 34.53052393900225
42 -5.968506281666691 -2.9900208361761145
43 -0.05729168402474727 -92.92833085419569
44 9.231814775424098 10.62220438579206
45 -36.29527505140926 5.582119192707211
46 -76.02125902463408 -58.225043209226946
47 57.91590238113028 -85.9307435594739
48 91.75364985940246 37.7823928148359
49 -67.21216834300984 -95.30873932801691
50 -46.85705578092163 30.419395116301217
51 35.37460743398074 78.27187607677945
52 95.24018968214864 -69.81711768960355
53 -96.57703624160396 -37.63528946791834
54 80.40348745780062 -47.83431749389029
55 6.766681189621181 -85.15332499113958
56 10.365352223024104 -43.61398008538045
57 12.907114343623107 -16.440512101957722
58 58.29399259462494 78.57968539324324
59 35.6482791799946 6.3070331117865805
60 -50.743590336365244 51.87603861084216
61 89.1314633965089 -99.44448892802022
62 -1.3646715944117602 75.44303812354354
63 14.340858603433588 88.47237966075326
64 28.40356503411803 -26.89944522349657
65 -28.87166000658263 30.479134303209747
66 72.76084662378614 3.065359063356695
67 -3.96793187163604 99.28201065966434
68 57.48994257817063 29.405089336982655
69 -85.35992984672684 -83.61617384737926
70 -8.509829142414404 46.442705752277135
71 66.9766901231772 -5.630842597092169
72 44.29825535263615 59.266964518694124
73 55.36610368031248 80.79419252427704
74 0.007793290587017054 66.66842169622876
75 56.453978363039056 -16.698430679465417
76 -24.149642301883816 -32.765291692356556
77 -47.45541241085584 70.61967633227982
78 -27.197330709063678 15.002689073782221
79 32.13754725482684 90.3948540404291
80 -14.064031551833267 -12.020682978340247
81 85.52467067582992 22.344087702039218
82 43.82513193286306 -98.99296319144379
EOF
