DIMENSION :82
NODE_COORD_SECTION
1 -45.600871547958135 70.97567959086547
2 -79.30483328571192 85.44944384823003
3 -43.84545250129162 29.226827463314322
4 -58.93461218450551 -52.04587546121526
5 -58.89288566625843 38.32408012718972
6 31.98979907856713 -51.01553242907073
7 -82.65640589008677 -13.289944063850683
8 -82.76803367326883 28.863195233717533
9 -40.42638293244627 81.09320820016649
10 -23.231089773706643 98.91001468390513
11 70.91458080786825 -9.248045834541685
12 4.756476805045963 -93.38437557378971
13 59.20083839100133 99.01594863538554
14 -5.368117641227769 21.41151827543814
15 0.9433861466766018 43.302695686707125
16 -75.81332631745752 -58.34805104402601
17 -64.20721562521922 -53.62326910069293
18 48.7949615022041 35.338605613881555
19 85.3347654066707 -5.962312702375442
20 27.58329248978093 70.28262805006585
21 -77.72571309304767 98.2325705299273
22 -94.81996342676689 63.812495627356924
23 29.540660276882505 99.62672130352044
24 -49.216095086396905 87.80059719941829
25 83.57264440241121 -90.04311293718588
26 16.642560032684145 -98.30478433902555
27 72.01921798371714 -27.97100156298302
28 19.634010972606802 54.40870578274635
29 13.318098128535908 24.01227358581903
30 -27.505070477338748 -4.673118623509382
31 -15.909209726564598 -5.279740457093652
32 95.34170595936538 -34.63160407589996
33 -19.980594013548142 -72.14139460268088
34 -76.51851328553431 0.9373052659994698
35 36.84714167785836 -64.24165765005714
36 -5.887879527369051 76.775781139826
37 -79.62923260828958 -83.09744885741333
38 42.36144233169421 38.13814933236375
39 -42.229846137823145 -63.40668947680044
40 66.2178832717664 -71.62853114983965
41 27.346335761846888 -33.60507692302825
42 -69.74402850717318 4.901912739956089
43 -50.283775808159945 -94.47149142829932
44 -30.338115747201357 -45.20973406029203
45 -69.2613994331765 66.18198198455951
46 -71.08431448034779 -29.566034481931624
47 94.92266170868396 -5.261278902601958
48 -76.41143507340338 26.657112932145367
49 -82.20316180308089 22.217012701582476
50 -50.93519070754071 -87.65605554746651
51 -83.30770793568128 89.75172290497747
52 -23.400002692710828 -87.06454698137162
53 91.62193893604464 -21.26159054711347
54 74.97823006520733 -85.47735672823703
55 -78.58746265196781 90.29944465216323
56 75.13300988386479 -94.06571535230594
57 14.973810785162271 -34.979506926583866
58 55.447736390790624 -7.869213721565018
59 -6.434765488706404 11.445027148961472
60 -32.9464424919246 -99.61983796933379
61 37.14763911158167 20.60336339801043
62 41.29363542135201 -39.894163095454616
63 -33.616623630271974 -16.107991642980195
64 25.62468774890118 67.96038481977382
65 -48.42475391782193 -97.09202836142772
66 -20.421937236587667 11.5931185823475
67 -59.188849356646124 82.38187894464173
68 -70.99576650852606 -81.25636315735679
69 81.80778564293857 31.142732423180064
70 -75.32382535711307 -77.29248287193305
71 -24.576614979967374 -38.91373316009024
72 -19.571420139632977 -9.115716142065125
73 -56.463944744216036 -29.59215309484145
74 -23.63846791059234 50.03198987685252
75 19.960760291877676 -75.09998803056999
76 -95.76128875892816 60.01667515240422
77 80.30464972426009 9.903687909117266
78 5.061859444440401 -62.740841783569465
79 15.13695766410028 -84.45863370682132
80 2.904756839466444 9.745565066842062
81 -79.42380489432175 39.1493663679089
82 -25.558517567730817 -2.6178314752118865
EOF
