DIMENSION :82
NODE_COORD_SECTION
1 -44.61260352516585 -52.95245162632458
2 60.92177003490292 -57.14319881933076
3 36.745305972217324 -27.77260256621328
4 24.728056740800227 24.646778042278868
5 -10.029227024871119 -32.24049888562659
6 -1.104621515580817 58.092282375613934
7 60.600416354473225 46.63973097475338
8 -84.55456239608357 43.40803513386638
9 -9.425613183025987 -31.889923213665398
10 92.54349939560228 -21.95436522163061
11 42.110613121783615 50.07474963699204
12 10.922139316759896 -86.58595166711396
13 -54.723063408213136 -63.70522433494234
14 74.95555594597832 -94.51927583287272
15 37.504467771987095 87.04392585608244
16 -1.7900234826345098 -5.950464011309364
17 26.76223323302287 -73.05209542338085
18 -17.60293190487839 1.1757013865902195
19 -45.16047937905583 80.01779983373007
20 69.00902707228508 -73.90802276580501
21 63.15912548106229 49.42783395302607
22 -65.48464007975699 32.184460696835686
23 -29.228883311277684 58.37651002690606
24 -27.146885491850938 -29.02962950857328
25 62.653325806656625 -41.59061925753651
26 -36.95618179737177 68.69428119473028
27 56.17135948392732 -67.12941106679656
28 -44.878096490337846 13.073317564312532
29 -35.472502647434084 -24.310420147933968
30 24.160975093971075 20.885908211322217
31 -91.74564115605814 9.49825145977951
32 40.035962151877555 -58.48731536580751
33 39.28580822599952 22.113062842416298
34 -20.339460574907946 57.20232935346732
35 36.86414642921844 -53.29453648704092
36 -31.209063336605254 -22.250961425566246
37 10.519190021853888 -11.476659175930621
38 -17.91120001218478 -4.5675023772321595
39 2.581370954395396 -90.18502809773167
40 -47.01282996341649 -34.514784302118784
41 21.16760078667528 24.646205804958086
42 -50.99448805855125 8.016233928337527
43 54.30515718519547 -73.40936763019434
44 53.510941573917535 89.23414237736134
45 16.83548310974136 74.81149230468202
46 61.524601757790975 32.976574837517546
47 63.96624823445603 97.84321236837201
48 45.023663156869134 -62.032742797603206
49 -31.18330182031994 39.4195043816182
50 72.2908599706362 -68.11417082650502
51 -93.97221014572305 -33.016037814101736
52 76.21520783633201 80.24974500943102
53 9.485208449405974 -8.941708225672556
54 58.04897949544363 86.2715392684911
55 79.4299522535569 2.4321772331924905
56 85.97765139672714 -32.731158448362805
57 2.707689910013201 -75.82193310785028
58 -98.03892250729471 -26.131328423768167
59 19.634642339659877 -3.2169712987321333
60 -14.34432449155156 30.161426596191347
61 -78.06559228883486 -32.77098956854472
62 40.82903618893454 -83.87577201798064
63 -1.5734429522212139 36.64188689538918
64 67.529881828365 88.04722232961265
65 58.62454059896896 36.16867241582622
66 62.37786172357187 38.36055334028532
67 -40.87313507059105 -52.968592998481576
68 -50.310723906150216 33.173780586380076
69 -66.33776722542117 -41.75471054767481
70 -12.243667639263549 -65.99642620868784
71 84.87569960827295 -35.722384996656714
72 17.449140277612017 9.579556409918581
73 34.41963464043732 -55.03677648799046
74 -75.58882165251228 -25.71773626125558
75 -52.36023431384531 41.28123519336165
76 -28.529419838989668 -48.318729167326005
77 -49.87687687945144 -56.86324489000321
78 24.491063267409203 54.80549110295837
79 -64.39869521802294 39.08055213050267
80 -57.26200529467014 -0.8081262045856192
81 -71.82094608122452 42.93852709032302
82 -66.06342808172423 20.422620688297854
EOF
