DIMENSION :82
NODE_COORD_SECTION
1 -89.24423186889621 86.2953570286526
2 98.89826130475291 84.12632171052485
3 -16.912135420607427 28.33706907301942
4 57.70216896867413 23.268654053151792
5 36.62878575655958 -10.255622808921515
6 31.753372482741355 -2.2791959047122816
7 -10.607474931991618 -84.19300614243019
8 24.359134106857056 45.06828851113107
9 15.936590422859823 33.61781728787858
10 -52.92920779355852 60.440233716417566
11 91.04198385513439 46.72609836030884
12 -42.1465188178999 -93.61328155339694
13 0.2978032798082353 30.6567277272853
14 7.484414775927291 51.689241878771384
15 -42.48636752761006 -75.65430347681266
16 -97.44030665929169 -27.857339242576188
17 76.1092688633766 71.33085563654069
18 -33.658485095695355 -4.238973390355312
19 30.108103059460433 54.5761046023388
20 32.77888661091194 55.5237032728069
21 -89.91312399546084 90.09631424444808
22 44.38674079445863 -75.30765398159234
23 -69.58880457811674 97.08923386771735
24 -58.73022791970695 -47.10671519951124
25 76.31269924357616 46.069738514516416
26 26.429013972905736 95.57400473983773
27 -7.15967230847896 -98.4591114704022
28 -28.409430676698605 -64.89366631718883
29 12.444774743347438 22.02522956693278
30 88.14760684714949 28.723222612383125
31 -6.068332996555355 57.81891087016007
32 29.408267587540934 86.63985603782015
33 2.745682388950698 -4.379736977330694
34 -86.80638096594988 -16.875968891394038
35 1.024261260780122 39.223435512728656
36 -42.0685766236881 33.94473580421655
37 35.58626743877505 86.75688913993318
38 -89.25689296567072 -64.45801018850892
39 -87.00262540515791 67.48555126908272
40 12.62268082971731 54.42494686917382
41 33.080660003318684 -65.0155837324562
42 -6.341847624286771 -20.28051084672488
43 -84.28270158172471 78.53060716543294
44 20.347398747029914 7.450461749600464
45 0.5089510487559892 -89.15015560931525
46 27.412055744610825 -87.94215322613638
47 -75.15009524647965 17.892340388075183
48 58.11453936019052 -21.18985497728643
49 93.18365786964867 -84.89768967092779
50 -90.06504436012568 20.19248010676735
51 -61.304862261596504 -55.31581655127713
52 -63.43395078082699 -19.98924644615623
53 48.416342198134544 -30.342193107360686
54 92.53611122260335 -59.13258827654213
55 73.69977108592656 73.03393278087626
56 23.37111230662113 93.82846135744077
57 80.24052432480156 54.23035261815889
58 2.0591046821731 -96.48470979370624
59 -94.6954158133099 -70.11194886938794
60 -8.318662640628986 -92.48095842998787
61 -15.452762972929307 92.53597124945222
62 74.42616255931173 -74.05069621967743
63 -13.217675135838775 58.091829166518636
64 -71.19666747004585 -74.90703607145994
65 52.28939993319878 41.97565609448989
66 -40.27205179604463 -21.426921422972683
67 68.72258017877994 -56.348284074936416
68 90.24472191511427 -99.93825562098284
69 38.41130298342861 90.70356070285925
70 -90.98505118721579 -16.485029947239155
71 -8.1800841594645 96.08597944112543
72 34.29000195013657 80.06166662784682
73 84.15943177046069 15.986738518399974
74 2.9468315759094423 -34.90715311448287
75 75.6214756614639 60.77003549218284
76 -77.73756326271413 4.7612614345808595
77 -59.56908999027022 7.762608875489178
78 -67.54407334971458 -81.98423753826181
79 75.89028984898926 -7.817362901668275
80 19.628210003102396 -51.541323130214444
81 89.815748708293 -88.69956823935718
82 91.58112059223376 9.728632648315298
EOF
