DIMENSION :82
NODE_COORD_SECTION
1 92.05146854684654 -33.160459107542465
2 -8.931442047602033 56.989823609518965
3 -1.0988701152829776 97.77605202459932
4 62.655654264884674 -7.5116466339770085
5 74.27046422446872 92.02164726548898
6 -48.750071703761975 -11.474629022950083
7 9.6065227962725 -63.08062933125926
8 44.00666359626075 -31.88131843327382
9 -44.26976138661636 19.56281056560458
10 -58.98188817422696 93.40867531218711
11 -53.32726103339478 -61.94118276662917
12 57.996250163503646 2.722646870808717
13 63.52418965126378 46.236962219216224
14 64.39351304883894 89.81685714894775
15 2.0464455833210735 28.808810630920163
16 70.41973812609709 -8.46218341162303
17 77.52721681417108 -74.73068514494419
18 -88.23484809772826 62.05834354716001
19 51.33016385580257 -26.62836599324268
20 -2.559261430685879 -44.992079952846645
21 95.82178417824153 26.795670411097788
22 -16.00100570974685 -90.76896884588848
23 -72.16741618610544 -83.33016007624397
24 18.499499456992538 -60.42882407936572
25 35.536572997460325 -27.105506345887036
26 52.93541387316344 70.99230365458376
27 -0.3903577098943032 -1.2454401579796723
28 -25.56145505084433 22.51354139471941
29 -33.245982325537554 -98.90197838740823
30 18.43208662072196 -53.15293597231812
31 -27.847475775661152 -81.60408275853823
32 -63.99811489083746 -37.70687855021044
33 27.142879675436077 -39.71143009975968
34 72.10851906035671 75.36014542972066
35 89.37893294962026 -25.238133330498272
36 77.86397048176758 85.74210543025458
37 14.972220321289115 92.8864181894966
38 27.948528125860506 -10.300767190630353
39 -44.41619699111408 -33.908388132007204
40 43.34468895805102 53.5522829140335
41 8.162949357898299 7.235377697741143
42 -70.08316371562756 -84.08535433672704
43 51.00573708630145 -25.730073248251557
44 34.9666643452187 -4.54940304892844
45 7.033225300982309 94.09238867297901
46 96.74611325778685 -69.63785764944659
47 63.665440440954114 -85.79138267060623
48 -83.98892491892151 -43.52917308350883
49 48.39394257294671 91.12739826316317
50 14.050638447441855 42.67509488429985
51 10.132337568845855 -23.05868130117574
52 58.228274862934 45.72775324923785
53 88.65059483828733 -50.66029566672066
54 -66.07708015146224 -79.30782475306168
55 -32.12428846374911 -54.662017072841486
56 -79.14057680011092 -70.90002470202785
57 3.56770038106842 5.297067768426004
58 92.16944207302095 23.746894697004905
59 91.85651941792813 11.34518191201461
60 -3.874578930650287 -42.77227886597728
61 -97.64789871719674 13.103839921770998
62 -96.65817288668006 -39.27480477125014
63 38.01620491174313 -26.341402574726814
64 6.339385018690805 70.23178330024993
65 3.7113505564603884 40.00432578923201
66 -56.28033161748001 -60.70263538336695
67 -33.681268401353265 -55.26616713303034
68 87.79887591671945 70.55995362830507
69 -28.456559119605785 79.52764894127114
70 -17.598736451165593 22.73050847881106
71 -53.99792403682127 -53.95808255963732
72 -53.38579638724623 -94.63286867373026
73 57.914147202451744 86.08039988841259
74 -29.341500750621847 -39.31215665890424
75 35.69547665913399 20.475623864776125
76 21.62898645504609 49.83534782905855
77 50.978199605151616 -15.106739104816612
78 -50.28780782274389 10.421066487225787
79 -38.94139686036353 -59.18703115285424
80 -60.41073244514066 -67.1599788056314
81 75.50056913299957 61.22788146850573
82 87.08401594733436 14.762008462402719
EOF
