DIMENSION :82
NODE_COORD_SECTION
1 -54.511983585972715 54.612572504185636
2 -96.14561023588031 83.03926232941566
3 -25.635005666838495 14.503227446441215
4 54.77200091408878 -8.511232362627027
5 97.37557429749626 -20.396177176153458
6 -49.01939219758012 -68.11828755930568
7 -65.88498197188055 58.875319163295245
8 -11.33476059935748 -95.61067412067872
9 2.8345277394915485 -39.797642480047536
10 -14.148502954479454 -11.056129054494932
11 18.876800637247896 8.700026799674959
12 -42.57374347985954 62.84241389056399
13 96.32608675590865 31.5422517617167
14 -29.658850203333785 5.615122385924764
15 -90.60268802525341 -52.47402420328846
16 -80.39435673092686 7.985300705015618
17 58.5655521374409 -10.375757332951622
18 19.777833970429185 82.4128065982203
19 56.163641138944996 10.070458941285509
20 42.01287357136053 84.62621726625434
21 97.15221001026651 70.05511767797998
22 43.330379350122286 98.71339941761786
23 -87.0068774807242 99.9053403172079
24 -67.38631373984776 -87.24588536506275
25 -79.96625605417411 30.656682155012476
26 96.95561483994805 -82.35763851538833
27 -31.463930613003626 44.21567568146517
28 72.31661041732886 98.66020971564035
29 74.46134487526984 66.85063592323161
30 84.06306546593572 57.528973151001935
31 -26.652683440605472 -60.462614668624546
32 5.804911742626189 2.0776189924484925
33 -25.908195882653672 38.72555215742432
34 89.05321995267184 -28.667671802470068
35 10.182929344347897 92.38014342009166
36 -98.42977653179878 25.745298061176342
37 -13.107181050862323 -61.30773401269216
38 78.88552845604403 -74.55522693113943
39 -94.8218136223433 8.641782533395954
40 -58.69596332745006 -56.19744980535872
41 6.50777963713864 -21.366129319551575
42 -42.167497626235594 -80.72095072559983
43 -72.4367900487024 -64.27954353862438
44 48.803386525285106 35.420344080611585
45 -20.2637251913317 -74.54341442938572
46 10.576044521453468 -62.954635434061565
47 -24.42757255905991 -88.7691951563719
48 -81.4530415094837 40.07572632059319
49 -87.21342038924308 -36.052215513776176
50 18.802344343148533 73.124663951647
51 96.20412269193176 -77.76963290806613
52 -45.9021965011553 0.8755017738520792
53 -71.04365285477547 15.847375830943804
54 -13.548451599596149 -77.5556574512982
55 36.48635186917758 28.862514601018916
56 -23.510978283718657 -87.66447455063533
57 0.3977780579045316 94.03881562051711
58 58.77847375362077 77.26263408115787
59 -26.0945456820874 -43.67789754225433
60 12.74856666719883 -60.978216499558144
61 26.62354688525754 -79.23399129713138
62 70.3805878908206 21.767978120105
63 23.65338078672987 -90.94982030518817
64 -75.28051089351031 21.459557850886554
65 -17.590366623540547 88.78233327196924
66 7.349539208775695 -34.10047910342155
67 -29.649827622125272 11.06389820453495
68 88.33180965094425 -64.28310775943379
69 -92.2485538273152 94.33804539262204
70 -81.29751594654671 9.795116859246605
71 -78.10226341975493 26.327963829150832
72 -16.517670865791217 -76.93135621155312
73 -37.470632309839736 20.91230907746406
74 62.24941236830077 80.27297835676876
75 33.121261200689645 63.07381295657086
76 4.678573145917198 56.14732146969314
77 18.540064375342084 -97.40389881723308
78 -79.94720306651853 -69.24670259652264
79 96.85443788101773 15.972823865355522
80 52.603184189705075 -42.01298204337751
81 -88.45027454853751 46.03227689746464
82 -31.36424218622294 -53.97396093765716
EOF
