DIMENSION :83
NODE_COORD_SECTION
1 -9.879707207393864 26.04558097195695
2 -16.075708317307942 -30.75758099312833
3 -22.994166038404245 -11.909606994857029
4 47.715373469144794 -31.006466267252847
5 -21.920800540590136 70.22708543172817
6 78.89443912281769 18.43695948387962
7 88.48560601003334 -92.99829075796688
8 78.81898064786367 96.6894174477174
9 21.437028381873915 -69.51003299014904
10 74.34591229394317 82.20326848415553
11 72.41631308360542 61.73105577173783
12 -23.482183228045272 39.0922267629291
13 -35.39830071770467 54.62369794901076
14 51.002453510106534 25.929584402965418
15 83.69663164130975 4.814890745831278
16 94.1148910339084 82.2253318375017
17 26.95115297567358 -20.72403595072032
18 40.478164400980376 -68.42247076657142
19 89.01291138764515 96.67454438892071
20 -58.14506444001599 55.532278832967364
21 86.34718863927446 94.3151955409781
22 51.409154165056094 -61.5240950209984
23 -17.682892059590486 54.335436594057256
24 -76.36659473949419 61.421779398522034
25 -83.38343199783431 -69.99197359160189
26 -2.5960123237819204 31.34347745742582
27 65.60014369930508 12.414357660583875
28 68.10250521768438 72.74488640744056
29 64.15568536080082 -91.58204379584747
30 -25.53071530988629 -20.552945495278934
31 -94.88307831185034 -37.218934274912115
32 -73.16962032705621 -72.88948568584348
33 98.81498684272927 -49.56854960404722
34 -14.433353691919251 80.80103818288086
35 23.219244710642755 89.30046710211269
36 62.16981795797932 96.94560629771186
37 24.219463156482817 -20.182263105698198
38 59.957151166560095 15.31475054927121
39 -64.04710113484325 -35.93843098969765
40 -2.5073364144085843 64.2061527546768
41 82.6813888189032 15.728527352324818
42 -35.01025794898021 -39.20626207663784
43 96.57516120908139 21.499546896555927
44 -47.553803092098825 -21.354635202638406
45 39.861627627613615 -4.9560418608729435
46 -42.01031271221065 -24.298639340624618
47 -44.85106749633614 -23.182897577179602
48 -64.11224942631728 -71.45477032783836
49 84.33569674140773 -84.02906363546616
50 75.90340035992716 -97.4131400505689
51 -5.630178114901653 -94.88859484573322
52 19.153779018586278 2.8176727777038764
53 -72.77908937362503 -55.69978881142379
54 -89.64416660704093 96.08619525473307
55 51.782356080600294 -52.387192575476526
56 62.31967847289033 -26.61838868783566
57 -62.97926684445685 -26.271627815145493
58 65.7767622292807 -70.59812481818688
59 88.54162660417461 61.441707373098154
60 16.10655636881431 76.72213168000545
61 -5.157249983059799 -18.348972064081707
62 -51.747891298394876 83.16805602986477
63 14.87657586301971 79.28961999055969
64 -27.908781680175537 23.538062276457723
65 5.146379287042961 -28.166548433586854
66 -17.24330916006251 70.60711741514208
67 32.41120133660496 -4.569074956073237
68 -16.124343509416946 15.384154408485173
69 47.17660864487726 -54.6351027816987
70 6.424473606768515 -97.11596758817916
71 3.4999368738926933 44.47134426725469
72 -68.12775654501982 -2.7858585195572374
73 2.2400544075554194 -8.697139237138572
74 35.512754108336395 48.56469840193057
75 7.733405334123816 -10.760462286287847
76 -45.63911593153986 24.730959238622702
77 -58.020480896193895 38.41353792760626
78 53.71640007024797 91.08455650456756
79 95.77086569163049 84.22799235354498
80 17.474417368932336 75.45029140465391
81 12.803371078489462 59.41472482061755
82 -80.51156305548987 -61.86630889102847
83 -99.34442881816261 30.989489996207112
EOF
