DIMENSION :83
NODE_COORD_SECTION
1 39.94524336927691 99.22995716968416
2 -41.96208306103952 -17.99220569949898
3 -28.689039672438142 -46.64606696583444
4 91.88260836930283 35.563959339762874
5 49.07859893541925 50.27059711566369
6 88.28181531092193 21.133995648326604
7 -81.70031589783144 -29.86999023022905
8 -58.91398210760252 81.98385837763936
9 32.72834085586197 -14.853076823339933
10 55.529012833388634 91.2544584977172
11 65.61887894808166 -77.35359275737423
12 52.323531434292875 54.32051746370155
13 -16.444660887718527 8.281631677392738
14 -69.44395080533288 -89.05868065860469
15 -34.283449414792045 -5.076917799079169
16 -55.07114962238795 72.87841719880913
17 -57.418161406894754 -99.11748919946521
18 -39.875965751273036 91.44443256158473
19 0.9340836126790606 30.549056758373553
20 33.54065326843494 -60.513938474231836
21 56.11836538069974 31.17896155972838
22 -52.61722821782566 -86.40641537359785
23 27.866004311937132 -48.50560096474803
24 -37.947168633275275 -85.13184745772158
25 72.59542331144411 10.911015093594173
26 -4.968828157670117 50.36719612009006
27 22.952673396857364 62.62779532389183
28 -57.1007960658515 -87.61259642135036
29 64.45624544209483 -60.523000378906254
30 -41.10969861730016 -60.966239498853895
31 39.46213199359056 8.345894313683758
32 -25.671064761876636 -62.93781979777526
33 10.266818117190041 -72.85383984472722
34 9.545274715576113 -43.22767116789472
35 36.01737256158364 -2.2792165304994256
36 58.328938580855805 48.766350290370525
37 -77.80058306107505 38.74249607445262
38 -50.28779015158351 3.6782074186433533
39 -13.17475537258359 -35.42829491714765
40 -8.150494276516753 -21.482567003805613
41 54.04598707318823 49.205995968260254
42 -15.013418166157265 -52.939823888357274
43 -66.23670762511391 -21.13259959805474
44 -46.01060812021114 -23.240567780804582
45 -25.082519466679116 52.43758701162841
46 95.62913811514738 30.935476166274782
47 90.48075035425595 75.86524747446046
48 -38.20334723587286 -77.45347065837262
49 -56.21443516832654 14.83403639868466
50 7.045684645404577 4.628769613495905
51 -41.33006972089426 -80.6065574715698
52 -82.65857934533605 -27.466108797320302
53 70.02277838762072 14.919022251881017
54 6.616933094050253 -25.61861986722809
55 66.6642922289258 -34.31744705231563
56 18.716935328078293 78.68188877065944
57 -4.9024514277744515 -39.5233363076529
58 -95.46524780830237 31.877012911079987
59 -9.480583165384388 44.15257692830306
60 -42.37499360398358 -46.42009053040934
61 80.58019993227518 24.59371407577342
62 86.30096137298901 -36.40974099334577
63 -32.26687442857144 -78.43814573617382
64 -23.79775176858034 -87.70391604761187
65 -62.38375222552395 92.01675029317533
66 54.54500529790161 -5.1359168073600046
67 63.76102683128454 65.92404530204215
68 -94.2567523762609 69.65910878690556
69 -16.976744845741237 -42.769516835310405
70 -92.1832885136985 -27.377439434011677
71 -98.51627553182034 76.59939586123633
72 -40.02301104011832 21.878466475506173
73 -42.83254840756916 65.66357099958648
74 54.010420472331646 40.62513391244508
75 13.781920295014814 96.96661988766266
76 -94.4473074004482 -8.590723571480765
77 -11.22361588645127 39.42808668262293
78 -93.92334355924301 -88.83138312016912
79 -70.6243095610603 -23.918467294499706
80 82.3914642575233 63.96801125700566
81 41.843883865866076 78.9989384035334
82 -42.32227837083167 87.14319557895723
83 -47.915837436814115 -4.271181204877365
EOF
