DIMENSION :83
NODE_COORD_SECTION
1 -3.4401738751128903 -3.3946447814362557
2 29.78352205918057 -17.760508752668144
3 86.4433243436394 38.34870283820649
4 43.66185151074362 29.273056520128165
5 58.321552873783304 -74.25756230851857
6 -68.01310936549831 -27.820398154630126
7 -17.51741040093202 -14.02263442294283
8 70.36794147261708 48.71534946628958
9 88.02389072824329 -45.92331874193629
10 97.94290375360336 -25.04762262018197
11 49.80866206957515 -0.830663222514886
12 -76.57534250292888 -53.63824315167227
13 62.474602117160714 45.263567307899024
14 -25.92561749330669 39.29586667116715
15 -21.667861398514617 -42.45278599136202
16 73.52111428038458 87.50980559244246
17 24.465888760043114 -94.71952619472547
18 -61.551840840600946 39.02591566526178
19 34.079627891111926 -16.36417828895685
20 -30.481207493896093 60.55928996155103
21 -71.89839559087672 -20.62105971443185
22 -21.484987488866054 49.8865097884042
23 -34.70637161372953 -0.9265214327440816
24 -58.48507810516503 -59.04634525778829
25 42.583889074637796 -56.46845100250191
26 -2.9644112703433905 42.18378035274449
27 72.07002946432664 -91.47895346328254
28 -81.57994018763368 35.35821703401527
29 -12.884416197212943 -80.72032854218688
30 -18.651370335299887 -19.39006957472988
31 37.18944333697726 -34.82503648977993
32 -79.79398206170836 -77.51859505875188
33 -80.42544961739635 90.8883453312267
34 -78.86225205789681 72.66341976526712
35 -34.20137047879652 -78.20945724929582
36 -65.01948325999247 56.94535910469364
37 51.61627442275315 53.71456219461655
38 9.852956102378243 -42.92848923839423
39 -68.40169573678538 21.121748526364925
40 41.04470088274516 52.61207984372331
41 -87.13910147376443 72.69513126051271
42 -85.0567319386969 73.62157308925254
43 -22.806515003888222 -70.3162286640717
44 84.0898372059834 11.771374949461148
45 36.82101184994781 79.8604696543533
46 -47.94346305689625 -94.19271671096898
47 -33.737249865058615 -31.255428101060716
48 69.68942227421698 -83.40307648049239
49 -8.773625930486205 89.78048879087962
50 48.36289971787892 37.696038013879445
51 -64.79745508164234 46.45168303825125
52 81.24294215627336 -50.72340982439905
53 -74.59809549330939 -38.15110086805671
54 30.1579256386091 16.42381400317558
55 41.90285250580354 -54.99946749512525
56 -16.472454286177253 57.223357208766316
57 57.35510102871268 88.31207157865845
58 19.90185232044483 61.723690710364224
59 59.3104876992997 66.75050881714927
60 22.013884484087143 -70.22693885260556
61 -26.77077307253728 36.94888357841671
62 -22.148887744137767 -86.10565237838772
63 11.436187957486581 -6.8049862071134015
64 78.10234318449045 2.775171652698205
65 61.778434858179736 27.307579421220623
66 73.43834138340108 -38.38526122031847
67 -0.5381589726035259 60.69181176330093
68 -9.564033921680348 -42.51707410314096
69 56.52110793106456 -30.593904842404854
70 21.557234926229825 41.01120141644813
71 -84.39595080642563 6.859834210754755
72 2.446245114610022 30.14899523355038
73 -91.77227438370817 43.80198341077812
74 -31.091598114881606 -52.61673471674846
75 -7.609703545665454 -8.451218888425501
76 46.2881153144601 98.73298688533728
77 60.399390014525466 51.938196290468824
78 -34.4374925938594 -49.005593828543056
79 -14.99605902348631 -53.712305882757214
80 23.320339708266545 -36.873005289457225
81 50.39337230751087 15.671033044189755
82 -93.10303383360399 58.33397593974354
83 34.35433341117823 56.11879368138855
EOF
