DIMENSION :83
NODE_COORD_SECTION
1 79.68790574897093 -24.624464845235636
2 -94.68157244879727 92.50255547150212
3 26.808367354480353 34.73323170867073
4 -3.794714325599486 -72.1850860331137
5 45.527448399384895 23.677902496736422
6 70.44259255678332 -21.00665955152239
7 -78.92293885706499 -70.13168324184922
8 42.16211631629133 -56.168146932542996
9 -62.801303923818175 -25.14446539290344
10 63.66230209734775 -66.10664002068216
11 -69.2980285923809 -99.89375344313764
12 -34.83603711763388 -89.0285853361816
13 49.567222716763155 -2.0952641790505027
14 -4.023144905700434 -16.490700734012393
15 97.28866874738878 73.39436849787441
16 52.60569069524283 -3.399301501472607
17 72.13124632024599 51.55870444231488
18 70.92568336490021 -32.63975883753096
19 17.200796483818763 -98.2686485379799
20 32.40937736785307 -33.133600861968176
21 -14.296219878702402 -57.73729949135375
22 88.48793308422307 30.543099388800385
23 -4.50066324946215 9.260798960681996
24 42.481758464704626 -9.23933779282531
25 98.0230427332512 25.86264921279644
26 45.136811653679814 -31.399470094681163
27 -81.11178670695418 -7.718660597790631
28 57.65454844154601 36.14256763158153
29 40.9473127314898 -68.08666388324518
30 15.204994411848034 66.29751551071732
31 -4.677553375150126 75.07951986206012
32 84.26398829610193 24.121417442675735
33 1.8905152210399194 -60.48752081347284
34 -51.282700058349164 -78.28710900184355
35 -42.06476113664135 -24.50836323327779
36 82.5257187878681 -41.791951831623386
37 -87.84523092727096 83.56695746212174
38 70.84691499857232 -2.9479230512687877
39 -19.05991382780155 -15.899114994195827
40 26.86138579393129 94.64051672757924
41 -35.18381911826731 -79.60260056437436
42 18.15136738314733 87.58723436223738
43 5.164264840950821 -89.02403068683762
44 -35.666886088294405 70.29032471717403
45 84.82009496135575 -68.41260245970983
46 96.74459483763403 -49.86889328557898
47 20.869918569078962 3.8574864157643134
48 -18.657844962229248 -45.44454598621688
49 23.94206903459599 -5.016387081630413
50 97.56124421511493 -17.54915640295738
51 -94.48100387250578 -8.301696252457333
52 38.747950851716126 41.646481396984115
53 3.2708132485407475 1.7529906770329546
54 -46.13046441011011 95.02796077123037
55 64.13826249418179 57.464194053107235
56 85.56383695802162 49.671998922597936
57 75.86936664449388 -51.596606986539186
58 -23.811113347832375 -33.4292140752497
59 -30.059303287670218 -5.8990080882952896
60 -88.61432023105694 42.9296271243214
61 32.270756159463815 82.67380038298816
62 49.768618644873925 -75.31442970435785
63 -47.14055258668297 47.57446743130021
64 47.70967239131781 43.808786677520004
65 -78.53567264470927 -67.79953293243932
66 29.783892991983464 -56.88745756284137
67 33.65066372335167 0.8892352972347908
68 78.29550162410328 -49.2883845587581
69 -89.97086648792398 94.86512022360404
70 19.40521626747129 96.93318412423687
71 51.221406768787034 -97.00710110431847
72 -31.268758030333245 28.39812945704284
73 52.07044264208889 -80.26837994098784
74 65.89771778858636 67.15489887819555
75 -19.161074773763943 96.47171640391511
76 75.35609786855576 87.16199842940583
77 -7.384186864193438 57.47719555032859
78 59.90647042731837 -63.920588775585216
79 -9.122483476212366 47.944007939127744
80 -56.302657389813035 -82.75688675749997
81 77.12682888870171 -90.77543542865118
82 73.08408723596676 -35.13890750833342
83 35.759231807472815 -64.94244361486446
EOF
