DIMENSION :83
NODE_COORD_SECTION
1 71.25821818878146 94.09526308754533
2 -43.266834078800386 -64.37328411835514
3 -18.378721948844444 -68.65848210425109
4 -74.95433346634113 99.47406147896339
5 -43.99779256456235 -4.277382605396767
6 8.695015790809023 13.146246763984408
7 48.08424176970058 91.62412211951263
8 -37.05197362666475 46.37187614274819
9 89.67012576251838 -25.969250057635833
10 11.325837510937248 22.540818462045763
11 85.05341310353037 35.5433732804579
12 -66.6076928346937 62.21885877572012
13 -34.904690015336655 8.669496676896287
14 56.35496690844397 87.23919307551316
15 -21.47218155715666 76.1911536256365
16 -26.98111726726276 55.22546448114869
17 83.35548317334269 44.328236660022355
18 9.610247158976563 -3.05985077827566
19 67.82962971220252 26.579411057121604
20 49.21307505145944 -37.35881019062979
21 -21.67947772983237 10.536626245582909
22 80.03905903103498 48.668721897237276
23 -39.48553265282491 -64.36643374063691
24 -17.52298971765363 -28.227020419359206
25 30.714386613332636 96.70219383738055
26 -5.154914883410555 -13.766667288717116
27 -14.37598217190694 6.375810605407125
28 4.995357311958571 97.60764228704087
29 31.847449286324007 98.79095862744725
30 -96.60296028716179 -83.00994545771957
31 -29.562839631116077 37.70465232824563
32 -96.94889962769714 -79.05548448309416
33 -92.82449029412452 -95.94257478703415
34 -17.4343942945532 -65.17974160611632
35 75.87589645164127 -18.82315432879706
36 40.947730513723826 -59.055349587595884
37 59.8416921054023 30.23005639572719
38 -33.855116866454665 28.227852229063217
39 75.72229319616119 54.19807987513573
40 14.093982169799219 46.00270444967299
41 44.35750684077831 -14.44133304046315
42 71.01450585020694 -97.53754060352698
43 -85.19725531407249 -98.97147155631775
44 -71.09256746696859 56.84791735037817
45 -69.42065078985458 66.12978857538906
46 42.69880099414118 -5.425317647385768
47 31.295727967100447 -56.99033018299235
48 -42.806777399458355 -54.21974936436958
49 -31.863381162695802 56.85641733738345
50 92.97909851249369 10.309738199282265
51 -21.68061384580102 -90.58150371344071
52 62.65407306729557 -14.051897115971428
53 11.46777454351016 -47.45170906325038
54 -47.78444200009451 -38.25422583753204
55 -70.04488613108549 -9.64457457626962
56 47.18796568477535 -65.42626664117388
57 15.620550970592078 65.46900713917512
58 -90.96529198942599 -65.4170009695292
59 -93.13655682692448 -96.92783950495144
60 -85.37039187166909 4.032721129372121
61 -37.02743007616962 -64.2138232335983
62 -39.96103770954307 63.989993811690994
63 6.648463336729947 13.145764962956036
64 -0.407963400151786 24.693656426816688
65 31.028618891111336 -88.67906076143689
66 42.194342359032134 47.91337190252952
67 -25.872982531932024 -98.09489633251832
68 -40.93543787418239 53.424342185399695
69 61.450843117840805 -86.99701529560326
70 -29.447312720968426 -23.242915029362848
71 96.6589525595198 21.5160782105297
72 -25.576711882429095 -68.32924533662276
73 40.47810134239057 -47.5625429905979
74 -46.0354065453922 -91.66241492292252
75 59.6946287238479 -70.8682936799278
76 -38.48949202821805 -52.98499913823041
77 -49.109290780180004 17.98987407849853
78 11.439292280661235 67.0211496734569
79 47.69598950654242 41.51346824562211
80 36.439181965792756 2.1185320657976234
81 5.676878653174583 -4.204609210577502
82 61.80779640063727 -4.050445334386723
83 25.58740351868765 -98.4699540418037
EOF
