DIMENSION :83
NODE_COORD_SECTION
1 -27.278035831800906 97.15791680386369
2 -56.115047299098684 -83.9103368457752
3 -43.16847796013952 65.35933131610972
4 78.34790273612407 37.63717362973921
5 19.74574447868997 -20.80751291179328
6 -28.496217000290528 9.487720922343527
7 80.45603384803391 21.140314595330807
8 -49.09727288717638 27.62130725799115
9 7.859778312993939 3.999210149563794
10 69.71196311369036 -17.778070979282205
11 8.520108645388703 38.1474396187634
12 -35.494465136608014 -45.30040740507788
13 -22.22802481400217 -83.32205391896767
14 21.72800314381182 -68.94612772565296
15 1.1678720178213524 -44.171532150426415
16 -88.59228647934371 35.125252406375125
17 -43.266733430483754 93.18082239382349
18 75.79647614462027 40.944358278657745
19 -86.77175676015581 -57.609597734198516
20 -29.035633410778388 -89.69657137328966
21 -54.41160614048257 30.745908220306063
22 -49.02032677524977 19.8383047704217
23 95.94472893740928 4.648434159002505
24 57.155715336615174 -8.676632441896032
25 97.09871284470194 -21.86193962071941
26 28.947806731786727 19.54583223670147
27 -54.944710240869775 20.88521315736844
28 -11.564853752845437 -95.96003823674405
29 58.19320834305921 34.60310265321664
30 66.924007528436 34.125770981536135
31 -7.12144245844064 -49.37344846835785
32 -59.93978987733104 -48.88917751903805
33 98.80399090412484 96.44167620594527
34 16.940321388764914 17.177890962801555
35 92.06266033761008 -74.76008103375909
36 89.06271564648566 -42.60481769118351
37 99.94248265460854 80.10892696088803
38 -13.43896454191713 9.450035306752326
39 88.65286573855673 -26.738058328086353
40 12.014314291894365 -84.87913096227243
41 -76.3273747201235 -99.25364256249847
42 26.229499572091868 18.166485184188815
43 32.1343758546235 -15.63885271659349
44 45.74365829674085 95.22558928774879
45 -62.36273195487341 -64.94795984154207
46 78.39476890852967 39.483741426104956
47 20.10641434913738 -34.15779928909973
48 71.1615419964071 -58.72121481834889
49 -83.20593860184127 -52.60454394975329
50 73.57425213844192 65.48000436916072
51 25.243946341837514 95.59792752299043
52 30.350163371126143 -87.60971070530451
53 -4.982960610446256 -91.91676905435997
54 8.508660257868712 -32.915410537101124
55 -97.79678223008521 -74.58470000548397
56 -62.927198639052364 91.51208135016347
57 -10.779796958882557 -17.31801556312395
58 91.56548944091455 -5.646459242459585
59 22.127432670633155 -61.458277369856894
60 -9.13983945675649 25.53932570550694
61 68.65932217107411 21.304544816491827
62 90.54727796068994 85.49769023509094
63 32.40873560259672 -84.58222707450062
64 54.82963253246976 -86.38302329260227
65 -7.931802228591451 -73.23415580755909
66 68.06091969292544 26.06939977061913
67 89.36282213986198 11.482744607578837
68 7.393691424403471 -89.94175430052135
69 -14.714357321023883 -69.48537914544319
70 -60.39575108322679 -50.285752902516556
71 -38.527630012066204 -99.04085833436767
72 -71.98626626066837 -41.7189247999346
73 -17.970540111317206 55.247313014455045
74 -60.47385832530687 -78.10610892674698
75 50.85560322503167 -9.477516174692141
76 -72.84445408625977 22.168957246969015
77 0.4736330369873798 93.11030526860591
78 -69.98354579581681 -2.0135851269982794
79 30.61616582638706 -43.23742971285971
80 80.6027053246319 31.262332323770693
81 78.28496817089254 78.39679418749702
82 -61.71806805545763 -2.8296906089691447
83 45.730618465075 -88.65747189051605
EOF
