DIMENSION :83
NODE_COORD_SECTION
1 92.33501741570132 80.85617117412582
2 1.7911426831010289 -0.9951749571274462
3 63.946605513512225 13.404802486089423
4 91.2266222034267 -6.4534607446568515
5 7.948826858609806 53.38340481868647
6 -59.84204021964654 85.3529780188978
7 66.23050442818473 40.07652017305276
8 -56.173582576538884 64.90347817913067
9 2.353013902928353 25.952047883429046
10 96.3719078781649 37.24500026445091
11 -88.449139533057 -84.25981063842647
12 -76.3105295537379 -28.07796131818108
13 -28.49223885900693 -27.80728373180139
14 -80.61884918429998 2.243775974243306
15 -23.238982019469205 91.1897930394328
16 91.98811446276224 86.41891769610046
17 50.56346822615393 1.4007221008360773
18 48.28943500631081 86.25282624438887
19 -39.74100570622199 27.49385831895374
20 -64.69460600859966 93.51560633771444
21 75.70403124069506 -29.069777137434684
22 -57.2550999752913 -60.24618114919058
23 4.994085630173714 8.664248891364878
24 -72.01199486380139 62.232611738375
25 -82.26910292493216 87.6142173459362
26 67.2962067780565 66.85907204361078
27 -76.7076287625068 -98.4460134041222
28 59.79467000611112 28.351736060672465
29 10.04403209582378 -22.883284056997383
30 -85.12781320037494 -1.4148285748821081
31 -28.84274165537188 66.89029586323767
32 -61.00388059550488 -44.047333754385235
33 43.676150760717064 -49.87672954467352
34 4.541273573130539 -78.24589417339136
35 69.70144080270867 75.34917282692305
36 -68.91695062252143 -5.969838428911103
37 52.03641349382235 44.27611194733234
38 38.706989461854846 4.928036781086192
39 21.366385728460216 -67.42230776673736
40 43.2381795364754 -5.402001305405605
41 -41.980181220268456 70.76020849447394
42 54.89569401636848 -87.21596252832762
43 -81.41427452676828 -32.929653506935
44 -85.27123764765521 -91.3139448641556
45 -93.86138945161642 -55.553572727255876
46 57.29287766577119 50.33502453143822
47 -7.4512875509936976 -15.194407246873979
48 -76.62427650948982 -73.36334638031737
49 -47.66812038400781 26.498063667157652
50 63.184234878476275 -71.59689020422235
51 -0.27996782155565825 -55.45104551572588
52 68.25575109209535 79.10649012038408
53 -65.8903659399746 58.34703062421477
54 -50.54220963335907 91.75167137906271
55 93.77222597758455 57.72884303350514
56 -61.2075172220444 65.18039468765718
57 -6.312379888285989 -84.05409612925025
58 -65.67671291170618 -98.71765713552037
59 -19.41307225882869 66.79138752233845
60 -69.60681274318515 -75.9968638632935
61 76.76908946788865 63.20211175382428
62 -20.594873987459167 -88.29679641249291
63 3.981248195619088 -94.05946758373844
64 -83.21298668153486 16.335539054183684
65 -20.370206884493513 33.50048469557905
66 47.36508279317658 36.07441797576794
67 59.81545595528638 -1.8303699473659236
68 39.22121948451661 32.44121509946825
69 -32.83753239387532 -81.7795574131094
70 0.21105704341192677 -61.3624482085809
71 86.13829023718637 92.49078894203399
72 -77.32845200526293 -7.289970468389328
73 34.537017877759524 91.15407832711443
74 -26.55188637028367 -52.66516142921471
75 -72.97388731566568 -4.731787419001691
76 79.22297907765235 57.4247167000882
77 -64.86731210663699 47.731342818071795
78 -88.77193279286362 27.42462857774926
79 17.772139275545015 -0.43817315595644857
80 -91.22282627529104 12.076754998892909
81 -52.60155445490356 87.95861197130213
82 -2.3461678388131872 7.599301016184938
83 -10.917943370573454 66.3873725783896
EOF
