DIMENSION :83
NODE_COORD_SECTION
1 36.4284204192501 -19.448351912003318
2 -52.89499302460931 42.754151598240725
3 17.692406405937945 -36.794592460733824
4 -3.984108237238317 -31.196878655466563
5 63.98686236344065 80.60399072478478
6 14.344841893480734 12.177465674915666
7 53.672557029790966 79.32662940006509
8 42.539339690229184 -49.34014178379098
9 46.70579438352871 -29.845215638403204
10 -8.460651076108675 30.37573579621943
11 51.747598388333586 61.55144101402118
12 52.46131082482674 61.080279372058584
13 -46.557703725539156 44.61983507659255
14 99.23043049746525 -81.22487696527983
15 -26.519950812991695 12.189502833380118
16 -59.704616342893836 52.85331826971807
17 -0.5906780012999207 31.59125555595236
18 -48.46403404191897 72.5100738893882
19 -43.23302475000234 -41.15294491292529
20 79.70088200285099 -4.05409540932871
21 -77.05484251266519 -18.58542866783182
22 44.18938733778867 85.92782047471633
23 85.31572606063003 -92.70957502074563
24 -15.282954911798427 -33.4366258853011
25 -68.51546532557676 80.19016411140379
26 3.3824959870028266 -81.31874980318253
27 26.14946553279161 -6.313031025650687
28 31.878559444404402 85.0013744841091
29 -23.112372717568903 1.605309465881362
30 18.06775321445548 -18.68360656197501
31 -79.70126219510718 -22.370286222378937
32 -29.13134664313614 6.195518732036987
33 70.28324700887799 -35.997046336514444
34 -71.62372414356204 -30.739173799705327
35 -38.16466954537936 -32.6480813580428
36 21.366077547752766 16.875057075550302
37 -3.4175686406203027 -90.90635960749734
38 92.80782506433053 -75.88083380652353
39 -49.59535834664557 -81.46213715700378
40 3.7421415444211874 -56.77321542482192
41 38.818680682440345 68.71671278217576
42 6.848999858439768 51.18196378910369
43 -47.587125246762426 98.13603773997352
44 1.2641547448342294 -77.02451950642617
45 -27.52888239243157 36.05707183689165
46 95.67592522725826 72.05421847983126
47 56.025220632182936 -45.41893336411618
48 -98.53860158108927 -54.212949238670085
49 39.92681899149045 -92.27622089266201
50 -46.402370071110546 -58.690223928428445
51 55.131373641546276 85.83052142353807
52 14.309994048270582 -84.09925164119068
53 65.23853247927468 -86.90327637831598
54 -47.10356195357692 6.077853639736503
55 -52.56545702813844 46.62298158285202
56 14.892858318256202 40.896575966786116
57 -80.6659319817256 -2.652432115565361
58 -5.278455877970686 -62.532056993714114
59 -18.17972899129839 -13.636502934636255
60 -91.80901351490228 0.5042352639476491
61 -4.166401216555158 74.54130770495257
62 24.69209443144196 12.739347219571926
63 40.16128158881904 -40.9572485425141
64 -36.33764871036489 -0.6401818788665707
65 7.631109697878898 -82.7753706291413
66 -14.13403938512441 -22.878421558062627
67 -11.285394346362182 -3.4038221444273375
68 17.26466957127981 57.61649529188688
69 64.39628612164464 98.90731399168754
70 -68.26949412569516 -35.80807909911057
71 84.26727128524331 87.109256789082
72 -11.421799926009044 -56.684529135115454
73 41.153031718937626 55.843002168110246
74 71.87157912698325 3.7163262140462336
75 -29.813279314677573 49.2752560754939
76 -89.31502490032273 0.4234327458454459
77 98.09090658651505 -15.484525065214186
78 -27.023047611488792 95.85998795704523
79 47.53233495951744 -55.48833868522538
80 20.460553504877083 -23.557237035863835
81 61.765720847024284 -58.763210535872304
82 -12.169490208980633 80.67374043286841
83 56.38418307404524 -81.85844756330074
EOF
