DIMENSION :83
NODE_COORD_SECTION
1 51.176711453967215 47.1851385595983
2 -27.529977016681073 -63.59250026995973
3 93.02171538500457 64.22178011658738
4 66.69412968744282 18.671078800298503
5 76.01092385013627 57.66668497254312
6 -75.34785218935514 14.264162045872752
7 13.474697446890161 -9.282732545622707
8 -46.82891843104417 -12.461676376235431
9 12.911498187656179 21.652766376969353
10 -51.34628693662431 -46.82490726275355
11 -48.64526977746839 44.017839490271
12 73.80322439931851 -65.23706524725498
13 -29.435196094816575 60.890638349261906
14 69.56907789068998 88.11366023387924
15 -97.22981174128151 72.36747530919439
16 -10.692365115708881 -73.24886296499741
17 -14.467004298868204 79.8102547792833
18 -94.37259695941165 -47.95584050997523
19 -46.583955958823275 66.06679559360171
20 -14.884488441232804 86.74456401881926
21 4.479975203080528 -2.2115951716037614
22 52.11847547466289 38.23051948229829
23 31.240550056866425 14.132952741795492
24 69.97691718028983 76.54423059583914
25 78.56782121082318 15.555911306976625
26 56.59048391910963 -97.647891936073
27 45.11042721738167 47.05572622427354
28 20.91567459723595 -98.75524861764731
29 -19.820173140878538 -17.845847037218874
30 -42.023956673261445 -66.66705546323081
31 -55.3691556065739 57.056023457119636
32 -27.80943457265927 90.88510067173533
33 -97.87352349361709 -21.15284396480186
34 12.302695444219296 -28.209467300159247
35 86.27645369376978 37.25310642580092
36 95.91916640168893 -37.07792655487272
37 -50.50940244712536 86.39549521500419
38 77.64408362153677 5.010554700236057
39 -59.010321678189534 31.14675774943376
40 -27.97949897794814 -80.56720755310094
41 -15.732139447732948 -47.90175212546182
42 -19.03182044037672 17.353723381800165
43 28.40256383674432 33.82059167993984
44 95.13281605472338 -17.047547895571853
45 32.959016302080386 23.00931174337373
46 39.5386453942001 -74.99901273616038
47 12.838397103049815 36.27288018834693
48 16.1626769000097 24.853559362112236
49 -82.73000887723676 -38.265778884074834
50 -40.474253935302194 -26.056612664654708
51 -53.75062753714883 54.28100277510845
52 66.12168390994674 -9.827052854236015
53 18.076170896448062 11.213847761989058
54 -15.51707334127319 30.122761287130572
55 93.24653772707177 33.2058976072762
56 59.90702604514158 72.79278327440886
57 -67.19294383012719 -75.09889774485228
58 16.345408586207228 40.62962565979666
59 23.378256306576148 -29.857366949786098
60 27.682136690408086 44.88181626296097
61 36.40763528379162 -71.2629796000795
62 81.60696546722835 -5.135614663671603
63 -94.18649698417043 44.823502528660015
64 71.51369037183571 -5.4968401910474824
65 6.032620580460787 31.332348982472922
66 -34.66881062562048 -35.43180361311539
67 -8.413864007041227 0.6797334726205406
68 94.92120966530976 -24.70520070773712
69 19.62985441838707 48.76101105542111
70 85.65350517117116 51.62971961143711
71 -81.44349749812207 67.46820285208784
72 2.9954957071477253 -77.87087940909265
73 -11.430849254669042 -39.62842160741311
74 -68.56988605281542 -77.42602097088663
75 -75.75344168673377 -33.13070375033382
76 20.74219481023802 36.657684774966214
77 34.47275825934591 62.0231089724991
78 35.69018736656267 58.63960289303208
79 -98.29524438795119 -7.537770040590459
80 27.306665422513404 96.64750278811493
81 70.40376604314253 33.151508418934895
82 -92.45247477708132 -99.64928338621668
83 83.55701174850273 5.484069918500566
EOF
