DIMENSION :83
NODE_COORD_SECTION
1 -12.297673187767515 -49.333013203074906
2 -77.05523119812973 -51.052707996002056
3 71.64960046857877 68.17731592214162
4 -54.3975683554619 20.112360074824466
5 96.71899410607224 76.19787083814055
6 -60.36015916379718 -5.556339625907469
7 42.962830742155006 -40.04752780852569
8 53.11141791138337 93.47593656910013
9 -45.04732012592672 91.82910847412012
10 -20.72340954050935 -52.7555623204897
11 27.603360476025273 39.8262502419887
12 53.600591109636895 -11.158324209616794
13 87.39278255293564 -94.05749801931331
14 49.58429910692615 28.46881745346127
15 26.869492058554357 -23.72175022516123
16 87.27204809488572 -85.76115172087535
17 32.56632059772099 -1.5926723223539199
18 16.13782386956221 11.40262571553248
19 -90.08490184552265 -33.38452043675224
20 63.151863286595386 -12.666980622825946
21 53.483999882041815 91.89170154667462
22 47.181220974007346 76.51639741191917
23 36.835581983074576 61.09746506088135
24 52.47939999097062 17.96484665111346
25 3.530170218910328 -51.47204070440898
26 -73.12819597124833 6.876442470176386
27 29.275845622663354 33.11849034015097
28 -75.65482823605336 83.03507333352474
29 -5.047186367605306 95.83831615434372
30 47.10088267154936 -9.644690008766204
31 61.21644212663949 -75.64681362587156
32 -41.266518060127446 85.14194488329719
33 -32.39004190520191 -64.17302591455937
34 -61.952640548000424 -54.952238176747144
35 92.59422507204121 43.771773788242115
36 22.12609403836332 -63.62266388421585
37 -94.37136597246479 -58.85496144830056
38 47.62053042153079 -65.70142685701452
39 -81.5862735398352 49.431182526247625
40 -59.17679859198304 58.68781749403095
41 99.63269426473073 92.23440805369756
42 -70.05170442286237 87.7484396723348
43 -43.99452622780713 -8.051716459046276
44 -42.862079492732505 -57.79311306287753
45 -97.80426750311184 -40.643068475425515
46 53.06698903050818 94.80413779242383
47 -56.912429023320435 48.56153095011854
48 3.6205687304893246 -47.035301445115365
49 74.17536575935756 83.41505788932605
50 85.96917362968904 -13.060709801438207
51 -30.713274020352486 -73.31281728722887
52 -19.531020508169817 31.381405886511544
53 69.58507873004712 -40.52974947549779
54 -24.83445417006571 -24.768034685198742
55 -86.22499985969105 -34.1235287179359
56 71.28111994523636 -27.049472951725335
57 56.65994159470705 -23.13460758443628
58 -29.08271190969576 -40.454720172807335
59 11.67855026001699 17.07982523468607
60 -17.69380300207773 32.51843297660818
61 -77.2275724435633 -80.14252886091356
62 13.295072707188666 -24.242616943842492
63 -78.08542242730178 28.12453568468166
64 40.35060789283119 43.56633189905668
65 -39.14543424817833 82.66672923393341
66 -61.779054417155585 97.44697017534509
67 -80.88725628643998 -85.68799724562079
68 -65.50510431463492 93.90090039321089
69 -15.01731305720979 -97.15139663874521
70 13.649417519759282 -41.559372998528055
71 82.27732332862027 -56.95910220425559
72 -63.222030967617 49.1598849922855
73 72.7810379797306 66.89465420871224
74 -33.95606359536414 -87.37175872063997
75 2.8463369105752037 -88.63757717153979
76 87.00489414024136 65.53889175269077
77 -17.699514847943703 91.96873752309861
78 -92.69498130102436 97.45270719075037
79 -15.196130551439708 45.373977556076994
80 76.83446911604378 83.14558790447148
81 -58.97145483114264 37.68470316336814
82 22.30630449713975 -82.51976301273697
83 -40.49809062559709 0.3574377782752407
EOF
