DIMENSION :83
NODE_COORD_SECTION
1 -29.489741509508363 -18.682332776321047
2 47.19490910162642 64.05027497524225
3 -75.67814584951441 39.13601288574574
4 -31.6219007882881 18.919757423187278
5 33.064254349371424 25.943990804388406
6 7.042923503479642 -76.78604372696896
7 -39.109764137622996 14.667114782117423
8 -67.87895812934491 5.669841476805942
9 26.602960722508257 -66.42309375661239
10 81.13340734648622 91.33876524667514
11 42.0282647533283 -84.00826013499425
12 -99.512071528622 -17.593451963459074
13 -14.883074927560742 5.314684949363823
14 58.75481651453404 24.419538016649284
15 -20.171111217153154 33.99345705923531
16 62.49105978370585 -33.94746449598412
17 -34.7969756173277 -18.098170606560117
18 -69.83781629231785 48.09370472081406
19 27.61751373329004 -62.19423193858384
20 86.9359327561784 -83.88946282721508
21 43.09759533656322 -63.00825116167583
22 31.599103218944606 41.30006368764583
23 30.628909776450286 28.798645728691127
24 96.5753064478912 55.315543666624336
25 52.78622124165656 -60.291242604932926
26 -27.002010884144227 -42.59905464728973
27 16.588947056044304 40.81752408499412
28 5.019657849337975 -64.04646718368916
29 -74.65359580242111 2.915606979897561
30 -28.985246445215537 -38.325958738005504
31 11.357287828830081 -71.91901730785551
32 -35.93979252469559 -44.247102478723654
33 -60.32057374356046 83.59288471772939
34 60.05426727774437 14.080043120552844
35 -85.21253852464437 32.143368878161226
36 -80.93919437348347 77.25493746430976
37 44.78761764301552 -48.26356776948542
38 -96.05725843091149 -23.78751803097643
39 -78.03962607285852 69.3286139811675
40 -79.92507076144697 -45.43046308651044
41 63.75325084705611 -5.820891093546976
42 -19.096649491533157 -28.664115865735212
43 24.947688252113423 -69.95851140861483
44 86.34397739671152 -78.5775801885088
45 39.57539339392548 69.74311768299657
46 -35.50866438455256 -23.581391295307313
47 -19.73881394038368 -68.63745152075879
48 -28.166766845488382 -55.59990604435916
49 33.02089489255121 -17.870881417891198
50 -26.855173214438537 75.06653533063476
51 -22.85556529188331 14.333038543827797
52 -70.53838136023572 95.29884119618848
53 -67.35422886856063 -13.05153375010768
54 11.007629063752944 50.26386726250129
55 91.86298471586548 27.33593643428054
56 -78.3184351077097 -53.516058547906
57 87.14329046182655 -0.6952971382707887
58 -27.31976253280007 45.82736296835105
59 63.14936424310082 86.97952685795386
60 75.0652470968555 -56.8345825636585
61 20.17492540094959 18.3306560560915
62 34.55532195290715 75.48014054424874
63 -26.040918364983483 57.889567528552845
64 -73.44660808353575 56.49650428135311
65 -62.1595118944519 -64.9126507459106
66 -94.6060478073822 8.451396571196852
67 74.69394610744399 42.81647800123599
68 -40.97705813775085 71.40116224895598
69 -11.05632923689032 -59.7690526319558
70 58.79876103707667 -89.49175229296777
71 33.048898192963605 24.463652580982682
72 73.82981767777031 -86.9632005374297
73 88.20925441667606 -2.1459340444411197
74 -79.7596434346721 69.32593086882562
75 -54.36135338165218 50.44329129833736
76 97.9830383419872 65.79854519781446
77 -37.39178527869902 -98.09237937122613
78 31.29320693305297 83.10267311218666
79 96.56030174093655 2.765839708011299
80 73.60641135651008 -11.228763801153477
81 -69.05301334213823 81.60947772005582
82 63.737231919711036 41.325388086858624
83 98.0483513886787 43.26942405387345
EOF
