DIMENSION :83
NODE_COORD_SECTION
1 10.575911670194003 61.57876590745545
2 -71.71922541410325 -39.282975150010024
3 88.86033784278234 -89.95105237755774
4 -7.063476276964792 -34.191298820494964
5 77.42386683386081 48.18804326653486
6 -4.030930636515166 -75.19159033201902
7 43.460971568925544 35.6907924985845
8 16.03809203627678 -87.08758028793848
9 55.12905254011022 -58.22297012776798
10 68.92604344865185 -25.370160399387842
11 -4.211158681399937 -16.541700801423005
12 75.50908524857522 53.79925690488014
13 45.85752587520304 -48.48864444191672
14 68.74263223274608 97.58248097693618
15 13.603797928794648 66.86498494780321
16 51.947906175747164 77.62992747714841
17 -71.55914058710731 -6.104615797649231
18 18.537426723409737 46.0263473551112
19 -76.25025123071106 52.16458870620673
20 22.418973325827835 49.28954625818611
21 30.99213268040546 14.425418126788102
22 48.66900260369235 -39.39110590894887
23 82.84804606802325 56.25548558989442
24 -24.331754119426492 58.67447249378279
25 80.34081400236548 31.471873123062693
26 -57.2563720543896 80.86167716710048
27 -82.61214379213548 87.51719031382714
28 -58.53777080613547 -90.79965117994915
29 75.94266641211618 -93.70330464736843
30 34.074675678848166 9.471317910471882
31 5.869760285806819 -41.51470720050292
32 69.20678430000163 36.93756200590133
33 -14.07891077345333 93.11231297255017
34 -87.25009327218626 46.631042798333
35 -74.34119283161954 -50.72905368086968
36 41.001994144372475 -98.21956920365578
37 12.895985760507344 73.08832667778518
38 53.46293352646805 -39.12094660967396
39 -62.79668745232456 50.63132731623648
40 54.28928336961093 -57.94370717657655
41 27.256516622858996 26.212191779376212
42 -75.73490908109872 12.829934490646039
43 28.27562374163682 65.59714108044412
44 59.24708460286166 33.98081826873056
45 15.533943809180755 -55.08980415320293
46 -13.606033959453683 98.20540177406033
47 90.8910737075808 98.56355814377284
48 -13.908699768664107 47.365738635584364
49 41.53081029424021 43.33486979492008
50 45.33483057928075 -73.429410472585
51 53.56148259338772 10.75075839429347
52 -52.56321146322149 -61.01470701715328
53 67.86273335494081 -33.77477265898203
54 63.27124638281657 2.1822080532171384
55 41.53930065521831 70.94035303538539
56 50.876130626612905 75.00758742904193
57 35.56903099487553 -48.75403375814202
58 -6.918916658719283 23.354689430451913
59 87.70877321795177 80.39394930339392
60 -93.06805571471371 -76.10283121136558
61 49.44847013201547 -51.28807360145717
62 44.03416537708944 -33.24928176555122
63 -33.21968461549322 -99.13991216123806
64 -32.46101520769528 -88.80496055842997
65 -33.22367835200917 -47.395932120744156
66 39.34788330879931 -26.99769683614133
67 -24.555649489625736 -35.42421366900088
68 80.21225561711333 77.58232936131725
69 -62.94094582613923 46.783187951642304
70 -24.24309749581306 0.06865057598986368
71 -68.859102992929 -4.830989770353142
72 93.05743907276877 31.63395820075803
73 90.48285916141029 -79.6923613151314
74 -54.74665865785675 60.73712551866652
75 -87.8989125446151 18.368225165448422
76 -4.220155493415518 -61.33154581266751
77 22.712257158484036 55.761331268316496
78 29.15355584921494 -89.32648195350963
79 -88.68304325381482 -8.574643655770231
80 -68.15187698506433 -62.89975664472216
81 -26.304913384128525 44.49818876917416
82 24.647887158869423 -96.57211300137587
83 27.095651937230045 30.158370652462025
EOF
