DIMENSION :83
NODE_COORD_SECTION
1 66.96906695981028 23.70058033671374
2 48.13005808902841 -67.2905845677324
3 -86.01048539010343 -21.19778756297748
4 62.854425875719215 62.5197158399279
5 -50.9703535832553 99.17349235394371
6 75.2531826127302 -47.78029300850874
7 36.478778582603724 0.9861035902554391
8 58.8125419430493 -12.403064663525186
9 44.66259934161437 -84.54715644026871
10 -44.40073841771124 39.9187745665302
11 -26.600903482291585 -87.13315434408705
12 -71.76356441975737 68.95161707235519
13 -12.408193437927267 -83.87311310242805
14 -7.605221788131345 -0.26566805379400193
15 6.06085260786233 22.919995053834114
16 20.894359788287346 -58.7970036507468
17 -76.08628079272333 11.396495565338853
18 -44.76167127029835 11.052836875752647
19 57.1094039782198 -8.91319202673489
20 86.37670677989902 58.76242328556154
21 -10.528979492140536 -21.026673484617973
22 73.72493785108327 37.49427174992124
23 75.2535227512247 -69.95528074323032
24 -40.061640363188225 65.62497464987337
25 4.474892397802137 32.324187050613006
26 8.670469704641334 -60.05286040972144
27 73.57048386725359 88.27713113202273
28 -56.48078004449071 15.124422096368704
29 -79.46799224459664 -52.33216838231889
30 98.59236401381779 -52.23001395942721
31 81.54404504059923 31.348801850000427
32 -95.40076893716638 18.557858967801977
33 5.232587422559746 -8.869529712414035
34 29.102999606137956 -7.934339488566366
35 -79.00833567700082 87.79302072500766
36 -34.455884199929 -48.413812751042485
37 -0.5442603028947559 -62.533815267606464
38 -77.1281162402303 54.93459889607459
39 -33.96299653124986 76.01686112517237
40 -93.90189475641404 97.31672362291204
41 -67.45167542012706 -78.25142657846378
42 97.81293816750798 -61.38665156115517
43 97.28421307534023 -21.36926185801748
44 51.67985798909305 54.97420518912537
45 -69.46637545377847 -84.56018262398447
46 -8.846843976390446 -91.59541411414
47 -89.64993889531485 80.60855503691505
48 70.13787766007579 93.06642548349205
49 2.506008989393436 68.24342710922676
50 -2.9611690218443414 -86.69507450451843
51 88.91021449438577 -62.31535715800924
52 -50.37835832151214 -24.049276755153315
53 40.36794712113621 7.146958950272662
54 15.33564885564482 -61.763310938280426
55 -97.58401866674775 -8.606218317347782
56 80.22471170534232 -57.29237837671961
57 -82.93451951896726 34.06090922442061
58 -40.72112880530045 91.78995091960601
59 38.63766684832029 97.16053353177364
60 12.05605518060186 -32.772146314192725
61 18.47855901380335 13.460028292970776
62 -80.37013574731341 83.38108820014182
63 31.19085812818477 81.84414665099271
64 -87.60416504106934 78.41898697811868
65 -5.8776645252518875 -8.566619353636355
66 -67.00476617542724 -6.2659117908957995
67 -7.798115292808049 97.1452450368964
68 -5.408033493821904 -30.562041006113546
69 -38.18418234775574 37.54927235338815
70 -48.035196871461515 92.59083276650472
71 10.268640295213444 -14.719348954898209
72 41.353572993284985 -25.144286041388696
73 51.47399253897643 50.94145103647335
74 64.72468069662636 -92.44331858355824
75 23.873124536251837 -76.66754830824844
76 -4.902277310898228 -55.33975765133534
77 23.179775747214975 -77.97733459674564
78 61.80168681538521 -2.0124877506228387
79 30.401855807930104 62.677670216510364
80 38.00561922194396 -5.99576707597042
81 -55.30800582286448 91.23198801427893
82 97.59538098443863 -62.175450302838264
83 -59.06954416941319 -70.095243775406
EOF
