DIMENSION :83
NODE_COORD_SECTION
1 34.444508411968656 -42.39638365635303
2 -36.454380367071714 -3.777962509122517
3 44.35392168503549 61.28317827597411
4 40.92863905441507 5.62313231227931
5 58.41158102267477 27.693223552918695
6 58.90058805556038 -51.10760195518112
7 -13.74996480081802 -24.697974556102025
8 67.0418822613936 -52.42796119436635
9 -21.343946822776672 -95.55417837900451
10 -91.7046420080536 33.67548727271546
11 -48.78666181754192 92.65851999888292
12 -39.89403288268731 -25.565009487166378
13 -75.8642291568934 37.76081727262718
14 54.46153849904243 68.48112390319986
15 28.175217715428005 89.6572583576461
16 4.55072922517175 -23.23399781680739
17 -97.53550222087976 -10.67122692697042
18 7.355768414824709 -80.29398783283304
19 67.38263721638529 42.297294244176015
20 -85.65083083765145 -28.566075114525887
21 94.00620801619309 -6.121888552835557
22 -33.43482131521557 -87.28556528776164
23 11.436951240936537 44.82476608478268
24 75.66826948362942 -34.00896043220325
25 -5.727420481067696 48.510176823860746
26 99.24257944276471 -70.8036009560513
27 -45.285862215700234 -35.42302087152831
28 6.377680623081503 -50.627706774924434
29 27.279946024444726 -90.97109855392878
30 -41.27226219255813 32.80943255726399
31 78.82257432518881 37.02423589018039
32 -57.42740565511808 -24.668719277061484
33 -97.47797261506963 22.171401599885357
34 79.01090746478633 -85.48962902128893
35 61.754720033559806 54.91572118040088
36 -87.73296824892185 -44.98065570698317
37 38.214562790274414 72.64564698557996
38 30.194900001883752 98.98330697052188
39 8.388828890975475 -44.56443008416071
40 -93.58625322277881 25.113948882845378
41 23.46822531166201 73.88157021646421
42 70.11195591999928 -96.43001439745645
43 -0.0029334233243076824 59.27550295078973
44 7.40711076464477 7.902659181671723
45 -57.95402954535136 -18.598260202709497
46 -22.748376664121622 -8.891113540992961
47 10.41619610124549 65.53017551514989
48 -14.774911856750904 -70.27108326145512
49 30.36112414702049 57.71795015694315
50 -99.84404852699984 8.089268655093079
51 -13.462879895649763 -43.67844653670032
52 -78.63332671608956 14.205875938757615
53 -7.627558173968055 67.6599578854202
54 -91.56180645926946 49.52637531702092
55 -59.23048516611347 15.058531955226414
56 70.74094176774273 16.6045643102386
57 -55.96760810370949 33.042534465538495
58 -19.418678367256632 -58.035894906963684
59 -46.862184589187535 12.238041738660982
60 21.664072720287436 15.822624435851537
61 9.944893732759951 -74.42277590819855
62 13.672549732773007 -13.988624438768966
63 30.66480974874736 62.69396643208543
64 64.12045522472252 30.3398329077408
65 44.888815654216415 -73.06508124766886
66 90.23015702825325 49.81839818471951
67 21.699045598308814 -91.80001068249447
68 -73.5557213244658 74.56674151653138
69 2.8634108875638304 -65.1344129877597
70 87.27884487280946 -45.10082538327682
71 32.842387061430514 29.33273327598468
72 90.57773349778762 -78.00742796347092
73 -73.68801050223686 44.28140427491215
74 -37.17012361520888 -54.29356450379548
75 46.13387289156529 40.50143605447033
76 -53.937868803643376 91.53873215147163
77 -21.8199465223867 -17.790541463092907
78 -95.07773966498189 84.36523765928604
79 84.14619355350715 72.05029054867825
80 92.91820874104783 23.52410921394963
81 -10.535820438906555 -74.47962372948827
82 -21.61880894197536 61.97154968557231
83 -79.34898166510935 93.3398815353136
EOF
