DIMENSION :83
NODE_COORD_SECTION
1 -37.45670901889768 -2.925347009196159
2 -85.13999527046727 79.28805334539925
3 -94.96641378153517 -87.99064668733556
4 -82.57773350063349 -49.89107320587773
5 -28.039684975426212 -23.060360583882613
6 57.14086604227106 -96.8273025596782
7 -13.525112729988948 -76.70686152072639
8 61.70669202020608 72.07508149614253
9 25.87494737779295 -86.98476305153515
10 -71.17395333612893 -93.89390887160482
11 -23.259195878272138 64.76690062950755
12 30.976888769145035 33.135061999203174
13 -88.96458750840901 47.79163134587512
14 -41.66868884082802 -64.4830398852936
15 -36.08880676500503 -75.36561433336506
16 -47.83029265590777 86.3161098469945
17 -42.556260366182144 88.9343822899533
18 -89.78641243017877 48.80754402817564
19 -40.7611153773672 40.80278412080199
20 -44.34432832258821 29.130264454558926
21 90.83629247514108 69.83530956815633
22 53.267327765209984 90.13068585312075
23 8.059137688483446 74.59888722606982
24 -71.18492630909678 83.84874915751689
25 -36.06377516209296 -62.52949302639108
26 2.1194000452782404 -59.23692648653764
27 34.549190005692736 94.9955250574742
28 -20.559296258513626 65.82569365186941
29 -60.86578279276775 -3.528277241769402
30 -32.52125489901721 34.48098588042993
31 -82.00581752018483 27.254466331762444
32 69.12351986148764 -43.72261248454146
33 -54.746383109566565 -11.682609076513799
34 0.197101689085315 -20.655345179124552
35 -51.78435325974209 -30.10788778763522
36 -73.22252986448598 45.923379456513715
37 81.05635877570606 34.549508971162766
38 64.29699289391883 -22.70235526911297
39 57.81887545908896 -66.12583776786155
40 2.4597131032825956 65.89565125303528
41 88.14581490813484 -77.07732528930859
42 24.123239099654413 -17.012643298539047
43 78.91536293084144 7.945553382003951
44 71.64249970422424 -27.677945631426653
45 65.92291258104157 65.39149115646273
46 80.77428838350616 -6.78697849197836
47 -78.0234095812606 4.001896672611153
48 -49.90700705433251 -99.00962023081532
49 51.25168257180002 -93.15740898310693
50 42.96956339817123 -91.59264437422716
51 24.475455359686677 86.40866602355453
52 29.517212814499146 58.49920869399023
53 -64.50945109208342 13.47755388368293
54 67.50908118127245 57.55818038767677
55 66.97148333287646 -60.82559895982087
56 -5.87558907368593 -33.698175992966824
57 41.54559778842827 -80.24705472871602
58 -45.518367123049444 -72.02379618098101
59 4.296174038427708 74.88413531912835
60 -71.73191819653977 -75.95054643750228
61 -66.3979508704341 62.78373720397025
62 -67.62226340599322 91.31528165663195
63 -90.50529785270723 -60.700621102099326
64 75.31993762773311 8.640084977853249
65 82.19022051379855 -16.883641127960615
66 -81.73638686716005 -32.74865930454132
67 -21.819796430563443 -84.4692005656587
68 -42.06701965656414 -24.620922946615636
69 57.242211481554904 20.77761470279836
70 88.17247678173234 -83.77375330214161
71 90.95689333350546 -18.310049897154897
72 19.850008387371957 77.65785044603925
73 -28.204463150023102 -14.494247359470336
74 42.869329819968414 2.662870043792907
75 -18.431696260484927 25.92622008563545
76 -0.5861843988751048 71.5568902866371
77 -50.99998104561172 -69.93010833111344
78 -95.85443068038242 20.057611985786778
79 -91.57311847280513 72.75530945229565
80 94.93523929814103 -78.22067900337481
81 35.08413024392979 5.584086899564795
82 -73.20039766595421 19.35657167110925
83 -22.81886413602973 -75.41454652025052
EOF
