DIMENSION :84
NODE_COORD_SECTION
1 40.39474845007234 -31.55192479676839
2 58.051702691203644 -27.988110737742943
3 -45.05138730895102 85.55176907374735
4 36.03971344931091 -21.870822504822513
5 -22.313730894570142 37.62750064100041
6 -38.597139283842985 16.767039955589766
7 -24.76322704083624 -84.99438515797088
8 -5.82176610772504 71.43764789308099
9 15.138868378528159 -24.27650034733672
10 86.43159978108869 19.166635989523044
11 -25.185893168006615 46.347134368648256
12 -40.878860542309894 59.88110173767927
13 48.03540987590284 -51.80515885279573
14 -24.016364793819236 -89.40503571493517
15 36.470428096133446 -52.08033271946697
16 -67.02052085084478 -36.163647230424175
17 -53.89435635037194 -84.80437955626243
18 79.68441036149554 -15.824429425222107
19 21.833621538814512 -14.707722317045864
20 68.11756035811337 22.376420525472128
21 -51.78748081160545 70.61123585855734
22 -15.153258103917949 63.60763011783527
23 -79.61663332492368 -57.20307441114536
24 -36.18623336084943 94.31517286325521
25 46.357356935300515 15.823397945927994
26 -99.82616140761323 -28.229552318583615
27 80.36180165440885 0.4978251581373172
28 89.54488077537576 -89.02680462163744
29 6.660098448541646 72.11035025121205
30 2.4140288873604447 -34.4977699294827
31 94.23746108440247 95.49916599780374
32 70.05022470594545 -27.92894777234673
33 -75.02906346748384 -14.411360867701447
34 -93.87665192768644 52.95943914608162
35 -38.6213953029483 46.49743710377331
36 17.33181538402995 -73.84371160352845
37 64.76949926193191 -71.39739594265163
38 -33.307669356274474 -40.03704644985544
39 0.5923704330344606 70.48467423653958
40 -55.25320103654714 -73.02965462428739
41 -24.99207352066621 -48.532096416921156
42 -23.206824791663323 -38.26268421454184
43 35.18580777485076 -29.491196743732772
44 -51.65155268108066 -92.83834465204215
45 -64.44598880147726 88.47524693148677
46 66.40359612229037 46.44928243747722
47 23.2051965919363 -76.60263406318376
48 90.63191224283952 -39.24878451040843
49 27.89070128091717 -27.93931041740025
50 66.56357546125363 -73.0480711458001
51 -44.49019581381724 46.35088870114734
52 -28.158962285060056 75.75682851181242
53 -21.271790186750266 59.04863448894977
54 47.021265426290455 67.1405990874328
55 94.33638894343233 -28.687877316933182
56 23.992436018482238 -91.6177262054517
57 -25.815055382967984 22.873857096222252
58 -12.07567518212602 -60.673108683787234
59 75.01064947297823 -93.98259785328014
60 12.773102767307918 -59.82229002487074
61 92.19356045247642 -84.31121332714142
62 -4.2871124712526125 -20.963002131837726
63 43.46191720982557 -89.3635862562166
64 82.46785559368251 9.577473507947204
65 50.78835477812004 -45.737707902392
66 -76.62953096023838 -46.35944421316027
67 52.19731669371882 -31.093452356154415
68 -70.92727298010516 59.22159044823417
69 19.930249534079664 33.576191196761044
70 -94.81098666025194 -88.78362674553924
71 -12.60834873344541 82.66817219175493
72 -63.24927111608096 -9.532758027889884
73 94.52564090494334 -77.97416540192683
74 -33.795656959813385 -73.93881069183139
75 -50.25074520653672 68.70700163730996
76 -37.21389456895032 -33.50360193198031
77 76.29530141569859 -57.86915240745636
78 -83.54169399718899 -92.7522468169251
79 61.79405671836585 -13.190117800204803
80 -93.80662825758715 -44.57410283538798
81 62.149716154483485 -9.337540052787134
82 -9.756203685707192 -13.36153434313205
83 -75.75584678664657 -22.05984143784623
84 45.137399153526246 -45.173767676217416
EOF
