DIMENSION :84
NODE_COORD_SECTION
1 -63.91608243737752 -38.945808670588946
2 -63.748004327611426 85.48480852633139
3 -11.681720499936674 42.010743967864926
4 -31.62632357175046 -11.912470845839508
5 -13.154470776750472 -96.21967006304399
6 -74.57982417142674 52.4482723462402
7 -17.768449586499457 -35.71164980149919
8 81.66609452454566 15.977982911854326
9 30.699431449043345 11.281267528389805
10 87.3145201322111 -47.410779286311325
11 -88.26934185537203 96.9874438123361
12 26.999090802965497 68.25004182466435
13 66.72132487460419 -55.56497399805098
14 44.57122409995981 46.41833132616219
15 -31.071007620306702 -56.71039708222967
16 37.86510422402998 84.20735299998242
17 92.17228527172821 21.863114466605296
18 -50.015411043554955 59.547426161191055
19 -15.777939505883325 -78.01524798690696
20 87.7578502941347 -99.72729102897819
21 70.54931623621476 74.71359259146405
22 83.35702248452225 -12.023942222001608
23 -84.92827014196472 -22.588301218593273
24 -18.318262231877114 -77.36088543745147
25 -53.23271126312419 -93.51435925858081
26 83.95698989257616 -1.5413244513252664
27 -75.50012020278187 -34.85672107109899
28 7.097355857802583 96.95461550263695
29 57.128456350495725 61.80186195126015
30 -71.25891864287017 -9.641385061266263
31 -78.05215983974092 42.32241495747391
32 -20.54077420070155 66.44701008331185
33 -68.26417782171761 58.03461306105976
34 16.49649775454256 35.395150721729436
35 89.15777365082974 -58.44475052362566
36 -32.4979111367752 59.89476857378867
37 -62.99340157837714 83.69256473306544
38 -31.93976700122289 -38.31017404464898
39 -36.26771798164788 57.267720038623054
40 33.43199469602786 -99.1495797300271
41 55.94203908303277 17.473801083967146
42 2.7711010170555994 -1.481569775989982
43 -96.97151583704446 -76.56827730415876
44 -26.821593057812976 -20.47741165733308
45 -46.19016538395191 71.89162139986126
46 1.3110005193255176 48.1747093352333
47 1.0428238963367846 -88.43285069914306
48 91.863609407133 78.72299942337065
49 -73.10462865830927 15.379409802080701
50 15.091513439291049 1.3522023266191212
51 -19.057155016425284 27.926099233679054
52 99.64563120068874 -4.7153176372048335
53 -18.021903390679526 -23.21930788215691
54 32.342225732583046 -37.54965093457017
55 35.9021956778663 -61.234599921518715
56 63.090969650542576 -51.642428657733696
57 -55.81078645664945 86.13075625469946
58 61.05692154411878 -98.78879977741401
59 40.89508398195852 2.613834784732987
60 -2.766654183163382 15.987869334169048
61 -59.09300447252876 55.63598066471002
62 38.95395151337405 97.0929339978961
63 8.106495022075052 -61.55980953138971
64 -66.52526287529052 91.38727235266865
65 59.34591595565243 54.757198023497295
66 -69.39299479422644 -7.2135765385647375
67 -91.38565740572018 8.628456352366513
68 -51.51504080122087 -99.70154629577361
69 25.495920654472727 83.30327894323801
70 21.90254522555361 -76.71886809640225
71 32.99985583826387 45.66639477627186
72 89.25602204489527 70.86293997158475
73 2.0679952926783614 96.44128519648643
74 71.9801583302779 36.8865845290843
75 -86.45753600441937 -98.54623639303009
76 -20.532468826968795 97.39771982621093
77 53.10238647495808 -14.470728528354158
78 32.81206471108305 -25.384361246946895
79 80.6553475869818 -51.86361433534572
80 -57.68064864393623 89.48675763600903
81 72.89561840502469 -31.321785222916972
82 96.57801840709254 -75.6641791937952
83 -23.78197225564473 -90.6276490565064
84 -75.01216508924998 47.793721670851255
EOF
