DIMENSION :84
NODE_COORD_SECTION
1 -33.891424716908844 -82.14401488792254
2 -75.60985577023276 -47.055839193901946
3 -6.969242017788346 -44.49212045351203
4 -67.71364015322462 -55.648910426998
5 6.081828958622907 -33.64153339653362
6 39.425530844946906 18.37397260913609
7 -3.7179159202434136 84.02928283954051
8 -57.48834139796284 -33.51805146453674
9 52.11565320753607 26.62210334608919
10 -69.20801544109689 -55.053354897731154
11 -42.82605193936211 -95.97914885403813
12 -66.79272873938339 17.912699259890147
13 60.636390513744516 -63.51551565217739
14 -44.12488246780051 -62.126851439073505
15 31.605202555284905 44.42457309153602
16 26.880091938084888 98.93165556030141
17 90.53775008088854 -96.94949254228531
18 13.196208733967836 -77.35214148860045
19 74.49633901989338 -79.39582703852868
20 3.6686597500544593 -8.074100313221393
21 37.66204214180203 95.19517149741438
22 -37.66652175771643 35.32051148984067
23 14.53562931281212 32.786582097739625
24 47.95513310947976 -17.701031386373472
25 80.47526609151353 -32.329645752617765
26 -31.48615702956674 -40.58878429850103
27 -67.30278980220137 16.810596501013862
28 -6.524183980134012 77.98475990792898
29 84.5922844808965 -79.27813160469603
30 -17.96874657788024 -24.125238809842514
31 17.187438551220268 -23.911106092134986
32 2.086455549250516 -81.03613062155601
33 63.80837525778796 -50.87700706824456
34 12.64800984693268 42.52056427976959
35 17.47565804070473 73.68965588451161
36 61.3385542567371 18.188594311468236
37 45.29334511885867 -15.46921448841428
38 -90.86483217005737 69.29434337676915
39 70.06575124591566 13.44410082811818
40 -63.97699234646965 25.322926252323867
41 -63.395493210132734 85.0713777364154
42 4.108421255934431 5.827924970043185
43 18.66461351860893 88.98613616403222
44 58.83724341502577 -45.29629991612867
45 42.174776113271434 76.06054546567134
46 34.31560695480806 7.663323110642125
47 1.4038882799747938 -70.36962248457229
48 95.3321709357862 -31.07081389220066
49 -73.06793787927457 95.76576356213593
50 -3.4678659679560013 -2.442581807474184
51 -72.22885673421118 -78.00518087033302
52 -31.704856724065777 -40.51861126235703
53 -25.293685252085368 -49.88399113277404
54 49.220549245986916 -11.726566549282921
55 -82.09320685529408 -63.72563689528678
56 -23.27478226094992 15.788292315680863
57 39.080378037281804 30.265611709061716
58 20.110551866657403 -16.73451417567054
59 26.922973352194532 36.07148126909294
60 94.55696034347099 -75.86774343209748
61 34.340958351799685 -3.0817039410956113
62 -70.14435893436058 -78.33756506718575
63 26.90066907532953 -99.3097305871949
64 -15.711001529304227 87.81091098767271
65 -35.814047697107924 85.31777569424719
66 -8.077325000917995 -16.042667855132024
67 69.22127293850153 -61.199893372085114
68 -89.32633916989379 -90.0433044720123
69 -64.1556678430509 -65.18891030249405
70 -1.1293963904821567 24.808659215674524
71 99.88890363746827 -77.62476838970701
72 -10.376137169891535 -69.57864035995235
73 -42.73507269914525 96.89091798872428
74 55.17459917424054 -50.640357919354194
75 -49.50031857645283 19.816393546942507
76 57.49354520246851 58.13166389558705
77 -34.96973474169884 25.623198802038544
78 66.75185705675588 99.48187845516713
79 77.51422563014921 -42.83906138579425
80 95.8878791042408 90.32249639290825
81 -19.348211514434 4.366191946769504
82 47.34528621870075 -33.65046646392753
83 -27.510383662946538 86.28748226071247
84 -2.840455946052117 -39.94629668164431
EOF
