DIMENSION :84
NODE_COORD_SECTION
1 19.29182330190035 90.88408883029959
2 78.90910512029151 -64.1430792079757
3 -33.22486760180654 -66.83986894994518
4 83.83087077044789 -90.95107481710363
5 -55.622929457950335 -96.6916089033958
6 -19.813946250071496 -10.67282524043766
7 -41.68444446421717 -96.17952854624498
8 -41.901699723155225 73.66248499422028
9 -11.30207065042211 45.828813271412145
10 -61.767301729956856 -60.90676078585457
11 42.24937968500504 57.910830787414994
12 22.383129649306994 -54.48647221938212
13 70.09056480882819 50.935018179821014
14 -4.254841048785153 80.38263990662301
15 -93.88749502569122 -25.376063354945018
16 54.87954033794742 69.01936300622705
17 -11.276620525103297 -39.701672211848745
18 8.223092492733912 23.558389204940553
19 17.218485174216895 34.30544307670371
20 -49.89485244627174 -15.689652510929307
21 63.7511152545257 7.923871555831937
22 44.57943144949064 -80.81904695527837
23 12.858729440743517 -97.92388593735404
24 -28.017296745339593 89.96884728137329
25 -67.27471442864771 48.969329909488266
26 -11.016877848757488 -31.22419655612123
27 95.83723744038531 27.823615450116137
28 31.98285105806167 93.42694457866145
29 61.417219026460145 38.136363780977206
30 54.090941345795926 -12.287188377964142
31 -92.00399659121604 -8.52980557865601
32 27.484132892228814 -59.570947316237756
33 -38.29007501533304 -88.45890094222686
34 -34.17523539454443 36.60366300479765
35 4.387434056471889 -27.577515416335146
36 -74.49345668663207 -35.034277993840774
37 -34.78489448913777 75.96982096244221
38 29.850487427683646 -12.376371870195428
39 -99.25003495237009 72.10969339885881
40 -73.0251016436371 51.08492082222554
41 50.27146299206703 -40.57380792468865
42 -60.085142669618506 -57.836130755508286
43 -83.05684012949146 68.5164174930114
44 96.668188185357 47.986953077388705
45 69.98061743871818 -73.12375412538164
46 38.19646704656682 66.22058830028394
47 88.9985339399696 31.616320212318897
48 94.01125044818426 -70.19063002856434
49 -21.06308755905006 -84.90265417138876
50 -12.172858213114154 59.92723338604907
51 72.4423355967362 78.612975080659
52 89.86498575469045 41.508036117897376
53 -93.69274162951291 -9.462591892517707
54 67.74001686833284 -72.36400072991643
55 9.546567076942665 -2.105933689016865
56 4.471307641716706 22.24066082512128
57 -27.08262921992332 84.09066288622472
58 -49.999513476447596 -35.04506106876745
59 -16.83552437354365 -79.3948140486427
60 51.70919596628042 47.659016384731814
61 5.779230461371299E-4 6.696116705730006
62 69.77636638269647 -70.85314828703929
63 -70.19324239957179 68.74959018106176
64 24.817979034502883 82.51607493893349
65 -92.73451767077465 99.66504301727772
66 -51.89659575138836 9.296251569931584
67 -65.38525404432158 58.719997875384564
68 8.744188075842743 84.99437372920704
69 47.9387382766715 -76.35624274494765
70 77.60249506837448 62.65066597752977
71 80.88681056532948 89.1688252469562
72 54.26817046494597 -45.838217816674984
73 -21.56084590048806 40.1178381589487
74 31.30479283647827 33.542472116336256
75 76.81423133248015 -7.8769724008868565
76 -0.9332349324630513 61.961002994979
77 10.339388621924812 -10.635866351312643
78 -95.25901854462646 -78.70243290440897
79 -67.91717431360323 -23.750172739804682
80 70.86822462254437 61.13898214306087
81 -57.72846440480877 18.756785987191932
82 51.4509524229627 -86.4628779589794
83 6.996481659538347 -58.82044613143833
84 -42.144274210210206 -89.47748320847721
EOF
