DIMENSION :84
NODE_COORD_SECTION
1 68.36136185523105 6.317357996790804
2 -28.20254451370188 -75.86665185789772
3 89.37898191828145 32.247340432392605
4 41.636893626883705 -71.24519433047047
5 25.011124481336793 26.719305999780943
6 -93.47205106194916 56.50130858843312
7 -23.38260887125989 4.954785360361228
8 -1.758523271994747 -83.16069710539045
9 4.106651363776706 34.31798384029128
10 -63.50122873507984 -80.74288125614287
11 -2.8168473192307033 -7.249718700572629
12 -55.54278345324721 30.023013423370173
13 23.05542116964476 -99.57802713742663
14 88.03722163821539 65.9696435087663
15 49.515334735752276 13.010592138934413
16 50.20493557448452 45.45261455577639
17 37.02147184546055 -88.69562478424263
18 -88.32317118949891 53.54493575684043
19 69.39729364321548 99.3683752246819
20 51.113755447065955 -53.30681797871002
21 49.981332501506415 -67.70016210338741
22 0.7236653775658795 21.47523195645151
23 -71.4568790151468 34.638549231343035
24 97.29374787439991 -97.2364046850561
25 44.00508991155067 -58.21316391850666
26 54.02432684179453 -31.487724432089067
27 -31.012648037293758 99.33305797142052
28 -54.86166527505001 21.549327083474708
29 24.418747904325258 -11.038551004694426
30 -56.90815430171521 43.17118376926646
31 -4.065900259144556 14.6702160773889
32 77.31271083936059 -81.00102148187203
33 -71.49574973532782 79.30888913247725
34 93.74571614267637 14.471163215380201
35 1.7219539485200812 -91.01501284849667
36 -13.915409285576132 -4.489294101143486
37 -4.606708851943651 -58.32094168909698
38 -57.57763034250818 -60.6807260082836
39 -56.43917267456866 -13.553639051586572
40 -94.8465233644255 -39.085113164519036
41 44.81127319554682 80.87231835815689
42 77.31230538816254 92.94350723443583
43 -52.30295747622866 26.988122070533223
44 -74.86532361652654 -0.5408092779576918
45 -37.67243433483025 -30.358194954760307
46 -75.51989321293695 78.78143071252143
47 -37.33713460071015 96.35923485583464
48 77.85440965389205 16.20236171678083
49 -61.23159958500652 84.01847157703841
50 89.1236572152036 84.23066635341615
51 -65.7332038226017 95.20010862580918
52 24.612170221697212 56.22293091803482
53 61.448598286984634 -64.1348708399961
54 -87.87128405555369 98.66741079453004
55 24.980799494879435 26.051017147097284
56 33.56662189338854 38.049125815358764
57 -95.12161226892688 -93.43420834437038
58 52.07520450279844 -39.86070278523164
59 50.38078917336074 -92.80113654115966
60 -18.598704883232898 -7.283769060943058
61 18.601587194619086 -64.24355270102603
62 -47.148621783307476 -52.86121580353622
63 -44.70345872539081 -87.73141670923616
64 -35.57369880257322 49.85760967290369
65 59.821360962656286 -30.996350572572112
66 -92.96785800427625 81.86341904569636
67 2.3273885466983018 -35.534542799798444
68 -45.72765261807519 62.235699267775175
69 -31.530148733457295 -81.66292844928758
70 75.17782081432179 -38.63088785244766
71 -4.620161481333085 64.37448309203774
72 -16.666731732793764 10.119196471543887
73 32.377891876044856 -60.457645367685764
74 71.20953217711767 -16.977240646507568
75 -89.1165659199504 80.2232148503436
76 -4.886629792815782 -23.087354024818765
77 -59.79893722088087 80.12040234415664
78 -25.98245596182673 80.66041901283896
79 -40.65891626048297 -20.485836388610494
80 -55.364212215226715 -62.55523021017508
81 -30.241635819893744 1.819483457153325
82 75.45870138584075 -62.14268342944149
83 -50.12988367598676 -69.06690858911358
84 -15.93187035123158 50.32170952162133
EOF
