DIMENSION :84
NODE_COORD_SECTION
1 -90.56028571369376 -68.35367753858448
2 -75.10065480344548 94.71589079393061
3 80.39031860506623 -44.56052894104363
4 18.721655997233924 -4.248538455429056
5 -39.661437475305576 45.262416879354504
6 80.4598442222267 14.578197763646529
7 -73.88483856017265 55.445264651867376
8 -31.419736483320747 -49.75423504496204
9 -83.2341639302085 -63.32810203398276
10 27.117054536071052 27.068831557631825
11 49.00254592920555 0.9883824908835948
12 -79.48452017444951 39.60567611455238
13 -27.198490165668247 78.1071330267614
14 -28.179072860693097 -86.1252939246564
15 -99.17877399318003 1.8069971690080138
16 6.343747701662679 -38.40293268717567
17 -47.460019449160406 24.01829514952452
18 75.78154726112965 -46.33213561858347
19 -57.51075954874714 -55.779010340650714
20 91.8822652170955 -80.27764660694396
21 11.685581289358126 -36.9267389955493
22 -65.91719967757521 92.5776555460599
23 -47.659446051305544 -78.27323077888401
24 12.159577123557838 59.49462575694281
25 -91.8455814704439 72.07394180872356
26 -37.22100859101991 -43.38159487205515
27 -54.02384771838984 38.211736506388746
28 -62.06276423419139 48.62049014086793
29 -10.661178061142678 -24.304605301675863
30 3.6305759717694315 72.47897143104834
31 -19.644102931234016 -87.30538470760354
32 -91.30128952513816 92.4978635766044
33 93.69063218818599 65.95395520512895
34 -93.36465202842734 -86.9196639670656
35 -35.21268192298197 -35.502085228133296
36 17.261874149375856 -73.56508781091205
37 14.279579704069661 85.3106054607326
38 -99.4887463836819 34.30750299676606
39 51.4676559807817 7.758755276756446
40 -18.82876147362515 -24.003497036252597
41 21.983028862524662 27.3158381969198
42 11.28713071481171 19.32198788486319
43 28.235358921560902 -65.815628478002
44 86.02625343865651 -73.11572187973337
45 -4.036690768972591 58.70228629846696
46 39.15760289000113 -3.1388960691260337
47 -13.8126944896823 -87.041564652517
48 -64.09813906845551 -4.2432822253160225
49 -40.91109908658412 16.83137052761832
50 53.75839738299959 -50.06966904127603
51 -15.18199022087326 -13.295462623107142
52 96.01760612529367 43.39536360169646
53 65.9557060348375 86.40016216022661
54 18.018293339276184 81.29497589552625
55 87.33704049175967 -7.586942511549964
56 -37.18846407105747 -78.3764919156863
57 -58.83532508829623 -90.68520191047796
58 0.7440065611410205 -47.822567181641304
59 -11.179094150704486 -13.762369104136198
60 46.575120436695386 95.38356229586401
61 -84.48797360565166 31.63660788459677
62 88.09424593013733 -39.433767989417845
63 -90.14431780599772 1.06753361186027
64 -98.19454357516565 31.379360607898036
65 -42.25165864183775 41.50726502759417
66 -45.90087619616872 -24.45682744343962
67 78.32660645514659 15.782153859435127
68 -9.568977947084647 94.68966742305648
69 -50.437304184787514 1.9591978126127287
70 -99.6187028483567 -5.965252678034474
71 -27.989138233854874 65.09389257472864
72 13.0672049343449 -55.240872064830015
73 1.4482094796657066 32.5174782529983
74 25.23496958014708 -63.60581981949647
75 -55.37011224457628 68.88563125445498
76 93.45787417020742 72.17288778252262
77 -42.89485503341517 -56.50050250427632
78 32.21906097702259 -52.77977974074983
79 -91.98261317413119 9.9491505249202
80 51.25921702132442 -32.37881530869231
81 84.0378723626593 76.91862075755594
82 38.42081648512078 17.81905031633555
83 -6.94072105091665 -60.9694025475733
84 48.322151045550555 64.4601027025368
EOF
