DIMENSION :84
NODE_COORD_SECTION
1 -55.42254525873982 68.39413847882986
2 -82.1698744316772 -97.76453760666872
3 -6.210427366012411 -50.70342409098912
4 -98.43606399548084 -1.1181369649897022
5 -24.87189391069235 -94.13625374568196
6 71.09611328974648 91.21774523897963
7 -8.911465880969914 82.00517284923293
8 75.79032132938201 0.1050054006127965
9 -40.49759687409447 60.593540025971606
10 79.54841436164267 -47.22276904782306
11 0.28256652877276167 27.040667125111042
12 78.25759921932632 67.04148573058754
13 20.579412476589894 98.1560628687053
14 95.44899992500993 68.86872365833932
15 80.84930280583526 -17.95863175735019
16 -11.62410208014704 -21.63555010841624
17 94.06302379983583 56.06277720869684
18 32.071408524766724 -88.97500483566616
19 -38.741469306705056 -97.51718156675413
20 -34.4529668956246 84.34909836132152
21 -21.131018943806225 -74.87815264566075
22 -17.855014423133127 -5.711626776241403
23 66.73345776629847 85.45865354270072
24 25.15880987599995 -68.31559337024743
25 60.424452443303466 42.86866192158567
26 -89.81166861430437 -54.24580258461067
27 -12.497302262326897 61.23734865761793
28 37.296616928119306 29.84984920881439
29 -95.4635075216344 -47.02465122696802
30 -21.111919588407076 -95.86768204563683
31 -89.80074261415902 71.50109252036168
32 33.328528323393584 -99.53675070130225
33 -30.514410477832058 -65.4544462834671
34 -80.32058462476277 -83.26711497369699
35 -14.937309050428809 63.17302956834726
36 -44.47976361588839 1.0061034012554444
37 -65.99946847316093 55.20072813211584
38 -92.31555663091562 50.28277830753882
39 51.600777333795065 -23.26086399941734
40 34.8359611180488 -35.66739127328316
41 -11.22906321661219 51.864147599157235
42 51.16475262597635 -18.02123220056302
43 -4.633087697006147 -42.02902384218792
44 32.081702886181745 45.368586222143136
45 89.15354685063465 -6.851026252189897
46 55.64438291335853 87.18379587312899
47 58.50943242558472 -28.044419712793683
48 27.547006088117755 -83.59335223280632
49 16.728698477050187 -72.74347372764845
50 72.85943134567304 90.17255956950183
51 76.74922238823925 -51.66127872961002
52 94.30147987219365 2.403766092968084
53 -52.636920852312194 -30.70891223874814
54 -5.309388480014547 -5.667337648664315
55 65.44175240810276 36.68780307354379
56 40.302400108294876 -2.3124383031770464
57 73.43512495319717 -68.10254552476684
58 -97.76508524827807 58.22757246697961
59 27.379848188016396 0.880616146630004
60 54.46957455535582 55.47751150252799
61 77.87923544856335 53.12748569266225
62 30.172743469639244 33.927652652103234
63 -95.00656299974149 31.426257467098594
64 -58.116256692471644 -8.372640734010446
65 -92.29489093573882 25.441928828538437
66 56.586661076556 -65.98447931934388
67 49.602523170075074 -95.37559660010386
68 83.26476648643711 93.99496674857744
69 -55.35159198985895 -20.246297089036673
70 -21.611941700490462 43.671950357276586
71 30.37961717300587 67.46921369762583
72 -96.11415704869795 -21.154133713227054
73 -79.39097207747082 -71.58100936295679
74 82.50800401550521 -55.75139028481486
75 55.677902909715584 77.20411590744197
76 87.08002838562447 -14.303280492496711
77 -24.46676665107708 21.08228731944041
78 -26.991516281025497 -35.266134616686685
79 -70.61860729569065 74.4337291370166
80 17.49526523977825 52.00501583357075
81 -94.60415359608724 17.28174949494378
82 64.2702951072252 -72.48212014875446
83 -85.06675120840168 18.699160054885496
84 -10.745781779823389 59.11116635470927
EOF
