DIMENSION :84
NODE_COORD_SECTION
1 92.59343171977505 -24.628236187729357
2 13.213514721079676 36.96201170123942
3 99.53532955423802 -15.80346756184295
4 62.619181179631596 3.2238665402853712
5 31.44322499077674 86.33320815130367
6 17.93922970543788 -60.65611151881723
7 -43.49714384131165 -42.60506324414801
8 73.36128431778647 64.23338800764594
9 23.92397907304901 -79.61165917542301
10 -45.60185082385282 90.47875263722852
11 -1.5047659739433499 21.875678271794527
12 77.59035164951632 -80.81150101025258
13 15.449372772122857 35.358144111009835
14 -45.53983245072777 64.93311550199994
15 32.67138975486577 83.41467252972984
16 -21.04342616093355 84.05044085565305
17 52.008545780420434 -83.58022119872885
18 -2.01778173139175 -83.49668101788532
19 -42.58211010070523 63.202960378143814
20 6.194997298577292 19.640343394182366
21 -25.086551679297912 77.80127563876255
22 -70.87148772383148 71.62466647046551
23 97.75180265238271 -53.50423864487337
24 -37.22296265338401 52.959727675731614
25 -59.97869424600684 -9.388535836293997
26 -76.8575679360185 76.4549416046502
27 -17.22318089612658 -96.90016146118239
28 -74.15820909374769 29.138512639103112
29 59.08839219114543 90.7114079709583
30 63.72631278552009 -85.96160964665818
31 -12.151216219098643 58.60557239656771
32 -20.436613446004444 -64.58333019699482
33 -89.08854905660657 -29.466401744160578
34 -58.81457688358629 57.95663008763958
35 -85.89298857757302 -54.73017101336921
36 18.110619416662615 -11.43417080074957
37 -80.08707544137769 -91.24484769314556
38 31.49230730730787 78.8725387674495
39 28.027526284576794 -88.54396058296985
40 -96.64488084169389 -72.84291923490522
41 49.826292045571876 -58.2687505519135
42 66.42784433188967 70.37350296331604
43 -66.34543334487418 18.537601247384742
44 -87.51570293584324 -99.91878382278392
45 -89.8622271097589 -69.40490271625927
46 54.95516918166632 10.520228345482494
47 -99.8334867739805 4.170918900562157
48 60.67534281545079 -7.272337184645011
49 22.940595628938112 -72.0693616041256
50 65.98276899714773 25.50735277980172
51 -82.56739960655005 -59.15564082716826
52 -66.01351135010987 82.22834440730458
53 47.85814869676861 -2.075749885341807
54 -67.32698617403832 -28.157852381338344
55 2.216546782641629 68.60926754603125
56 -82.37816912688427 -36.82722780266463
57 12.692188964265426 93.90171158719679
58 88.45230803768209 3.447498152715653
59 -72.31657020580883 -69.10055492994161
60 -45.27408997533511 -64.79948374687663
61 47.45245101292684 47.15667735320869
62 -5.120834600733332 40.09550692611023
63 -1.1339656535685805 -7.654823615095751
64 20.864350094605015 93.87744270965439
65 -30.576204690536997 -29.02309069814801
66 71.5264817577353 -96.42215319399263
67 -53.25306346432861 -32.51180178027313
68 -50.653234455104254 16.261820371572668
69 -83.07274825943682 33.774465984860086
70 88.03413995086404 -61.980749277538564
71 63.61252109634387 -60.69624592752136
72 92.54821119969804 -17.4333339188304
73 79.43113690111863 5.226233780609448
74 28.488356493093164 -19.25976036252625
75 -47.664733601397955 -3.563939667407112
76 -45.614576008183036 -74.67548577013278
77 21.6685166610946 29.330869244180548
78 88.28389422661078 0.07550099125903387
79 -87.7595264863448 -31.94662425615779
80 -20.895911583870813 -52.53912001738781
81 -50.58271967916217 -71.71144349045638
82 -86.37457319482695 -33.44598826603399
83 34.21372093032062 85.2289562565073
84 -68.46661787223675 -99.31733433197157
EOF
