DIMENSION :84
NODE_COORD_SECTION
1 -3.9381722250429334 59.10210248233045
2 -23.943891500185572 -15.266060945229626
3 64.14802603879036 19.26971842532393
4 -92.14909337940098 -70.78597210671023
5 -49.19775748277016 85.07693257907385
6 32.503287122035346 4.652786853406354
7 -77.14452037965422 23.333674063684057
8 47.6758725548728 -82.61497837240802
9 2.22251995441934 67.4734883756453
10 80.7093395999496 27.859815687939275
11 46.81524308082575 39.091538926590715
12 -25.104126300498564 -43.084385866702426
13 61.214630823975256 -23.7308485695833
14 -38.12579221419994 6.010482643437683
15 97.72759808889288 -62.436942100955825
16 80.4794120967984 79.52386998187379
17 -21.8185157475032 71.82659259523965
18 37.73240676180362 -90.83947724131203
19 -82.21446203137481 96.56914624894085
20 24.255378325289172 23.65104022004327
21 -35.384682261872655 11.3491971714395
22 94.2512009955075 81.35772827544082
23 -18.24756697206091 -12.264588744647938
24 99.28628185439544 89.05849857465776
25 93.83872535721025 -76.3407770247172
26 25.467902339294923 67.09553338160848
27 95.78043029266075 -72.47848119328688
28 -74.79127440518003 89.23956252253711
29 78.56449588261901 6.204982675282025
30 57.622597348284785 -74.9653308250492
31 65.62581633060014 71.18276822938938
32 -44.30255260743265 -56.9474701105499
33 -27.069435623548927 48.20330078550799
34 -76.25743852802054 95.39914239791761
35 -93.08238866194043 -21.430055690847595
36 -64.79086724969707 96.9811461584141
37 96.66630407879461 -66.1765810418993
38 48.834526032873896 -62.547222661788695
39 20.135654465570084 -69.32611423804525
40 90.16224254783114 19.428792918355285
41 -70.95355423601883 29.31870575739339
42 55.84116134562504 -96.53744790600456
43 2.954363618668282 25.82088531013629
44 89.70917478433662 58.4525783606353
45 -29.71121268896026 8.012352009420809
46 -47.48206854081851 -34.444949445300054
47 22.608502726196747 -65.57477199988402
48 61.2569072566215 4.343633665531414
49 18.05205963591912 -82.95669490878541
50 9.386637681872713 -38.12782066003808
51 -79.06281111422733 41.20510361710757
52 -4.107531491811244 -51.5401248376697
53 -43.30988379745659 -60.22125902716973
54 -11.078168296167973 -21.567512561069748
55 74.76231889694782 -46.23182251882842
56 -71.13058176392482 79.71741242548447
57 6.918691560861362 -42.20075457987809
58 36.126452729655625 -66.8957279348567
59 84.25775935041295 6.473000345845307
60 -69.68838554517288 -89.85307075428295
61 33.551070472540005 66.36305830550546
62 -9.347191659089347 -21.903222823230095
63 11.965505115744008 38.472564035405185
64 -8.709457518162594 70.9212638321234
65 -41.04120464670942 47.25551220159173
66 -69.37475096895353 -12.624300530138896
67 -54.884955402200866 -25.153752383003464
68 -59.56761977457563 70.26039150451783
69 -20.08625087787155 52.93000281365241
70 8.320761930566874 45.40925614033881
71 -96.0977993207438 -10.273630153398699
72 -23.788840223509354 54.620136069853146
73 -64.53215003496842 5.846722263580588
74 87.86369508421762 -96.34893352472818
75 -31.616277027696626 80.32563589844659
76 50.084150611310406 64.5708116518459
77 23.526547581803854 66.91538102259966
78 -54.909083225798064 21.16611796044245
79 -53.356199540807346 -69.22828055120112
80 -14.37417112336891 -73.22795184805504
81 -86.2275308176835 -23.05181920217916
82 39.743634662223286 55.80602277115497
83 -43.11114789894521 -5.34480787217592
84 68.81660425823787 -26.549948715392205
EOF
