DIMENSION :84
NODE_COORD_SECTION
1 65.45618701181616 -67.78455127566976
2 -76.44627679381122 -78.99220211981985
3 -42.262099724579436 31.104527408692746
4 36.11812463663611 -91.43263413791256
5 78.76049083503551 -46.57268840160383
6 61.35364509302349 26.365000328330893
7 -85.10804791508886 -64.80709852212468
8 40.876132385470385 69.19327925529757
9 6.0911139424365075 -99.6229680643761
10 25.055255745336822 22.874378736988305
11 -92.27842726467554 -17.51098023956797
12 36.55082188620838 -23.893809708413883
13 47.89570451784721 33.93120030190357
14 -99.4140515400534 85.8631353494757
15 -91.83741758976609 46.71633990021434
16 44.47770972013356 14.155671302742604
17 -24.920032773412586 -20.602060980831283
18 54.29768805468862 -84.1335158640106
19 -88.81268813102285 87.60708428542759
20 -56.863744416367744 50.545463229025785
21 -23.87684326027157 89.37879936145933
22 -66.70398701315207 15.45962329340523
23 92.10685471611885 -38.51023911168505
24 83.84143739538564 52.858093130385214
25 92.73121129869253 59.31842737667915
26 -94.71677106789811 71.326569071824
27 19.98909910600844 -19.72245458053719
28 -5.222414918671177 -60.73055419351818
29 41.68371290876706 -50.34176692800179
30 98.07197612846596 57.97206201021399
31 49.8486990214455 97.76376586767262
32 58.53077194345349 2.3595516443417637
33 70.53093004050672 18.500295465678334
34 48.925487645240395 -70.51724855189816
35 66.26527118027826 52.13082958906591
36 98.276000678712 97.92578799242816
37 -55.20275583346079 18.68779933803299
38 23.880758134352178 15.743981154378744
39 1.0860775467278643 43.57869841580026
40 57.77538609655173 40.20476363054567
41 14.347145977290765 63.208187010467555
42 -82.78915663345711 89.51837746982497
43 -2.1305786132642055 -24.02068397694339
44 10.343668458885432 94.9091894326067
45 -43.429913788130705 12.82537015914329
46 91.18260398711183 -79.2074833891798
47 -54.27498166575753 -58.53687568288646
48 -18.062762860715665 -88.51410398680231
49 44.04043698307905 -10.152870142085419
50 -33.733914518540715 -15.202125979041469
51 -44.79242214172492 76.84395536399589
52 -76.47707449048984 86.00130592532247
53 34.30877253688294 71.93408412975378
54 21.95182245316461 40.11239053256409
55 -1.0801061493435498 -29.21141685699081
56 17.882889370507243 -3.9393938631199035
57 29.480774499117814 69.85634673096419
58 -81.66770652248445 -56.75119094900496
59 -10.518402232174552 50.63711882663492
60 -43.988296823899134 -0.833141682203518
61 -96.76001901940798 -56.895742062487486
62 98.60378632101697 -83.86388794661755
63 17.51995202273568 27.78056516353658
64 68.26206534267752 -64.07370286428443
65 -57.02938246185494 57.25929466650325
66 82.64494002292989 -67.09975807310127
67 -77.66117933095472 -69.49827888326818
68 45.395230501815206 -70.49393845724994
69 4.636784497095064 -62.96843694613141
70 -88.17181958399745 -57.64957301237834
71 17.92211609741055 -96.81425213666665
72 34.69248697345054 -77.2493564761321
73 -71.9257419958365 18.869967410251064
74 55.22030515163135 92.57728477427526
75 46.927991406430834 0.8065798573319967
76 -53.71603728056049 44.36324415511834
77 10.351106300613026 -42.948545794195844
78 -62.67148621723315 -25.9309730519698
79 85.32998925120603 57.595487591476854
80 54.85090073128026 -54.44165024551943
81 -15.146575221712638 87.15545033786219
82 97.54806297388191 -52.24805217654267
83 -29.638590618526294 -41.20198102690629
84 31.857783969403187 98.59174032527915
EOF
