DIMENSION :84
NODE_COORD_SECTION
1 18.934817304552197 86.20149667338296
2 94.1971186561529 84.33354957807464
3 92.6996531953724 -65.34531167520817
4 6.171058624610339 -44.20028132558653
5 33.03212028335986 27.915671409800822
6 66.78770873454465 94.25879985385274
7 48.52832801601653 8.695979870411236
8 -1.621586872128205 -29.959481606868493
9 -95.57138232333007 44.92895510466542
10 17.114480715274198 -0.892864227540386
11 -1.869199535379522 -39.91997365082207
12 97.40107328101885 40.25412883758784
13 -13.418791850750296 -82.24672201853667
14 35.91804520239151 -48.56793884435346
15 -28.517789767976126 87.28502311049479
16 45.9534817041835 -23.88151267687762
17 -32.018440660438614 -11.695937933551392
18 -1.9727712731340432 92.58300729563433
19 83.48535356640701 -85.22251274634102
20 89.40336177183741 -47.9475276869483
21 -84.53696651450089 -27.150195404355898
22 72.94195481125874 56.19752214338942
23 -59.41059971291296 31.82242616829555
24 4.842193133210898 -19.97431802816348
25 -87.70480530345952 83.90937835913388
26 -18.819627160076408 -66.81977109789929
27 -90.22571584423169 -64.05561575364875
28 -75.25203946775683 -29.191811845665242
29 88.72218876901562 15.00336418686912
30 -43.45367832820652 -85.42511568249517
31 -27.44290338250363 -40.05442096572893
32 40.39645695174718 -74.93357039768884
33 92.6012067199836 -7.834390664255466
34 24.473492839468975 78.73574253201147
35 -63.32329858019996 11.387481890185171
36 -79.82264569381094 45.71160853999319
37 97.7972946242127 -53.87867450794812
38 56.60250395130447 39.204484758818154
39 28.112806244956573 -96.5580394625866
40 27.971321217649006 12.90672314740533
41 97.99077606405098 -90.96209624220945
42 -88.25289144059172 19.69896385633369
43 -63.90422706114347 -93.98164800983979
44 76.74441451040889 -86.86141926823838
45 83.55349166215493 -10.24524413540695
46 23.40583506664018 -27.37998339148014
47 33.763392040590844 -3.927367583460949
48 -97.48397157091829 -36.239008869125676
49 -50.84982583907311 -68.60159780288673
50 43.97530030703095 7.482600242050211
51 -52.879116175272586 -63.995017620658736
52 -6.143403076710314 24.41538235084637
53 29.72113818665477 -94.71093032396493
54 5.8213815942314255 45.67747767368954
55 94.96035901097991 -40.94802488555027
56 62.071352375315655 -63.26486815067926
57 12.502598691856576 45.04503349359456
58 -90.6353923886432 67.9697393112319
59 72.39603264567492 90.57964009371256
60 87.22636442594074 -16.260163904955306
61 22.740798703939504 74.79097618258669
62 98.33592660485931 -28.85962452941277
63 0.6713691754236066 -15.816330234688095
64 -74.82687199777757 10.3257566807263
65 -69.24372025481452 35.376575660007006
66 32.359136259873225 -99.82282915892264
67 15.89449841100334 1.5029874457732006
68 10.72789887045191 -3.741267324833956
69 -21.98554679956895 -37.488364040565145
70 -82.9837575018581 -27.57882172510078
71 -80.64195387081439 -85.34705425323494
72 -57.83789904765886 -76.92426062288806
73 69.85881642826641 20.723935040406147
74 -98.44805336064775 -39.925020742177296
75 62.099750302953396 60.1844256649002
76 -17.83998584150885 26.301450212047257
77 -67.43702363752983 47.04609295806853
78 4.373580321049914 -52.52096248908755
79 -13.64000670320074 23.475047603158572
80 -39.60002391989066 -25.61405531854433
81 -17.64221285339889 -91.66229518317476
82 -23.497325793083917 29.56236053092249
83 -3.4073983539614403 -17.54125789959899
84 -87.08462367151553 -34.23013304829129
EOF
