DIMENSION :85
NODE_COORD_SECTION
1 -55.15545523865424 -6.543992261874138
2 -71.6870103611092 -60.15758556194155
3 -37.70407549888972 -72.18029364780014
4 -8.540639376101254 1.8942142241326962
5 91.04730924162851 57.08692406739223
6 9.224382504850297 -49.69886892406634
7 39.55311794001008 14.523399558697434
8 -11.881060103238156 -97.33631232604705
9 72.58548657486827 19.698277972804277
10 -7.799557807796646 31.452468570306678
11 86.32778770172723 90.26172179709548
12 -82.06584116535369 56.92022945444111
13 6.705217165674512 80.42790408328494
14 38.840024762105315 18.370390359445366
15 7.418474227880395 28.2250970895237
16 14.535550235205562 61.019460232927486
17 85.74815716029744 -38.26122310864179
18 -83.98799598669453 84.47993958580025
19 57.04910491966578 -86.01250192753791
20 57.457531216625085 38.92945295087128
21 32.95537291510752 26.735652270724913
22 44.66757053121373 26.320793813444965
23 -66.33177841694402 85.46100445790245
24 51.05934303755714 -33.4732867434566
25 -48.69903251626666 20.859132531973586
26 -85.46613390296929 22.102283225273126
27 -70.89388616052041 36.680950271601176
28 11.905459338880007 40.38680216059922
29 -49.488194915840154 79.36342458584213
30 12.345234667889287 -32.04382516181394
31 42.246135428844866 -48.17213277450918
32 -62.73827051040259 -80.02414087817937
33 -12.570544126896749 91.98403768664602
34 61.2682914177426 -54.20652464438389
35 17.36638868963007 85.8925008717176
36 77.36345889914256 -77.85077210904625
37 4.870734439545757 -33.79831414505965
38 19.177119362153178 26.671446417143827
39 -82.6918489995472 58.39013818781103
40 84.1117630138601 96.86345673096727
41 -95.85702628374423 -19.49138984040715
42 -66.56519749270163 63.57718470233351
43 91.62709286727312 -23.469478249663496
44 58.854350666330504 -36.99204270195613
45 -63.6296205910299 69.08362023100582
46 -0.16244412748488912 -22.46610640668014
47 49.88377915981641 -45.750463007526655
48 -28.092951836663644 -66.73747325359582
49 -52.212368025961474 -70.71794620561272
50 23.377692619137605 90.93620034338664
51 0.22948082962950878 43.509032639487316
52 -23.527698262478538 -93.113022891859
53 -35.84296196916061 93.3469252826024
54 -71.51829497377189 -87.97928152824035
55 63.44370963720084 44.27088184138597
56 -10.389112207843993 -40.65080278943114
57 49.46548317638516 -44.2524557261077
58 16.379704016303222 24.37809459291418
59 22.579647761822528 -90.44833057129964
60 -37.076894183038675 -92.30222653690731
61 24.05738527041494 -2.4482041621624973
62 -82.7375909649636 -14.587154801136876
63 -81.62629548242579 -88.03582907479064
64 -84.40430318454753 -19.414438168673655
65 77.35996423338565 99.23837396566489
66 34.8820387862842 -12.342841472267011
67 50.57554341246035 -11.848111955855003
68 52.47071890838541 71.85031795895554
69 -39.64296214352834 83.35520934210822
70 -68.74672772532524 86.84497448767527
71 -4.645291043931081 -72.47707597913171
72 -60.207336813098756 -93.44122671527263
73 92.96759261075954 78.43034240178582
74 -50.8894453388159 50.652563963018906
75 98.94020986382773 -78.31059460597459
76 -38.709957029928674 98.42029242726647
77 -28.5146088911886 -54.45854538490149
78 19.77801722171884 -67.98813466258437
79 -42.3507657431736 41.01873805852185
80 -72.75233645548704 -72.5235703503561
81 -88.76411244247429 58.95039984369555
82 54.10823972053089 -79.09719894899985
83 44.461289430286996 54.7029116529051
84 -40.774052898189005 -83.02740134744812
85 9.606654740940428 -17.791130265643147
EOF
