DIMENSION :85
NODE_COORD_SECTION
1 85.34768917419356 76.88558314821634
2 -63.61647361258027 98.81665358372146
3 -17.83152918788464 1.5437656046713073
4 -76.37519527369855 -36.709715666402154
5 54.769485332340395 47.38498015103124
6 38.963420639514936 18.833674893695502
7 43.865233978639424 1.8432522111763348
8 58.120448927965555 56.1573389072677
9 -15.035371710003531 -77.1975312563656
10 58.447660258850334 -51.125645726141954
11 -54.6270501754736 -63.6445251112866
12 34.39143139992427 -47.68876379342046
13 -57.277503468907256 8.451741638303716
14 -73.95647225729851 78.88383814590549
15 -90.82625844609092 28.45242408285904
16 80.87766803880879 -86.45474490483858
17 47.655366867547684 76.40068160604827
18 -83.37767387194275 57.22697746022945
19 -10.011760026764406 -89.14586139679625
20 -17.678319277632284 -58.14157183387516
21 11.464782223531984 -89.58444958760995
22 -75.01161458286343 47.46417329763429
23 -17.568141969774032 -70.36337863093942
24 60.85322945893324 -29.997848739144857
25 -55.34816370619466 -11.240814319728784
26 -76.93161748866308 -61.97970800694868
27 -11.306940590692776 6.796865084452946
28 -88.17751343235547 56.87298546670996
29 78.32748194348687 -91.25055287643829
30 8.177405062438709 -28.847072826224633
31 18.889835711778275 -9.718698816041567
32 29.537992935917572 -20.842100443642366
33 98.77923620234833 6.984175201324106
34 -97.4821284899015 -92.3738263990183
35 46.760667098658985 70.38382222326976
36 -91.93436285429047 60.63818667538439
37 42.45045279598497 79.13889022526482
38 14.067646817371653 93.49628110413167
39 -6.653799704015654 91.41971638802403
40 52.24493476797102 -69.44163566433744
41 -51.01152304757499 -46.7564916184259
42 19.01353322852293 45.415322204587284
43 -38.682106491475835 37.58172836975447
44 -15.921158833746716 -47.533787455044795
45 -79.98214210311995 -79.65570177076427
46 -24.113537850179284 20.85919254421063
47 92.60990237482414 21.88449438543232
48 -20.34667406496844 -85.06970063661615
49 81.29493526331416 76.45736158658886
50 31.554553066527887 89.68620437513849
51 72.01041627641368 -42.896406098340464
52 -78.25696082874018 25.54117106897698
53 -4.099990891795159 79.71984299671354
54 29.230373047365845 73.4324506654772
55 -50.631261494413884 -62.38448796642009
56 -96.74082299468789 99.60248916770041
57 -73.87661557680126 76.64516509446793
58 -21.35143277998681 -31.24972392697029
59 3.0743121540157716 11.044694084807844
60 66.69597642760584 84.91836742610917
61 -8.298528480169992 1.388507476793393
62 -1.4298107014329986 -78.6039721285485
63 17.463998637662456 68.62400855018416
64 14.73191852485607 -85.91686695250608
65 -77.94074148502244 -98.0712168142522
66 -8.230095963355552 67.1734156303672
67 -3.1861848094232528 33.1748194191687
68 -22.857984972040498 -74.32018565650753
69 -49.78460757547418 -2.926617440052155
70 -37.3376078228314 6.238654223960523
71 -11.428616891240239 -26.38705315122516
72 -30.822651817459274 -54.2064880331848
73 46.00608227589308 18.19192217260344
74 -62.275892579225186 -72.82633914495993
75 -61.51462794715481 24.886754296759335
76 26.568183709862865 -28.753985828417257
77 -63.715881138579824 39.585219437992436
78 98.8667562170163 47.23363415105476
79 -49.711848042377646 42.253618832230956
80 52.306819418554625 45.95784147913122
81 9.749223053168208 51.395818521410604
82 -10.08134860957837 85.17512061617194
83 -27.412084494574245 -31.198984736189757
84 60.366514566829835 -28.156039483621782
85 54.066021771465955 -21.033778920781046
EOF
