DIMENSION :85
NODE_COORD_SECTION
1 -22.444859854135004 -78.0887701384426
2 77.78971410084719 -60.55227722485805
3 20.970560287088574 37.35578944186412
4 33.670409620486595 90.67882420752741
5 45.21665168066568 80.88876408575399
6 1.4997411922161348 -55.204947399715046
7 -83.56805372304031 -44.45545107034044
8 -10.612979536694311 -63.58746581952261
9 54.747968598244455 36.51299562550517
10 -9.990999553657346 47.04126746968109
11 -13.55512452180902 -46.506561502156444
12 -58.471587399437965 -59.60172011292846
13 -58.97916578876512 67.9883004091435
14 -97.41798808398975 -6.909302580695638
15 9.074654337379727 -81.87455432386876
16 91.31988755017338 21.871121841709027
17 65.37805393640079 93.63739684372206
18 92.5792696160782 89.33176044087796
19 -68.75981954687464 24.91473499958363
20 72.62765283749792 81.81784100033539
21 -98.7561146788155 22.589893357625158
22 57.51158615683417 -3.4951343395214707
23 -8.340474740721532 -12.103240118291296
24 28.89914964052113 48.99839890602982
25 81.31888741168422 -70.90948881854611
26 -29.594514701281625 18.479001661883117
27 -89.54186239014845 -34.49887863312577
28 57.74258628448831 84.32921729838202
29 79.0155199862347 78.33316904889298
30 -72.36411901520646 -23.656737612260685
31 -56.90413620513859 76.11344724300335
32 -16.69816991184929 -39.9654819286616
33 46.79068855639079 82.7271828094326
34 -1.6177029464458599 9.219569757160968
35 46.26911735211618 -72.72751174545718
36 66.58299558325032 79.97198905111424
37 -15.96846390970002 -82.49812160663934
38 10.864873639028616 93.2028320217849
39 53.444330129224085 12.408768971667271
40 -86.11106921675693 57.53900902827138
41 57.150693751542036 -25.44421679595186
42 60.51639210902644 -80.16519853076029
43 7.679061174203625 79.03094684234284
44 93.51786650719538 17.565684104512826
45 -55.452757565410906 -16.54325346799257
46 -24.753407139309175 25.517877946642244
47 49.38691428048233 22.26620953263263
48 20.882455766828016 38.60097796212543
49 -70.91030873272 78.49916747679103
50 22.95504017594962 -86.72490947936535
51 -93.29742629056148 -92.33909270476552
52 -77.79448260352561 1.9981031800037101
53 -89.22288987747874 -59.27541290610525
54 -3.551237737573885 -41.737485822609855
55 86.10317001103385 -22.852322544055895
56 -63.05136208176294 -35.79443501733739
57 -37.76519275377317 -6.188062008324977
58 60.92092217251843 -61.55960290753182
59 -89.05773688605092 -57.91464240418609
60 69.12997711454813 18.66990980723071
61 99.70067563266446 82.74365296114684
62 -0.8532239615848312 81.80923600243736
63 5.552662056352162 -82.7221195562926
64 -52.31254932807295 63.7566579916832
65 -7.841467801004811 -85.84608754737262
66 -60.44682419412746 -28.382994827310725
67 72.57434319673638 -0.12158125518698171
68 6.043604075702703 -56.904546402203884
69 -18.725296969723786 -12.73473920570143
70 -97.68214348675717 -99.05612962932295
71 61.16371160793159 -52.91495386449221
72 -58.97163248922903 74.75584063662396
73 34.794016324056514 -5.680133503695785
74 -51.345265993858646 -81.92944391390108
75 73.74047494430783 56.53414205699863
76 -38.68401938381967 -64.34015674875434
77 -93.94840511336523 -80.58835091512462
78 -31.558479810533214 54.036686976447726
79 8.928346173067155 3.2978201491771273
80 -14.467653115925685 17.637593721691445
81 22.256575537438138 -85.37446858117829
82 -8.6541406445793 73.79530009165276
83 -11.654139149079867 37.39156494374862
84 0.18901565370039464 -78.46770239449515
85 74.20405339627592 82.39008612648229
EOF
