DIMENSION :85
NODE_COORD_SECTION
1 61.36398366012497 -89.63463521370309
2 -2.1831882973559544 -54.194208941783415
3 -16.498139768216618 6.971340082429791
4 -29.61973475257011 60.23626042604522
5 -64.36623739203603 61.77328356217865
6 -15.635626573346556 -10.602291623140886
7 10.660367957199895 14.133081654910384
8 -39.71652556325556 -13.684901337504684
9 81.62014587455792 -60.98539580568774
10 -24.347800721177876 -28.09036132600326
11 86.51659440805105 -0.9897271193437973
12 3.341761732688738 -57.99827854330872
13 78.69509347803464 -13.789153581193773
14 -17.994921567921423 -62.268089394300794
15 -13.791833472060304 -81.89097024456973
16 86.7164300125466 -12.171154133122457
17 -56.66559534511306 23.016679717421724
18 53.32306649296072 -6.932844965841326
19 -41.60710460326038 -46.985607666631154
20 76.60754909564221 16.422419724162168
21 -35.77844417407594 -3.758646360622336
22 -49.78872118662918 66.84433731234671
23 -38.83562887432872 25.3723340354896
24 -54.62869094809373 20.233293759748875
25 7.139060231463873 -84.5821225295274
26 35.87384182836192 8.119615225755751
27 35.33323073730213 -8.477327400910866
28 68.2296762397662 22.70881813177749
29 87.30373549990037 -73.7737653485774
30 -51.071740769747805 36.37025751544087
31 -62.269585858439356 -4.310873280793672
32 74.72852878991662 14.310640371769296
33 56.80202774025952 -74.3231742948264
34 67.29646543558266 11.08789143419024
35 7.188673399964003 -89.36727556463207
36 -9.899366229019165 84.78497059480236
37 -95.21829161258015 -27.039582375493225
38 23.328735238363635 37.077300848995066
39 85.85850584788503 44.674862449089744
40 51.689614441412516 -6.908523745528058
41 18.056174346997906 -0.12916330693775535
42 -19.683195937488193 -28.132952188003998
43 -31.485165618413276 -56.00379098569563
44 35.59125045213969 66.39718702570244
45 -0.22245601106322965 -25.293288996693477
46 30.55237217727219 51.63816444505042
47 -97.48932448469216 -30.882204220211392
48 -21.331742085816543 -30.45845919597241
49 93.83493599899023 -76.4415882722822
50 -74.91273466786011 -97.92284621257268
51 -88.96600814474252 -25.529581789928415
52 31.094911567263352 -63.62109180896254
53 -87.36599706226448 62.88652473868842
54 -4.648472006912186 50.55957178374797
55 -37.67593950711432 69.95871827610338
56 24.587645532808807 -95.59523331225552
57 15.914140788977775 -52.70192237065912
58 -23.214339458144906 -93.92960819122396
59 57.50352565208138 93.42612715669324
60 -8.522015543423962 44.071857495218836
61 -61.74049851852483 -13.573240146559044
62 94.64326320905693 23.26747904047184
63 -40.31755823930898 72.92693882398535
64 -80.21600334141397 24.202515515754698
65 -87.03988209286058 -65.17658680933134
66 22.12035323716701 -82.90564627382736
67 -63.00944872306877 7.711744408045334
68 79.43651529733842 4.903432438228037
69 -10.120637703043926 8.762998962992285
70 -29.032419208769866 -55.65147554028578
71 -57.80599043622689 -53.16746751350374
72 -95.18358695666733 -0.6108775229385373
73 94.98403704696611 -66.12564353869128
74 24.74161756393707 18.61164353004466
75 -98.44714968429642 -5.7263699400193815
76 68.75916583803829 96.12033425718002
77 29.193263721257267 77.49891877496037
78 74.85193912257094 -25.052268813524222
79 35.57541724198643 -80.48518828887077
80 33.18291821765581 82.6636441417022
81 54.202509557441516 69.68474667689196
82 -30.440717604962785 50.77569852938103
83 -15.673981742074218 -97.5672587229995
84 11.496394556287058 62.678487905795436
85 -37.0610455455298 -33.278023278400966
EOF
