DIMENSION :85
NODE_COORD_SECTION
1 -63.69019095573098 -14.438389894655131
2 -4.31582256989212 39.87558699156611
3 -52.910115249555936 11.845254602716082
4 -99.55231986115575 9.830205331386296
5 -39.07807135413772 -69.89683625091321
6 42.64094481398402 -53.92066572510845
7 -51.083108174090164 -87.19131407037348
8 71.92049750365436 12.080457637882787
9 67.65019904796011 51.14554574275857
10 66.34852037967516 -78.06773416415795
11 -58.51403034719112 36.50317206985275
12 -95.09313686298566 -22.210665330010755
13 -39.811592785396364 -17.617186347766676
14 34.80575233202333 35.031946853262156
15 44.048225533050044 -26.243309061670544
16 -98.85304521213413 42.09663509180527
17 79.72835863849718 83.4615003328667
18 23.102779403269807 -54.963044510022364
19 -37.74003664487948 -21.003372379889115
20 98.6238860431568 21.29819384300147
21 92.09612854247956 58.13646508618845
22 -1.2096578785050838 -87.14634757877806
23 70.85729483325619 98.05534219769117
24 73.27210251713635 -34.23565606883558
25 15.379076078246598 80.20264445514016
26 29.96636835647763 -48.61212947484654
27 -33.1004494931298 -38.045335473046784
28 -25.268780440630294 43.876415196414285
29 -89.30020939796523 -93.89108011305507
30 1.2360873455686345 59.2677808938343
31 -58.762128451033014 50.575670654044416
32 6.301502412414138 23.387523598962986
33 -91.20671709681865 -96.83963505876156
34 -27.29805497137903 -71.05579005050768
35 65.86505721340802 80.11998306171145
36 9.257247119569016 66.6139917520729
37 -4.956348439968366 -27.784885395478383
38 -32.860459378098966 -29.42533468544677
39 44.803083242426794 18.268789994968657
40 61.67434208979586 5.863521630748636
41 25.636452362489592 -6.217873160855575
42 20.515858750140325 -56.902730775657176
43 26.184430139252 80.94587820869495
44 51.9282373277824 -84.49352939056442
45 97.48305909021184 76.42606849706905
46 -18.993981443233253 -66.09908475452582
47 23.1835099673672 -85.40905259727536
48 37.01855802287952 47.096442656140425
49 44.573248056089085 -63.61442364488852
50 -8.335160556550122 78.49784261847202
51 41.45446320159979 17.849385948086166
52 45.876629738019744 43.94641619614518
53 83.41223658948633 -12.688852246348077
54 41.90940164563162 61.60492759637165
55 60.73152339548474 -93.41516571551847
56 37.81219212548203 1.5667322314389764
57 80.19846002295068 -30.971083934138235
58 22.96893556784738 91.03987864726392
59 68.24825546276622 -23.879273976525496
60 -23.744501624846563 -9.628893885489887
61 -37.60168711349119 -5.763456872304644
62 -27.541801286000478 85.83866618496222
63 -8.368115291007399 64.61711674620241
64 27.951057950642948 -92.94300598679608
65 47.37412844245091 -57.96249677279634
66 43.23069648813021 70.00034836378899
67 28.92894939537797 -28.51102884142979
68 -52.24066246192815 -28.933509123666852
69 -89.2783941265545 -22.78000474623309
70 -18.332128571815474 13.265651913864062
71 -76.58140321110247 34.772252865412554
72 -40.777422074884726 32.534077525701974
73 66.97297862839142 24.186720352900153
74 -49.439369440644 10.33541441859549
75 -19.13031455466711 -78.65603194492724
76 91.05104620546834 -91.87259886518922
77 -14.67784440940683 74.44180490059614
78 -18.260618376894612 -60.06472467703783
79 76.89800026818935 33.90252374716161
80 -20.314063839392716 11.187405229786634
81 13.02806747790541 56.5410837911177
82 -6.3911281274775575 -4.8672049100219255
83 -47.920174953412385 -11.385485357957762
84 -1.9048129598122898 -7.425999076612854
85 29.152511234193156 47.412043223713766
EOF
