DIMENSION :85
NODE_COORD_SECTION
1 -41.25597149767215 -73.68673686594245
2 -57.521896980869805 67.33434541840387
3 20.95844700399499 -41.376438755048014
4 -98.71130647068482 53.94959774903586
5 56.70313761755287 88.2204350434327
6 -56.76256536280684 -1.6972138738074136
7 -13.602523221237163 82.62448839167845
8 67.9367616566291 43.79405589502551
9 97.21449375396796 32.468485052315486
10 52.90419522870761 69.23081834743056
11 64.4081765794084 76.21709851119235
12 19.18255423766351 -45.80261494194353
13 -51.10709397186986 36.931380002285806
14 -3.8720125367889864 26.674993451829977
15 92.15055121950851 37.12405744951306
16 98.33581978982107 57.884191073863036
17 -41.357835382085725 13.415953303016977
18 72.40069194772286 65.61051011800444
19 -13.747169266763336 39.617649327287324
20 97.18415791849935 -85.18648131630997
21 -3.1001388980217683 85.02491940449059
22 28.48935320596712 63.10833228496452
23 92.28597053650225 84.13010392780998
24 -32.48105241922926 -11.252205567120185
25 13.880694671233613 -25.383912080696774
26 -97.78079241613717 60.02252937272624
27 81.56487212914902 72.41323644749951
28 21.58947694887297 57.53516275859624
29 41.974584725082195 -4.236007424757844
30 -64.7370005632778 44.59414056520913
31 55.43245150840687 -75.34632821405282
32 44.141555711928845 -3.988566014111811
33 29.455821703269777 87.63024927102938
34 -97.40706166532237 -58.12220583191483
35 -32.817090293500854 4.9498547721425155
36 -11.303144363414546 -39.57207967923364
37 -59.34050827050172 -14.851181817723798
38 56.25147791444732 -37.102683220470546
39 -78.21961224310456 71.55716171736194
40 -19.270780008144172 53.311394950773916
41 7.781435229854949 65.93249164112754
42 -68.90278005987082 -82.56339051986606
43 -36.47069463218371 18.30730724074246
44 0.39418318850539436 -2.3375600890885266
45 69.45801235510197 65.30679316745136
46 -89.81786536805487 -55.62798465087795
47 11.852587959221168 -76.39170231696566
48 67.46797849116896 -0.6015955856481412
49 -18.71812274464375 -99.12240999645651
50 97.41640529597456 -36.547548957222986
51 55.3340709110733 -26.568730404181878
52 1.1522736634242534 26.94727953894065
53 -66.58994659228668 98.03862986217601
54 95.17709576437937 2.4335461137315946
55 -35.81870389007426 74.69031411995144
56 77.40084832901519 -13.10136204677221
57 -39.57947156337853 -42.17470619085244
58 -65.48306175165413 3.4720166134322596
59 -68.73501184849404 25.421654052738134
60 -43.57545321323422 -75.38196751012258
61 -21.42634086255562 58.520753638421894
62 55.62945948475661 -37.313434169742706
63 1.891423796227599 -41.83158402138423
64 -96.96936487424057 28.730941155440547
65 -64.3654023075622 -67.57914006631668
66 86.22670552591362 -93.20847470544315
67 2.463980545189898 22.97715117624908
68 -27.547060408308084 68.38266579538242
69 -91.58701640402158 9.163944704047182
70 15.485805405068078 60.70949463042385
71 28.19006452254891 -73.58750480167853
72 84.32892932364359 -57.81968776351549
73 33.17620615558664 -32.96817842561299
74 11.22064445789131 10.06926342092116
75 99.98974376495602 -7.003920396223123
76 -42.51996154420763 67.72315630750117
77 4.092438872213464 83.62822851277679
78 -22.065116937707202 -87.50480530958033
79 50.762240910348254 65.47607232775886
80 -71.84857204378392 -9.372346799707373
81 -75.14030754819541 27.340979684232707
82 3.412566244746685 61.594393403907986
83 -48.83337520216904 10.333470599812003
84 -75.63248651025552 41.95332155662484
85 -51.32282135130457 -19.005977760578546
EOF
