DIMENSION :85
NODE_COORD_SECTION
1 -59.882722826460125 58.729358637874896
2 59.28027692717788 59.69645863007088
3 -61.89260524577265 -93.8924439832819
4 -39.57210100194497 87.37911941184788
5 41.513162502482004 93.1013255454894
6 -67.24659716261172 94.9950378633635
7 64.82073945548234 88.49427895059958
8 36.342324253299864 12.538364091842652
9 75.24066975476327 21.160680017070746
10 -18.18875914587987 78.59101939495565
11 79.15166347130656 -59.74006976789572
12 -63.79071250377564 55.34560732658019
13 45.57537933605039 63.000748563383155
14 1.9522247529571786 75.4269933575454
15 73.3044797767478 58.44292108952371
16 -63.9440595605335 86.65650777420578
17 74.90787847650702 8.968805387069253
18 59.16277252820575 94.6914936614989
19 -1.3113947094417426 15.470665135898145
20 67.33061500298257 68.51221661518318
21 -61.22873349909015 67.96411248980013
22 4.281358642020223 70.01709307149241
23 93.84770389543971 -9.748173497280604
24 -22.21824215278832 96.5262328267784
25 26.710948392590183 -14.5740281835117
26 -88.94361410591154 83.78252977274167
27 49.55918813586476 -41.588343412256165
28 -91.39113908150401 -92.92167361582597
29 14.152961913096235 -27.582097456213546
30 85.5542021978176 39.4250323644861
31 -78.73957344420361 -91.92335981497261
32 -39.45841534638528 -21.77813342835006
33 -19.57292763639768 37.21430472442927
34 -55.42656157921788 35.669189777388624
35 48.95781364882211 -2.3853006675558674
36 71.50338150394106 3.2107830637286128
37 -41.899058655277855 -39.20421055013372
38 -89.27804255892178 -53.42141777364944
39 94.77505087314009 21.737230779097217
40 -21.484161222178486 -34.44759095712993
41 -51.218475375402846 7.659460746820955
42 -78.18737216975072 -38.663645707487284
43 -41.70320876643461 2.369200075908992
44 86.49996352506793 94.49241166187304
45 90.54007252714297 -86.64960655478235
46 2.234234666168163 87.66113847092171
47 -20.136011567586507 -29.30646310063871
48 16.63073426040637 29.838170876275598
49 -87.88314930257846 -59.87947184188229
50 -6.046305307058404 72.76438957822734
51 91.9771105420094 56.776130607594126
52 56.901096056173515 -24.973278942170097
53 59.06194720544195 42.12129764656436
54 -5.194101237964659 45.755527926076894
55 28.963554730331396 53.177615504537926
56 -12.448322392495385 67.34362386492342
57 -73.03168188197226 31.53615653614591
58 -98.27260205448316 35.40107831444189
59 -44.93456359641728 68.95822842001002
60 4.022506638084039 44.198921053693
61 86.95341812854426 87.05932716806052
62 -93.40983464146868 -32.85595967211276
63 -78.89592411384491 -59.51801082378885
64 -89.9170826869164 -65.63348664603801
65 38.545578804937094 -3.8730351560695624
66 42.29174097899107 -6.710205291809174
67 9.877354511661423 -84.57355070434983
68 3.7959483791013326 -46.90686653474347
69 75.13143783250732 -27.692952203431247
70 -73.24206065247047 60.264738072956305
71 80.44627367631435 -23.595759850577096
72 -71.02654002960314 29.983219063895774
73 97.12064588686752 -60.74582720579538
74 -97.48556511371913 66.85393436234989
75 71.46688127774732 20.602691232847476
76 14.778221607636084 48.56590007001171
77 57.98411428036957 22.63555425978909
78 19.48342111081385 17.324009556274603
79 73.72389760043882 -38.15219211808953
80 76.12922764064785 -73.5496311874088
81 -21.677944650577814 41.434489769274734
82 -41.33836983842593 23.337570593532277
83 32.02221550164927 71.49872861579851
84 97.56647627012768 -85.02410646500553
85 -86.88197640830802 40.03746911108473
EOF
