DIMENSION :85
NODE_COORD_SECTION
1 99.3649282890517 28.748731214390858
2 -27.140993566950414 59.71555030397212
3 -81.97581308683495 -60.78546591505953
4 39.20721902967085 26.32774405475908
5 -38.977829701348846 -44.58449424014537
6 -36.861228853176776 -40.85267199746836
7 29.100462581866907 -25.544067321052637
8 29.127054855553524 11.275817520875947
9 -32.71440285255727 -43.80179872938987
10 -75.2771330070876 -25.763414844311683
11 -88.67903468848615 -48.21028666599807
12 -47.73533116138926 -26.723776226144878
13 53.322698951645776 64.08618975477245
14 -55.50397538858461 75.36370593830634
15 -52.94862580397732 84.24016543815245
16 -39.56085443356008 79.64443598475691
17 55.41793181753991 82.51259572433986
18 -14.275078078131969 -15.479709388593605
19 -93.68116465437495 -3.5956383141737547
20 90.68149868617036 -18.809115217011183
21 67.62191592854302 55.493826632942216
22 9.834935402727126 -89.59466198419682
23 -21.89892759029479 -90.0946318925492
24 98.07708190117071 -62.662150001618635
25 78.34448140222591 -11.876938491910067
26 91.6073384309432 -51.085528303027374
27 74.13745483453516 99.90263052478599
28 55.8565980641319 58.58258455651318
29 -65.45215240143983 21.32400776673917
30 -62.04686728859761 15.428495994370166
31 -22.081716912356654 -48.4343340008549
32 57.89185104558402 57.71287080630228
33 -68.80389094307205 -85.22881371590204
34 70.41980685943767 25.307503608371235
35 -38.49141341160409 -4.582549154822274
36 8.75254375427265 -48.81874201234717
37 -26.38266986553255 -58.11706897514877
38 -18.41275756114007 88.99682842863629
39 -57.13741818218266 -49.546346851098356
40 -63.51962125283892 2.044260094328095
41 -89.56550546102724 -49.20657857874162
42 25.509036186734946 -61.84896913559952
43 -93.71484957777685 53.9439985446445
44 -86.76334099276045 45.872713666007286
45 84.72155967485767 -4.790040860724787
46 52.3554959802602 49.18221393083883
47 -41.30345710178067 6.822020007594929
48 -81.02028463763335 -8.960379041703149
49 1.040839643660533 -10.938259638071642
50 47.41451222174149 -19.361081573232354
51 44.356499290520276 -86.4305598165119
52 33.328329811116305 -65.20835922824939
53 56.01798618910854 88.84641122701629
54 84.6066322324815 90.82181946191162
55 -9.295827205809488 45.50141168015199
56 -9.232526221724186 -13.489455061911343
57 -69.88915641771625 -42.419421427789295
58 -45.32950388178732 52.04248309980923
59 7.969947854981356 -93.64108400349673
60 -15.647429200896639 -60.42913020010467
61 88.22836776075442 -85.73937230037461
62 78.1749959695571 27.931454548418316
63 15.215543129716465 -70.88547285779072
64 53.06852963930041 -16.800010215097785
65 86.85591700965199 22.739999941417025
66 -36.48572635322158 30.201911332520893
67 15.45855795562315 -17.102211530458916
68 37.99983930619422 95.74690052566555
69 35.3431357909966 23.92925044604617
70 -79.95806459641408 21.275121587549577
71 -7.462276949539714 -81.05350033228254
72 -57.532065294817116 10.765931175163246
73 9.010668973793571 65.22511794291765
74 -13.499343286215648 -20.82601289746499
75 52.37517949522956 34.49010730696824
76 -18.707903915268147 97.3216659185405
77 61.73199512642887 31.07479428469358
78 84.90343187589144 -8.909123020873949
79 -18.70808887924622 -16.528511567963847
80 54.33014317803804 -54.07872802021287
81 -64.3533972871589 -71.41822397327346
82 60.022750537994 92.03604792565898
83 44.03271842490213 -86.98664215475125
84 29.455132050355104 -98.51944862352138
85 15.660757620863052 32.05941580744846
EOF
