DIMENSION :86
NODE_COORD_SECTION
1 -56.163752053972104 -48.29530633172274
2 6.53669762286691 39.569999201583784
3 13.166869147384503 83.48581505344708
4 51.73886337268172 -76.83166147281737
5 -50.663459523261814 -12.515917436774544
6 57.115976151176625 32.71973760758428
7 -89.0677110724456 -81.07344513016275
8 4.344628078778911 67.8724177127182
9 -10.070199529644412 57.15551917908542
10 -5.105172190609224 14.845555260675951
11 86.3967938376685 77.66124314612753
12 -95.14451548278615 -56.16974038572249
13 -30.392094142185726 -89.30134075380812
14 85.85459005153888 48.775867011031295
15 95.96285721901461 -19.243293747027863
16 -61.577025368348615 -50.68142814906194
17 36.32637999113112 -45.061713912411136
18 -67.99790792886193 99.02357683508609
19 28.88483776583783 -6.652350485204366
20 74.89783919364862 99.7759890706742
21 18.341079090123344 90.87130862346947
22 -52.16607214965803 9.069694740784712
23 -31.754388554685775 -72.72258845291448
24 6.359997507685364 -54.892485411960436
25 40.48877067243029 -98.65220941419386
26 -69.7788639639569 44.04012396392514
27 24.455120919287126 -85.20419885791964
28 -48.10298952637127 -95.66489672198377
29 -31.932218640225003 -6.987804237767278
30 -68.12946176218095 65.18167829117507
31 -86.07281783422832 -17.77965803464079
32 64.78733857869628 9.000732036425802
33 -24.025020374805564 -53.58884893764522
34 98.5190059690635 52.54370599500666
35 -94.40924834739151 -97.53288303955536
36 27.244656472090597 96.72814094958346
37 -9.244601465956606 -21.82602071922466
38 -19.983156248800853 -57.72846034145373
39 7.891917765349035 -44.642472706887084
40 67.8794328763577 -53.65047855186689
41 3.2206731464180507 69.17220649246426
42 75.4566465191649 -5.08202298776736
43 -81.05713098441396 74.60714134124629
44 87.03405089968714 96.00338376157598
45 99.29257826229468 -37.435645930712646
46 22.503751792848476 -38.82089406240421
47 -87.52593452109112 -89.59704100726708
48 25.147720716573588 -64.39010366029166
49 -93.27207388635176 85.63220684227849
50 91.08465220323785 -38.539313789369615
51 82.24591814276073 -13.524719831704331
52 59.307407526993785 -84.87012855704754
53 5.3810634912463655 99.3148569676575
54 91.58953801179476 45.68135792670844
55 17.576150459313425 -19.429540381612824
56 63.141075935350415 -39.986267218836915
57 98.66019363771323 29.346734392687267
58 57.74526517636548 49.71889663008585
59 32.639178076075865 7.230795025560923
60 15.209445347130426 35.24666175463608
61 -6.166188431609527 -17.094092911905136
62 -85.68502626357105 14.905798500992404
63 -77.80634429262273 31.78778724808882
64 91.05251729139442 49.396161319353524
65 88.843509444028 -95.32112464580416
66 -10.219370280744329 86.98043797510212
67 66.39455841187981 -5.524966852720453
68 24.04718996645036 -59.93164527040271
69 -86.72068302280576 76.24811505523994
70 84.16470490896438 60.90001111291525
71 -42.65407909271195 73.566994304617
72 -29.76788786164917 32.179194104972794
73 -78.82603090299448 -87.29135971728323
74 52.14729897248867 -12.078404989299926
75 70.05061857868674 -33.55008749801449
76 -37.74393066217399 10.446858822071547
77 -16.727786300000133 60.41981795039851
78 -88.36512194869479 -88.64252154400236
79 50.41330934132637 -82.46894284342721
80 87.60619604632282 97.51163341675556
81 76.43147273560021 49.798652667793505
82 -62.06302247369682 47.41108964898862
83 42.952873820688154 71.89266350056835
84 -23.72781090241118 79.0894093967253
85 -82.18986812334994 7.060886153497137
86 53.707011772208205 -22.500298475300326
EOF
