DIMENSION :86
NODE_COORD_SECTION
1 30.880596690285643 -16.403299496351934
2 33.00280555465818 67.56520942883094
3 -58.50035165617171 -21.183952421273005
4 74.80353413859171 68.47025986885808
5 -88.7997119507643 -42.453189062913445
6 99.31092012645911 -54.56716491257865
7 65.25677448616781 73.42278271125144
8 22.22813020701477 -12.88551951029875
9 77.48665473528146 -46.186438912629455
10 80.38335236820959 79.98698447412619
11 -55.007885001309 73.01067424592097
12 -39.70375863226272 25.389535306575837
13 -67.00189295574518 33.32941255361311
14 -77.94828660215336 -49.32592946453216
15 64.67128110671644 20.07483797864363
16 71.19713901844423 2.750540672858534
17 6.780339063867345 -26.140504477886182
18 -27.019417789563448 -19.492034310706813
19 59.284926653074734 -67.45050620103098
20 -73.90070572564355 -37.99886945886992
21 -4.583154258924765 -64.84545024123602
22 17.229158504798818 -87.04306512113978
23 -81.45618234092125 51.26681850986404
24 -37.042554551436254 -74.93167072174909
25 -96.91733428292433 -97.80776956818389
26 -87.65724574164486 -74.29197710129512
27 -31.044688807429793 73.70727199926378
28 31.17754113672237 25.108002267921535
29 -97.44239605373677 85.41305112840107
30 18.130293316178097 -77.28486126038665
31 -18.062591475067705 77.94771718302658
32 -86.70414926585799 -18.652884500346815
33 -10.144808159235069 -93.1427956093205
34 51.28408437270363 95.9370357416
35 5.626637710984724 90.71349693166994
36 -16.17149484397693 -66.93094007000957
37 -44.876413197181144 51.108494882108204
38 50.99817221264803 98.17155696208644
39 -31.96393978624654 -96.55919520820662
40 15.447659751089503 99.14830608758166
41 42.47470911975 -90.04831637576362
42 -9.258570228418137 18.392259611562878
43 -50.78038352510386 -9.74445897322829
44 -7.359381824700151 -20.459392544963606
45 -78.60211784119872 -0.350570759319524
46 21.34169737281735 0.9937536912563445
47 70.09907078010497 31.774929692863594
48 43.008066002514454 65.13503747067492
49 42.414123334845385 -20.25487684142307
50 -19.46276846115819 0.35198938449315165
51 -4.390198387293893 -1.361883412474583
52 46.35774538822079 72.37406825229601
53 99.62750228996359 -47.702131220845764
54 54.15165499501262 12.105731478732082
55 99.82166953257135 -1.3279359807898885
56 -68.25021934204415 -30.952004742421877
57 -27.170371178701842 -29.544213171217606
58 -75.95129248335131 -27.43454612016059
59 -9.30871225028423 -58.40108991862283
60 -77.35008389892992 -92.33008252664419
61 -28.18632641488057 -64.72597047752396
62 -11.976952648236633 -32.34404044919212
63 -57.89818134878018 -74.80890205081947
64 40.346907133909696 32.837510293161586
65 55.55410183268816 -90.31640514587397
66 86.78328813163202 42.798930624284424
67 30.846688506075168 96.78052483794715
68 25.790333563643316 -21.012093526480882
69 -51.09164815750047 -71.48268082491293
70 23.183647661309422 -44.858353034116675
71 26.21334211647688 -5.972095616796054
72 90.00506270576423 -75.0481328059184
73 -70.5032231147107 33.499236232944384
74 8.860302605207295 59.538180755661756
75 -70.17662847436785 18.85867105752024
76 -46.76137040362216 -78.2864846012658
77 -92.58298168860499 -87.89643688708648
78 23.42883291042706 -30.310746789329542
79 -86.61475067091476 -51.52838110619269
80 82.99776354242226 59.78190135960486
81 70.44914200789799 -30.81045255270469
82 -78.60107700135126 85.84705654560787
83 52.01589192115205 37.32655693674269
84 91.13035954336993 92.58063836843178
85 17.407710285487227 -89.68151151049469
86 -28.03737838711602 -69.50874439330298
EOF
