DIMENSION :86
NODE_COORD_SECTION
1 2.6090598059497836 -53.937205066075244
2 68.59440255635766 -74.11538110495736
3 -53.33632076105215 46.08796055926189
4 35.69542574052039 71.15216663479328
5 77.33765619390013 47.335974777970875
6 13.282170035155616 63.36996056695372
7 -85.33251201064915 -72.39022985220866
8 -76.88666388839076 37.023746524057856
9 -25.710102840976816 -4.814243217047377
10 64.00371562726562 30.704307789135527
11 20.76518102180897 83.0319228428771
12 90.54247365763203 -41.22185640276099
13 -42.62082413469588 -41.46561920054028
14 -78.14005866925089 -37.52657749872803
15 57.77661381000752 -86.10037960048922
16 -48.87215174883111 15.41180827698949
17 95.75522866356238 -45.061249585579574
18 -56.92075296534449 -98.21930357472613
19 -38.223488117798745 89.72911896444089
20 -95.31383221713516 59.75452309044519
21 -31.774421186428086 -66.3123092158352
22 -6.765533934550831 88.43781136774362
23 40.17922042462587 -6.12030550053062
24 -13.613096434973926 -46.48321137647762
25 -35.58232487624797 -27.074889703015216
26 -19.57286044848965 94.97033430629497
27 26.64231669570556 41.654548285024674
28 5.728778348087644 -60.39478959469571
29 -94.66199514326767 69.70526839311717
30 -47.40473242075301 -48.155505522597906
31 10.445302387011822 74.53699527538106
32 -14.032095297015545 -81.88776733961612
33 -44.01553602561583 51.886427120939175
34 94.1008934163637 53.32141427036737
35 -62.000361484530366 84.46815961266324
36 -35.846164949929715 -57.61359830068593
37 52.66813443051893 -9.230865049098
38 6.753681127566026 85.34501283287568
39 34.14642193915222 -27.927597648167676
40 61.92974661726845 -98.41048468415461
41 -82.29914857737369 -56.61459894551757
42 -89.57319141442339 66.86989144562773
43 -59.10215163801307 92.7367727590169
44 -12.746898415746813 6.146750064019216
45 -15.8952971397281 -96.65504358438595
46 48.42138537657246 46.03534655583039
47 21.278827974939787 -5.549287294265312
48 -22.807103083131366 -57.50381314121083
49 2.999764985372906 89.14496578012225
50 32.735650547694775 42.59189254272647
51 -74.07509693065148 1.312250387071586
52 41.9598694805583 13.543843164516716
53 -43.673692700944855 -51.150721967851865
54 -85.60477622926612 77.98642073343191
55 -29.907209443395615 -53.39303793980468
56 20.325820110844276 31.23054727839431
57 -52.44228142375511 -89.95635990215378
58 14.000609735343943 -15.487654550174895
59 -81.26021931375979 9.365927600458107
60 6.5884117988159545 -22.38311334721965
61 -6.939581584861784 -46.02700674222034
62 -2.351718500045365 -65.06910510280602
63 27.32819717744985 58.30894814065246
64 -40.762434563467686 -99.10753705451319
65 86.75696884979831 -57.232852671804444
66 -66.61850656009784 83.96988426434118
67 36.01123499271651 -42.9207320180482
68 -48.520217051676596 -37.284306807415476
69 -39.25132121477113 78.66110507456392
70 -86.67281024591797 -36.89384284194117
71 64.85639735985214 -65.32395628987378
72 -26.22333718607328 3.2904657886891187
73 14.553926213987793 -75.88373771789381
74 76.67514873883334 -79.96202239262315
75 7.762745453112885 -25.00918686362222
76 48.55378134725146 40.58584745592492
77 -64.38156118037529 61.74870667286393
78 -81.3443084625461 -55.74639206567138
79 72.72830303909876 29.354244249288428
80 67.23625391053801 -29.89491716869523
81 -16.24618991992905 -77.0290620484182
82 20.67216262928129 70.10233535512768
83 -33.87625841874875 -94.0006591986967
84 9.767219463163613 -18.389802407336035
85 -37.839489152225525 -35.746802102715165
86 -13.25555032802177 -1.2258248420805842
EOF
