DIMENSION :86
NODE_COORD_SECTION
1 -62.9322347898944 80.16835820870517
2 -46.32373427598271 5.878406435039224
3 48.30605199815409 9.223684809311166
4 10.1283954801293 48.92149516971665
5 81.60894417119857 -72.35233036587319
6 -92.76279292693485 -6.8130222133899565
7 95.82395627438848 91.89204225250307
8 28.708582894741454 65.8934415693144
9 -91.25337019222431 23.23348398543071
10 94.45105572243531 -63.53922568881367
11 -73.88419161149753 67.7622306014558
12 -82.24159627166783 95.58647410020359
13 -32.49369770828052 87.71780351026675
14 2.471203710022124 -21.69360619397027
15 10.682512904234315 51.487450660683265
16 76.38813793771959 -7.406155851807526
17 -4.296583886473627 60.872128164941586
18 -57.45067982373926 76.9650662908297
19 31.045714258963898 -43.23626596933272
20 -3.384434804970766 3.72320038133725
21 -73.76144198150236 78.1665375019621
22 6.419033680407395 -31.113167427156824
23 -61.020208044400135 14.534639977721909
24 78.86220780614471 65.51339323438432
25 -30.569705284104344 87.68654472229878
26 -50.30617707259768 24.041575756870827
27 -39.64047899058593 27.09681417727272
28 23.29186713838976 -78.55875401826604
29 -30.95819841779121 61.15395465008797
30 -37.564719671587454 10.373081019639272
31 65.27977534578932 37.01270404567663
32 82.14771074026689 0.22451577474078022
33 79.65759976307163 2.957955152318405
34 -62.9519582868044 33.802436803903134
35 77.1033843690042 -60.263387128060316
36 -91.75587662234759 46.62726876422553
37 63.06667617926652 11.102731875748816
38 93.65764049469661 -29.812992113867054
39 43.093521888136735 18.86040981620043
40 -15.230401459217262 -53.825998537509555
41 -48.69185156153595 93.97783731371868
42 73.12751552902691 -44.358809344910235
43 -60.71322810711841 32.88513312063279
44 71.55692685979955 35.178641568628905
45 74.0358311145146 96.85754596057038
46 57.87141457995958 -48.37471612683457
47 32.26320417176322 -67.57532604046659
48 -47.023100131340435 37.49478574339619
49 97.85785198490413 -57.96451531912727
50 -69.38250733345306 51.208624163028134
51 70.46962661728057 -63.25211294727566
52 22.611822808079765 19.39335673126375
53 -24.69233872285909 36.50075365988786
54 -68.71973475339068 42.913326942033024
55 -72.2476244773271 -51.434700922241404
56 89.86504149627865 3.9739493990727226
57 -48.8974189754301 -48.93819826950345
58 -77.90320252891287 -1.455162818766496
59 -28.244238458989997 -64.03327922807568
60 43.66276354713946 -63.48384909307854
61 23.346265894588484 -75.175682363376
62 21.183216446314674 -98.5844810472554
63 79.84253112118014 -39.584034948026556
64 58.404416217458675 -57.823001217541645
65 -92.66878188058855 -1.0706481454504768
66 14.667959031646888 -18.632400098997465
67 75.1925311269369 -20.29104828940322
68 77.31778689023497 67.4409291694399
69 -0.40233320240207604 33.45797672574102
70 7.557897243794059 73.00164446737557
71 5.7358604576561305 4.801453171635302
72 -41.624804073756884 -53.271622468390746
73 89.90504509357197 -88.59133773030428
74 23.49360031333481 -36.48310862481991
75 -61.42326338990105 39.412709708985716
76 -82.07303869810772 85.5693647112459
77 18.772299607426817 83.65367990077581
78 -86.44993529049007 -53.43039314718525
79 -7.435688173999267 81.31115520014481
80 -42.79160268496716 -98.25176788644254
81 -71.756682403691 58.780757611119896
82 -15.760952500870602 48.5557786712541
83 -18.33322445674159 -85.8114332440306
84 6.876581444737667 -84.17416045524513
85 3.533698869091765 91.72623774885895
86 4.869341806275784 43.72438144976903
EOF
