DIMENSION :86
NODE_COORD_SECTION
1 91.80484815543338 69.0287913807455
2 -25.266816199214475 -67.55455837095383
3 53.21510886180195 -24.89401967477359
4 -95.57879426544164 24.52745038926365
5 63.80106687233615 -16.12261166388238
6 -68.21042016217223 -96.17146005888738
7 -74.40649620949705 87.150273410604
8 -81.90878949708878 -56.38678078092907
9 5.100996998615642 40.91839251703564
10 -78.16954416665283 16.86687164500644
11 8.937421175730336 -99.85098111493254
12 -6.336288293890419 -6.13142111189417
13 2.922690446965049 9.764446616187257
14 -70.36774255550789 -4.783116069902576
15 -86.7873420723786 3.3133791075512704
16 -82.13471753331328 -57.08289764459502
17 -38.50937833958448 75.86656251936975
18 -7.007364291400592 57.80289228791105
19 80.97951289455801 -56.039780175578024
20 72.85827811675534 -11.521115439628034
21 -63.98968899838016 82.94977907977864
22 93.7271946088882 25.135151221080037
23 -74.89111224774257 40.9255363716953
24 -16.970201839273756 -49.00154962166299
25 86.03996860160993 68.38093350029914
26 -87.21024433510019 -85.15083791187882
27 -59.0264949074828 -25.886865583306218
28 62.23234777776224 69.9469751714023
29 20.915322532330933 20.374803040965844
30 -15.327560801182386 17.872373659570513
31 90.77042582983995 4.084813388140546
32 21.63236477718044 -79.79492478946997
33 -40.11606103653897 35.94491623706281
34 36.241755385499374 96.6246224409299
35 7.631221642691784 -74.40168659032634
36 48.32294853831135 14.93241704919221
37 -20.39473775718639 -91.49482141368
38 -54.83302357484903 -3.341521231229038
39 17.175965196110837 -91.00073952526876
40 -85.14303272115873 -88.66961624696918
41 71.67262444630174 24.028696827297935
42 3.097064902859344 13.145787620921027
43 24.16730296533585 33.37335726674647
44 29.85683398954623 85.70407239782031
45 -17.186519351032032 94.66991547497742
46 18.742377519849967 3.6166819057858106
47 -38.07909099226141 -34.63490242402902
48 89.85721529629501 94.2298354082076
49 60.42410307178224 -91.24354877423748
50 46.0173969089453 88.35724541302451
51 -47.87147957226288 87.56921446396194
52 42.53686076921775 -14.16532855803976
53 -23.904972391386067 -73.94326259220244
54 -27.599237126847243 29.872137463302863
55 -27.250187351162182 30.40114459739999
56 -78.50413090601889 -16.406352900241572
57 49.78344565494521 -2.77014634200674
58 52.66882744765306 32.81842647479735
59 81.62939421363788 11.352741254015157
60 -37.265393062726474 -98.94834334462097
61 -52.71117270784842 -63.63630378496954
62 -76.84100828692769 -44.18318217569388
63 93.49512111140771 35.53948116938497
64 62.9905477476091 9.875747279905966
65 -26.311976116786838 -74.49220602572086
66 81.71910091437277 -23.453365020651205
67 57.99403568605865 61.44547372330388
68 90.08925377413419 -74.75575308064224
69 35.38608099938568 -19.89298340901631
70 68.4990947184846 1.5306692436526816
71 -63.5778654055362 85.77238799438581
72 5.465773014894083 -74.62101958610447
73 -6.5609679145628945 -45.75762304035904
74 32.7412085365236 -37.98369969422446
75 -75.19576042450086 -48.70128802015656
76 9.012714610378652 -28.373226234901153
77 -19.19507982574386 14.585238430914373
78 20.724965957084066 -12.641007497550618
79 -79.01977532639543 -68.34451217868754
80 -33.588801602117684 -54.50343954832058
81 -93.8207281351618 -38.02885153447966
82 -29.976814799237644 97.31451087186676
83 83.35383046386434 -3.075210187831516
84 29.101006217490493 69.05826734837791
85 17.07132302851994 29.499545011437533
86 45.225300737161234 -95.35391143163574
EOF
