DIMENSION :86
NODE_COORD_SECTION
1 81.05260984474819 -36.9033914789576
2 84.280526291571 -93.88176331431961
3 -29.89246983609233 54.80131385833903
4 -95.62239722850137 -86.8337869479747
5 -95.1096426889948 49.7467127892194
6 -60.29874052710866 17.212880603681313
7 31.127940832607976 -27.407735519203285
8 97.91910974019672 94.51710654683689
9 15.604888810933204 -52.25606805671852
10 1.3818285444316274 -73.68263903546742
11 -70.28125734810659 -38.52801446089076
12 18.55252648423287 45.59810731134462
13 69.452786458731 -23.121429800733836
14 40.07207651063973 38.698794001880856
15 -69.20894847435817 -97.57084599634356
16 2.5671045919414013 -18.90721630409095
17 -51.92320538730182 4.801022103535928
18 -82.59111926163693 -32.6723047346474
19 -27.457759497654052 78.0910830027621
20 -3.017082448519929 -92.96730707221484
21 19.21385774223134 33.96424707787526
22 -12.369318131355115 -97.93772658978486
23 -57.37580264626854 -38.88724167659123
24 16.276334909330487 -5.739772742280351
25 15.237640453653086 -82.56410491839205
26 -63.1469925286265 78.99142822389314
27 77.2241752084916 -35.36142915208053
28 -77.00530321655907 -83.49670133754952
29 2.191772515330996 32.4862819933696
30 95.0613422479833 41.342681480562874
31 80.71448541458915 -91.25686834359746
32 92.41638891689553 -30.531902972675937
33 -38.0299375323973 -9.141481631642051
34 -94.0225321454177 33.36129976242748
35 13.527285528867367 6.757268187285192
36 -28.587424172535876 37.356148537607794
37 -39.700069891454625 -85.37300535595625
38 89.95563756175017 -81.43311596750564
39 45.91072799869883 25.385556893293312
40 -8.333164547715867 -76.78803864322252
41 -76.8146762071531 56.550521979816835
42 85.06476693790995 63.7936120817686
43 25.22271200359991 -77.47836467353284
44 -52.591036726158435 9.50745700815061
45 94.46533856214677 -6.173666706333677
46 1.5128999742732248 80.42043992812222
47 54.4184339860831 -83.33254909587365
48 -2.1808062031492597 65.36950881081663
49 97.14483829700663 74.15121238893019
50 -25.429768323958356 -35.802496575951025
51 -70.61188803999073 -8.137160208898237
52 -95.74093883139949 66.85675151356384
53 -28.84673338355985 42.99601086851095
54 51.14690034426508 25.07495015464289
55 -67.19899985044276 92.0315529170127
56 -37.514801033569654 -53.30799715073648
57 10.187960145975183 30.999789437153368
58 -4.818185818238135 48.44047119521639
59 -67.88798608722283 -91.34994747155076
60 -59.997733327766454 39.85646264352758
61 70.29815633075788 -69.61015820093559
62 46.99878952249452 -20.828256561613372
63 -20.61278885705306 15.64533189540495
64 -21.28868969176851 41.451992947196715
65 72.86600494432406 39.33383626135637
66 -78.213831539741 69.91012507573566
67 60.604380066240594 -44.57202720665663
68 73.00978498705118 -56.762264276440824
69 74.64077993989565 -96.86964141743353
70 -17.643706986139662 84.96172702702239
71 92.08493939579299 -70.03331109010517
72 -16.50054404673267 65.24725682091565
73 -72.51744837900478 -68.85593713547205
74 -28.659051529663486 1.2322192933285976
75 -88.28651430271195 0.8106636748825622
76 96.4585086874529 -51.10746614384867
77 0.47163945787448824 18.391700615800914
78 -62.02085738740908 97.60155910211063
79 62.60112985116203 -48.034148313479385
80 -10.765973464629397 -72.03898600716639
81 87.03995800505459 50.68528991923421
82 44.65338562705884 -25.855088096312073
83 16.848997699684574 19.53157160399175
84 -88.28884995792745 43.91195642148435
85 69.78064628193056 22.238672480125118
86 -11.66922965745674 92.60602808306194
EOF
