DIMENSION :86
NODE_COORD_SECTION
1 -57.380873998578544 50.43344166180435
2 83.2558449739858 -39.772614837493926
3 32.2702949126552 -7.555720633955488
4 -46.242317579320826 -62.78690437416168
5 -13.976094292401825 79.19798713669206
6 -41.48136804148259 98.83806194270753
7 29.791091828686177 -7.124261876100448
8 -26.742109338697446 7.741916597794528
9 70.24207901076016 44.46414477444739
10 55.4030847693673 79.13746677072362
11 80.55519860554224 82.43639151327469
12 66.81869533414263 39.56402885968495
13 65.5400630155942 33.47012739300422
14 74.55666735843343 14.787528007943479
15 -97.10613331726941 -61.97430414327487
16 -45.77968837670221 -17.965876758917346
17 -66.67353504075709 -78.85290234849501
18 -37.86595823253742 89.90820560997821
19 -70.4836610363661 -52.36255866252175
20 65.36323036235294 48.759639539782654
21 12.336203359074489 50.79946683675942
22 -77.2701389460206 24.92925522256006
23 2.5135370076291537 -4.779083813167901
24 -4.678659927960794 34.21549771300758
25 -3.1321492628680687 36.62353864289639
26 -68.40867922143303 -76.93053007458184
27 40.49313545693681 -24.41639812780292
28 -79.99701551370035 50.43936764741764
29 29.730451937591 66.97080309014748
30 -68.73322458984363 -61.150405312259146
31 25.50218868009182 -56.758381622487676
32 82.57616394828355 50.21379811381763
33 -17.443933161851646 -62.737914854138246
34 -52.15341630010695 60.0451659683045
35 -92.60638158986826 49.124166234917425
36 -89.18584165180927 -46.85863169479665
37 46.13426315946302 91.45883978264465
38 11.95257133662389 -55.51441075694801
39 73.29283017740511 69.03820973138525
40 -24.48219170330475 41.019192994852375
41 3.424869268333481 0.9978293291595008
42 19.632204899115166 3.1056040751891345
43 79.82062575406454 -22.20028797581041
44 50.170703893663756 -61.08102399445945
45 7.905178406062532 60.095398852562425
46 -81.68616289416082 -29.34451919697996
47 -4.271247574162842 72.93755781043674
48 -18.016474763521956 -51.62113892979754
49 -60.09214387683579 26.327688246121156
50 52.97924105707753 55.47614763442178
51 -47.39570941919238 1.8765443199921776
52 -65.5161727589551 -50.886589624316244
53 63.60587497219876 85.3929148046021
54 -42.290351071084785 9.745495365632138
55 -48.70088834767012 96.50556286598649
56 11.807425002951561 -64.3521936120562
57 -42.69938947928309 68.9620545301635
58 -72.23839330881074 -88.39787145129235
59 21.74074648660178 69.03735321234782
60 -75.15224875199576 -94.71727801070247
61 -60.33054299122964 4.524170690279888
62 -42.671138200918215 -99.4471643426997
63 83.78077249238075 -26.9340574382676
64 9.419328688563084 63.79592919408071
65 64.62912800540781 26.132603131494662
66 78.14651049380291 -42.43004680220564
67 -93.26287926186403 -16.271853047048722
68 -43.40830245752778 -34.71299048305869
69 7.470966115943 -75.04171673819661
70 -15.90629042109606 71.28496337067688
71 15.286415824462878 0.8752900846333631
72 65.3499306001857 52.57138080140456
73 14.924452426388157 68.55644930022541
74 76.95115397569253 -18.315486359771043
75 39.362733305778846 -70.83857652309334
76 77.73815805327459 -85.47013201765252
77 -58.194812417225215 67.75295369067646
78 -81.53040338791591 -57.28487817851126
79 55.718877058312586 -61.04564353020192
80 -93.35785046670304 26.82012348711386
81 46.90360820744536 20.056486452532155
82 -76.09433887780739 -4.797160020807894
83 -81.19342522054862 61.97559668585163
84 16.367388985261087 -7.643909523765387
85 70.77066435643817 8.502919776039562
86 -17.818831223300762 91.49409455404248
EOF
