DIMENSION :86
NODE_COORD_SECTION
1 23.676391403400544 -58.15239684593245
2 -7.553111661751672 -2.235938742954332
3 -54.19812573597624 -12.235664600874841
4 -8.464624516579363 -97.69233435465812
5 59.84478734486686 -52.6355177830655
6 -39.385994415668854 78.55458995582006
7 95.67465353503371 -54.32954771914955
8 91.04272978419391 -34.505385400926556
9 76.87602530673587 64.1213497335022
10 39.88621288507551 -95.18064848538354
11 86.39559924033827 77.61407921379387
12 -67.99675638734799 -3.360913176982038
13 -60.60453444865828 95.944549286561
14 -11.697173189350863 89.52212523843968
15 25.696561164027187 -36.90261877905519
16 20.383098094867293 80.66851945804589
17 60.17291239651655 -54.62823828207812
18 73.37063338161144 -29.80611219888945
19 -63.31621490872978 -51.8800298115458
20 21.62939088657103 -87.08669305374433
21 -80.39246878670319 40.9143102418096
22 -73.89003728804128 41.679164343917364
23 26.767370937493368 42.24714173670159
24 47.46156344382467 98.241052216273
25 58.51595952629316 -82.5921476321666
26 -24.369488869217122 -99.24025444333186
27 -90.02785869778194 -23.030419399739827
28 -15.47927114249947 1.5213937933894925
29 -33.120095023928 -71.64231966703048
30 49.39322906012899 -55.937828559223426
31 -69.71397417519083 -70.73916294500549
32 -24.96684368318975 -84.17236592699771
33 -58.79052105552929 -80.81506406644749
34 -25.6855016957351 -89.34490588345254
35 -16.29763749257303 64.23880018954603
36 9.64417795287362 -35.218548634714125
37 33.178458764414415 -59.72008473688999
38 63.86879930877569 10.742874180695551
39 86.61226459579666 -99.16256073299819
40 42.57875475605718 5.446916479208895
41 62.18783609363288 -71.23123224307828
42 26.34623360572664 31.861590031488447
43 -11.796660555850863 -45.60498635797201
44 89.284930065172 48.180080062550445
45 -85.48621374068298 -62.10016491540495
46 79.42102302715358 63.98376549371599
47 -25.478998167738 -39.934910465511386
48 16.716477357717466 -40.15962618222992
49 1.696375919978351 -57.04413872415219
50 -93.81269529047509 -65.06198546761425
51 61.84863686851651 30.95650899053487
52 -13.589069393874482 66.77008137957327
53 0.8252585904918135 -97.40167590886044
54 -62.181509007070936 97.54988901583818
55 27.062883259105178 -45.09134917769835
56 -39.48070948185314 -76.05187355562501
57 49.37856063764431 4.550147334547731
58 98.00638657776256 -40.08983144968417
59 -27.379789879080406 83.80816312986715
60 -69.05635888006643 -33.27558245377449
61 17.27128626832379 74.523057531575
62 -5.663648585818649 -99.82315890622273
63 -26.16883310327067 -80.64650323420062
64 -18.2610910948015 11.541025381608065
65 -71.23060803639329 -22.704201524314826
66 -8.245267020470635 57.31702082157065
67 6.078388653098841 -50.826626847653976
68 -55.064951817162175 22.046409725929777
69 56.92587229192412 88.8494923982272
70 53.28486684981962 39.19505344187388
71 -0.36520556581822916 -62.7944230936478
72 59.935898257442375 7.008979294696729
73 63.195059708628435 -31.53364022457113
74 83.14783196757884 -60.5869162542773
75 -80.2619345778127 -77.75779182792166
76 96.65090517800095 -33.56379691768932
77 4.881383417592787 9.698096957932805
78 -42.55575389891357 -95.68970464360218
79 19.57774968057548 28.547700180384652
80 52.516068428161674 52.30554014020049
81 83.07886291785564 99.11010724527841
82 77.5533638932396 -58.47291594805206
83 63.85120689064598 42.45585167339496
84 -16.439764742101957 -39.68654747917402
85 53.75757982082601 -38.2921407411708
86 -68.59431300084515 -88.4595434179938
EOF
