DIMENSION :86
NODE_COORD_SECTION
1 93.16821440180493 -19.625419971873498
2 45.4176166973387 -47.56440063990759
3 -21.32597976882313 12.610936965040437
4 -77.37168013435948 -48.1085183051599
5 12.253786764281543 -37.42289464849491
6 -92.10635035878039 58.84984012201426
7 -30.824166553856912 -59.655034552123624
8 62.27083211316781 -90.93458366445819
9 70.75978568671582 1.093359050546681
10 84.66810429941759 23.35905757908452
11 -88.97719690020784 -55.22961721225326
12 -0.7900469502669694 -76.54979024895907
13 -62.33061217725548 41.463008332982184
14 52.91822927531763 -60.35028766015162
15 -58.98021296186124 -86.92885467991054
16 -35.488828216847594 -52.25172439908232
17 49.19849144283285 -1.8279832770793831
18 -24.526114238882116 -40.65023043075453
19 -46.119047506726105 54.4999294905879
20 -53.84458398741068 -91.93728809280807
21 98.12314247759198 12.255551575853787
22 12.499088345140464 -76.62264976390614
23 -53.7247749138035 -18.50212632294101
24 73.11440116793699 64.71978357583347
25 25.707065327593767 -61.83890765077773
26 11.750236651011491 -99.91137596435489
27 -18.950032165205926 -34.22231427353783
28 76.83080092826029 56.8438354878931
29 13.885537182322196 -86.22191387479643
30 37.56723352424581 -53.36868846823892
31 -5.7108796585569195 -51.72363825167787
32 15.25937858294904 72.090947452921
33 25.361869177814626 -82.45966330510083
34 48.753769673332414 59.909993935083264
35 -82.13794409815189 -68.11617794443822
36 94.62548468496138 32.947461268231365
37 89.27271674435494 66.50740962558802
38 85.50303157561723 -66.43049879580236
39 40.11943886365452 35.85364869927693
40 74.05704108830034 -59.00025070879153
41 -19.921498154718265 59.33126495219801
42 -24.47494853968199 -12.59742460395077
43 -22.607733039236308 -59.19779484352426
44 -11.75368599891 -29.418599038187395
45 -12.664817130681598 18.01443716756495
46 19.531975550477696 -14.411844051468222
47 78.95041820478883 -96.79761926815725
48 -26.70225633211028 -46.79587335297637
49 -75.99637939518252 32.365936899728496
50 -33.76250827206668 10.166443588371692
51 -61.92308760844578 -31.721764237797956
52 30.918039435297857 -55.821443265503376
53 -29.04721351086104 -38.93884926253342
54 37.02667641182836 6.157040373399141
55 -68.08588409300742 60.20675889230134
56 16.104812284831453 12.831275580302588
57 5.313063051671364 93.21202535102665
58 10.452464561843726 -35.273592501054935
59 -37.26177344978612 78.53298419838484
60 -16.509991278569984 47.7242816490739
61 -89.66407106268561 -75.64626362666611
62 26.715105414687088 60.81089516408866
63 23.31817020055223 -20.295211793346567
64 77.49435402657653 18.28313745550507
65 14.416184551617107 -49.24589416310803
66 22.28068120514517 -88.39842728355045
67 59.015271378338156 72.6335177255325
68 1.4491089975189055 -15.759944220174688
69 56.93305988822189 35.95203866711475
70 -45.204878484302654 -27.70285533631214
71 49.27985187794499 7.186775989426479
72 -49.158668209691946 -5.7018097634583285
73 -71.43356640450193 -46.5687952255984
74 28.449821798432566 -64.46882369994258
75 81.20109717111475 -15.48044173398469
76 -54.161043561283726 65.4233602777916
77 83.74436328198433 -40.66477914558328
78 -20.044795164046917 50.879868342576174
79 37.76634028876359 -31.849948986272608
80 -51.748124803596426 84.16945635886253
81 -27.121764906321914 99.13060165225323
82 -64.72158435860635 -69.14332265915127
83 -26.51386284805662 -75.3137038277433
84 -1.9146711761847115 -78.5561835580223
85 92.04175193430012 2.1236915865752337
86 -2.6985457084317517 59.79997804173746
EOF
