DIMENSION :86
NODE_COORD_SECTION
1 -13.521030571019338 41.55596419447275
2 -79.17441756387709 85.16048437669522
3 31.424213367543842 -78.8893029703216
4 38.82541476343792 -68.92816041710195
5 94.40529999804593 -59.040744215689145
6 95.75038814954107 -66.37242450241152
7 74.86653291322088 -68.43269986862161
8 99.76017348050254 10.512514869637954
9 -2.0141468406087455 -53.06112152896374
10 41.55615058216145 90.17292009518613
11 -35.3547205182968 23.280975934726527
12 -77.11299280423482 -33.276724543353154
13 65.49833982956665 56.23436473035787
14 -35.696681326148024 53.43950746504191
15 27.96387967521015 -73.1228916027527
16 -8.052469968024695 65.53329554391632
17 -2.797846335818278 90.49601830234428
18 -98.98275350348517 37.31603447701934
19 65.60565723294712 -42.83947487786077
20 72.64132833978053 -15.474805009517638
21 -39.93625696384828 -60.577541549775596
22 81.25990310486227 -40.50012767912949
23 72.23660689788258 20.004258159171457
24 -28.799167242985973 15.056274237878213
25 -25.699167213776605 -98.87279250999418
26 3.996959178993208 92.32811949105204
27 -98.89485260772352 37.17046050936395
28 82.08971362572112 78.50090031520648
29 -0.5982453950122988 -76.35954127374353
30 39.91657059900169 42.28292899633638
31 45.79506206974628 -82.03033349472602
32 59.98107855643386 -51.879615724237716
33 17.27612776924927 1.4524010930323499
34 19.356033805527332 -25.42258226587613
35 -38.312026352600384 56.66471313375612
36 1.1716920696161992 -82.033493614202
37 60.19311183905589 31.004301710289553
38 -84.00735946294043 49.22841605047137
39 -0.20850546940593517 -15.474482076401557
40 -30.41152922818536 10.224998122921662
41 -18.83646288674828 79.0335542716422
42 -13.545109593371848 85.0222685681955
43 75.58935294025326 55.441005132928126
44 -47.456450007641024 62.40522820180391
45 14.422118058580054 67.67902113367475
46 -23.989570858172968 -82.22008102790808
47 45.569763015170594 93.99438926983484
48 -18.60590661823865 85.78230482713761
49 23.666021237528327 -69.7471542697686
50 50.48683965836591 -30.672380526268924
51 14.08824820214572 -15.091899769476427
52 2.263157788935928 -63.5021064544117
53 -14.293975757620103 -58.41496811054696
54 -35.418368560645575 -6.420590271979094
55 43.22119951743039 32.76459038088444
56 -68.02214504615543 -9.27404753413174
57 -92.813494131773 -23.152945406164903
58 26.717613505041868 16.137692512951915
59 -11.733590715232324 -29.090729387111836
60 -15.618977505089049 -34.69029939005151
61 22.030591949259914 -97.23933087902554
62 70.59995323185046 -66.18189392098847
63 31.54680381897208 -51.55820068958295
64 2.1726889411761903 75.27596006978078
65 -32.73342956878294 -44.90172301740542
66 93.63111375600502 90.50496236515406
67 -62.826332185601096 74.20204725186252
68 -20.562405537629928 -30.36674819246248
69 84.89196119907177 6.380999208239217
70 72.33998563164238 -4.2564700360317715
71 99.42561221945667 -53.34310169089409
72 10.014970090484638 -63.14017995358776
73 47.43142426829817 77.6808168813404
74 -85.01860197187676 2.4753401358447604
75 -92.60054234289474 48.59420449986507
76 -53.13314056223426 -78.51218541173995
77 54.84473539659908 98.43287433975453
78 -38.53767337345491 10.322855849547125
79 -1.4106060490298091 -64.46988961268012
80 -92.3987681016909 -56.8100554140798
81 -99.55884869476208 -31.835619055605875
82 90.75095220774102 -89.17034616321831
83 24.050595267596478 -3.2640046514579097
84 11.306125144577123 -40.22517434408015
85 53.45633247209639 24.046208318165526
86 -54.0750398925472 -58.93752099032057
EOF
