DIMENSION :86
NODE_COORD_SECTION
1 54.8117363990975 -83.57158570004593
2 80.26070253476203 48.86888778117918
3 79.60255971091706 -20.82200781524695
4 55.754734027842886 -50.6732974354799
5 -78.39913555021829 -65.73107494435568
6 -5.610689793000347 88.5757676511584
7 -89.92595032697344 33.2995716312212
8 -6.335332868537165 0.7570459324513337
9 -72.2406134031619 -69.04381987768159
10 -4.4667515712619945 84.70283776794781
11 18.768825620770073 38.79899389733356
12 13.901040692220022 -17.40023512777222
13 -87.02271102293442 -92.43046293068097
14 -28.989437799384675 28.03290889042097
15 51.15350390563492 88.34252657868319
16 54.796386721095814 86.09787774997554
17 71.06894132498724 -99.61501977876385
18 50.906027152856524 76.4315672761955
19 72.04706253692476 -57.62588232708845
20 -74.06980043760419 -30.573394940322117
21 -86.1084326129871 23.66476568396061
22 42.48831064344364 76.55833894070375
23 -74.14108603814857 63.58594083816661
24 -27.833531614304036 17.667452162514195
25 -97.68301428641529 9.285469105930304
26 -61.0931164054719 41.20527903764727
27 -56.0416874462353 -43.56953319067431
28 73.29908965936895 -2.1371086727646684
29 -33.0872235020301 22.110625091450515
30 87.32501624583256 23.66928275234075
31 -53.168601118906736 -84.4197288769803
32 89.46145441394876 75.55781168562359
33 -9.010778389713096 -19.985729882451935
34 51.645030816306814 80.564295635219
35 -61.31795053582238 -62.758139426875005
36 -87.54355971646098 9.234106137704146
37 -21.33184289584713 57.46161214391148
38 54.98208613825648 64.47975701991686
39 -57.867149516154456 -2.7702580411963282
40 -66.83693411937999 -10.955503234469077
41 80.63011961720835 -98.44692828784855
42 -62.957235887243044 37.89144998284698
43 70.68241034251099 -50.292994884053456
44 -14.823931215101524 36.25199908265216
45 -99.80411130999565 -60.562048003395574
46 11.564686856971676 -50.26892788282509
47 -13.42472857288189 -49.501351735552454
48 74.83460658702646 -70.21885693064431
49 -47.60117420398191 6.003996013959139
50 58.97339415905171 66.02072591009178
51 -58.25932975261816 -41.116077867487924
52 57.796409323059066 76.28730214696773
53 -1.2958744816737635 -29.250933897813596
54 -60.587193031216025 95.97860574338023
55 49.45638394690525 -78.22609252061665
56 72.31356336896715 -9.849693844166254
57 30.031327511638864 92.7412053661688
58 -38.6945754167221 5.002141400934875
59 84.39394961352812 94.18061290850173
60 -10.633767220666599 99.79866713851288
61 -79.26371335839073 82.57332663132283
62 -9.401405333096761 -44.06518599152789
63 -41.29854286641634 -0.11616409531256977
64 -10.189497390103668 46.770553759679984
65 26.208862023271422 -99.7812248084343
66 -64.1469798439535 70.02291770013593
67 71.78020350653398 -13.798007969024482
68 28.696672559812185 93.91789233809834
69 46.74258642551382 -32.30596973557165
70 94.32987944080082 -51.03148279009522
71 -18.588571263828783 -23.22676580515312
72 -3.085816016816878 -90.84022944470769
73 -69.66743962783603 -74.56521601091373
74 94.23265681893233 -50.51515959016444
75 93.8894227049706 76.25305648867223
76 40.31946241212225 41.19136535409069
77 37.057813035082575 -88.70835649139912
78 18.26003428226302 51.760384305256395
79 -79.18278132256593 -69.16534763995162
80 -53.49705940270988 53.554763316648916
81 37.70437573995824 -8.948297577277401
82 -56.37390786745824 13.237921354879617
83 -99.77887739412444 -1.5016994070021354
84 -40.64854966914198 -66.52223758521308
85 69.28536233426547 19.392273346148883
86 -16.295998896178105 -50.88526023975668
EOF
