DIMENSION :86
NODE_COORD_SECTION
1 -47.32541527332641 78.19529443018746
2 56.68920471280177 -32.835175610900436
3 -14.928466588929254 79.21351163055328
4 -11.24897565962624 -27.21236262382989
5 -75.22664412381826 -77.95484328619544
6 38.34243387635078 20.944388733948486
7 -19.295808394828 99.38910496213529
8 1.058259492830942 17.44246557158084
9 35.62396376551146 -30.376699340599316
10 -90.00363687156772 -99.22152632812204
11 35.482460413061006 73.02320356171745
12 -54.69048065680655 85.42159466810674
13 -72.82774021549653 -69.26895331726546
14 74.88620104161774 -36.42884266974593
15 29.915987534909505 79.33860932628954
16 4.852857794250426 81.23919976150674
17 82.75013565286548 -97.26501939921054
18 41.441892456035646 -96.07713318553938
19 -50.95589295461704 62.91011734784041
20 -30.12889799913046 -82.20430082026272
21 78.71984863334467 2.693780846236834
22 41.231867827875476 -25.739273301768833
23 -70.18619085046262 95.9488102403524
24 24.985017198283103 78.87256230321319
25 33.24972094111459 -45.4735049013147
26 32.51472694871046 50.04948669844987
27 48.16716355251165 -33.6690372546791
28 46.29254427149277 28.66089030696355
29 -0.12262166873216529 -64.8713536430124
30 -0.44494352353501654 -93.51077304920838
31 -81.50549515141745 -79.72218815715262
32 43.00030391868299 -40.27013569454488
33 -96.48312461447115 33.34227504057125
34 -92.1403052872646 -76.89381392098952
35 28.10954602905983 38.59249900435924
36 28.803627571701128 20.841445208439026
37 66.56592463414202 -74.31372222744439
38 -74.50937332398742 82.64285235971889
39 -20.59724913366982 -24.63966002377495
40 58.17140578404175 16.017480863354066
41 22.769447393947644 22.753216487846345
42 -29.389211367155326 -19.346344275115328
43 62.329168526430834 38.01876896345436
44 12.691944213935486 16.265510915327354
45 -33.504254585013314 -9.821075753700697
46 95.41906795450018 12.212461998650625
47 29.886970270377816 37.703120053330395
48 -27.363898478296747 -24.630490103076056
49 35.081497805602396 -1.9089260564355612
50 66.63066570246116 -47.8618718654513
51 -0.7570085655901266 -11.225420662880126
52 58.893993186290885 91.1518425874091
53 71.90187785803138 -97.05697711134344
54 -47.34085493679048 -4.855604154364741
55 51.16147831623792 -13.563524959942598
56 80.44143274213303 -96.38735913876405
57 -32.17800128519981 15.639157555391733
58 -22.3436028893707 -27.67967870114036
59 -49.60770303613875 41.34524358809608
60 -27.50753552328038 -28.6471343652898
61 -71.31402197242814 -40.14200961802368
62 -47.43325878175633 -89.65244448090559
63 59.674903331820275 -99.87778939058416
64 60.49413673827081 17.687327205536945
65 66.49981713771353 -25.52075068283628
66 43.351467595531346 -50.139346197369484
67 -29.985771016565096 -69.3274260269865
68 35.11982668052718 87.8539022622274
69 -38.03558377733231 64.02126116109815
70 86.54000499787051 89.3567392163786
71 19.884839918427048 1.2176965699269147
72 -26.582643508855995 -91.27484321692208
73 96.0149134868181 50.994775521945314
74 -87.7359684848322 71.06070295292767
75 -73.98044302285314 -68.05290257046639
76 -8.731875986154705 92.42870995924633
77 98.02262364733284 34.07960643235063
78 -15.06927808046656 -24.847773615432374
79 -1.5612401997654075 -51.803752613639695
80 -37.686442153715724 75.28249918780622
81 8.31583680936538 6.0302309962451375
82 -78.3085847956111 -61.239104496722476
83 62.37673415829127 14.05656832065634
84 -11.49494425122765 -66.54875002313415
85 2.6756918863356987 35.21666697574284
86 98.86194496920058 66.13558977177397
EOF
