DIMENSION :87
NODE_COORD_SECTION
1 -99.16861470583527 -34.465580550874634
2 71.61484584648505 15.087813056861393
3 -16.583575249351583 47.91778704701301
4 -48.1516409705882 -16.921642662282082
5 34.15876521105048 -26.153612183342332
6 -39.58515266795135 -89.45951657522974
7 4.839307421119173 -74.54625042219587
8 -65.67200257255908 -20.535836602700172
9 -28.428832909119308 61.06809488115138
10 -90.32029334697044 -60.11596250134596
11 33.507608713266194 59.383498103562204
12 -74.68551494226901 -10.36084827924499
13 60.00370355909354 -7.225215601724216
14 -5.495949386463366 -25.277696476442358
15 9.16261664428903 -59.37351240220672
16 14.135128552231308 62.202694342023165
17 54.17396119027623 -31.414676751985
18 60.02488407544041 43.3695415137214
19 48.578302440170575 -54.065373905130734
20 77.33006628989767 -38.34152163884288
21 -62.43163150980482 -49.171659388152975
22 16.61756383960784 28.086492547171957
23 -20.335864948961486 -78.08884457352075
24 -10.984563115652975 -13.664608306102124
25 81.57553581539347 -45.10954764741302
26 17.965296164273028 20.2876472216132
27 -31.206996912706302 13.91481471659506
28 50.448253823637685 -41.267284637061465
29 -84.57719141930282 30.152901819865917
30 57.15840392749817 -74.87409327145735
31 -60.989526021552386 -6.244497998607471
32 98.94917303701385 -95.30412635363047
33 -70.42768540695059 -89.57720592280411
34 -34.020345110779175 -43.13898659663005
35 -73.21834333554537 -9.91234097367439
36 6.339406473620272 -12.170987974749409
37 85.23270960911034 -37.23476459791792
38 52.53185980693908 -83.5821547676911
39 -25.068071086080067 -24.592287694031995
40 -72.95192275349704 -84.44935022454649
41 -47.35709059437681 -86.35740173149853
42 62.36401248902109 -7.459065217458445
43 9.43774044467321 13.561719502896949
44 -93.9537886876275 83.19861605095986
45 -49.21595028711303 81.26714766728591
46 -1.7477971085676955 77.95145455792226
47 -2.2762425885639317 -78.33044429864955
48 -93.23636111129528 -27.409407700319406
49 -88.82410177465707 93.0733070882576
50 -16.208417207552642 41.91283106127662
51 -63.87736456800379 50.371834825532176
52 -30.854920445190714 -28.553555472993295
53 38.41401219368001 -82.78417762860252
54 5.955604720327528 50.61136516612899
55 64.15361072069433 -63.69416627693014
56 58.001599301821784 30.078633975487747
57 -9.89614461834725 87.00001979450721
58 21.778806217949608 76.75801660856615
59 -46.72379604878336 30.716681218726592
60 11.81377159277946 21.756929968982618
61 48.84813659957925 47.150462798245
62 -35.68064733121328 -10.182399438031766
63 -32.224730369132956 -41.889960574263775
64 52.14269940529684 -76.84628203997252
65 8.943635751776142 0.8242379886672495
66 33.05765994205899 68.2717344093642
67 45.433636434479865 8.852556011138944
68 -36.19474435002423 -18.72391072413771
69 50.44373341629873 86.27512564432374
70 -96.1127361121453 25.321685818596222
71 -4.351394447182358 19.626289370514456
72 -94.03032341467575 83.29101901290602
73 -76.75707669471142 -37.92513400347091
74 -56.14576441170185 89.43741404145004
75 -37.35145196673331 45.64342862185646
76 64.3278611519703 -4.350138211510355
77 13.839542995805658 -70.20215047445204
78 -34.198608648048506 -68.84092673889091
79 -48.53417504569242 78.52748802224389
80 4.500533198686796 -11.081613136982284
81 -82.56700815136489 -26.924582790657254
82 -91.92646771746658 77.55718795270295
83 -35.67766153320157 -86.23274847654716
84 36.83162697359461 14.718676218683413
85 -11.9883568072608 -58.073980008533056
86 74.43995197832925 -94.24222942857592
87 -54.91609076865811 -78.35023819089402
EOF
