DIMENSION :87
NODE_COORD_SECTION
1 -71.202224927156 14.776711852377787
2 32.87199282519751 74.31539649431295
3 8.081561602009614 57.76731732916659
4 -12.227875831661123 58.882754366225385
5 99.17548392948476 13.95333310321854
6 50.56648091618479 55.71115524289118
7 62.70968142949627 -6.5924642033772045
8 12.66562919301657 24.81231310304291
9 89.6585543907685 85.77471752312732
10 96.35387996453994 -89.37619460929267
11 -18.84404843928003 -44.776013492442644
12 90.24080959055959 -92.27090646787106
13 79.83717039695165 -45.59004903147235
14 43.23723331000821 -5.594676838303727
15 -37.74018088783151 -86.47212920540113
16 84.12727189161072 -20.365073536348618
17 -87.69296221825986 47.46218591156327
18 -40.215462671783996 -63.24393463104534
19 -12.921703994504156 42.19158994520373
20 92.30711964679233 -44.284032207827465
21 -40.37564003101346 -68.97179507745312
22 -56.177382919315775 35.93045508999532
23 -23.01524443085394 51.932172647553415
24 47.440933887370505 63.04175797802978
25 7.33750282487604 -10.942720714604164
26 13.809257115700007 -34.59397905007107
27 66.67250413917205 -55.152861219727356
28 -45.04991948248642 -70.06918928671988
29 13.251553321832859 63.41559790340588
30 80.53976097010522 -28.077940604276066
31 -22.780598766647714 31.60906315491917
32 -83.48836819044283 -0.11105907675612059
33 53.082042980547016 21.0625155756819
34 71.84427459965897 -6.20579500908471
35 -75.6302480461823 -97.27494113822914
36 -63.37788756729241 24.026605584617997
37 12.654098860882115 64.74486450913835
38 -67.06796314278083 -21.588903842473655
39 -52.81026225828869 95.26748704122855
40 -40.11364430351962 35.86148390247166
41 36.80320217098 53.61557963650412
42 75.0389056574455 -72.1805622141484
43 -7.747350627771937 46.482066537761
44 36.687726632905 62.41258373813946
45 -4.866056074806053 -49.817090082548845
46 95.03431251645623 51.30370923362577
47 -61.489869800971555 -24.320281429083707
48 -35.10409925875521 75.49206059718983
49 74.79284000099227 -40.00358596078284
50 38.64395983247044 53.86670439628554
51 -1.9942811316520022 -14.181687570254937
52 5.268519094256433 -62.8988819741291
53 60.41164419929606 -19.5239649544166
54 -70.05549848728106 39.51723730646833
55 -22.413081116694713 -73.8193690661164
56 -81.79704517666218 -57.16393603349839
57 -88.62273512823936 25.290522346035942
58 -60.21358746582124 -41.72876280264255
59 -63.227944073475584 7.554773821705439
60 19.49437906125391 17.210935133578303
61 96.58461494098728 -59.308625065434796
62 15.801358078872326 -24.227572092781344
63 26.9281905547099 11.323226911706556
64 2.756473118497823 64.8028816802385
65 -3.171384383883691 -19.791397417861162
66 46.6502842225635 -5.561081622249958
67 -53.0837258424 -16.133093905383618
68 -73.83904439953159 31.126502189549285
69 -65.00838342543722 54.11460847240497
70 83.16847674259807 5.041921475332018
71 -99.64011416960578 -42.309621329574966
72 11.152239949081903 77.1434866631518
73 44.18247526408746 -79.93768131869312
74 -10.936173585001342 -2.3771510883553475
75 -10.306290260125678 90.6745189337554
76 -49.206610374116664 -78.686273750709
77 33.9835327639903 31.30392604516004
78 -56.17539451890996 10.655009923552242
79 32.14808914319883 64.86287055722781
80 75.39973559410731 53.094201189161936
81 -35.0382338874778 8.896420011471378
82 70.49291765784281 -52.64375953512326
83 32.82583601110005 36.18793542334299
84 -26.88371691638187 -28.20813914210146
85 -8.39964993104607 -45.6997880974765
86 -89.03982743418904 38.05860563334113
87 0.027592181327861454 76.54366294464714
EOF
