DIMENSION :87
NODE_COORD_SECTION
1 -61.47732261198284 60.17764804223654
2 -2.5547962456677737 24.153268449263933
3 -89.38133998957744 -84.13986607914214
4 -90.31608871948147 21.10761760702735
5 41.160070836063426 -60.49344254816062
6 11.895951841548367 -69.05373869787593
7 78.10041677630494 -6.468441139972825
8 18.99640935320754 -42.48131412229918
9 -8.762222958029867 5.6899870013832725
10 -13.523288923299276 84.01081636645489
11 -65.27486702785677 -53.26799630021137
12 -51.10870447046369 -72.62322341140177
13 95.19576789766745 -28.0537368935955
14 -80.19544318037305 84.4814980810821
15 -50.686656868317655 79.74650321896951
16 12.652468510945127 -84.21453162138997
17 -28.84177884649249 -16.37872737363304
18 -25.800264900926592 96.19202729311763
19 27.71281588534147 -31.819660208888934
20 -64.25000702905203 77.71655924374733
21 -20.189393657006732 -94.30446945801026
22 81.99307407295933 54.92613442849583
23 -33.73523226023083 -53.552224520830485
24 13.349907735087612 -98.36287599711812
25 90.49411297147543 64.35615680505936
26 34.902251314518224 56.14737928547953
27 -48.184485162907805 38.77887269776059
28 43.470974419755294 72.31869254267374
29 67.67355894235325 -15.959915915793971
30 -95.8668689199613 -74.88576448097731
31 -81.57025127636132 0.1506182505961533
32 8.44470920811213 -38.26519444114995
33 -87.06487344437024 -88.64531225503617
34 88.8624788461847 23.28670584637878
35 20.961765954122114 -16.451362178607695
36 -72.66516146938385 -73.04677984278172
37 -52.32988379357872 -32.71790130716717
38 -59.24172825703402 -5.069354657563736
39 -64.35919671160406 -0.03433344793405979
40 -48.02751592451055 43.92894603565642
41 -28.399034719508023 19.073487275211505
42 -37.80616680581592 7.826125910395916
43 -52.17316338102906 -12.456819494327576
44 29.26335051696384 -43.8955155517571
45 -17.694153945948642 13.239493934297911
46 25.81208340711487 91.98604462824477
47 37.09301177768302 -43.73775413057523
48 -97.5768933523016 -33.27663128361809
49 -9.101976960340366 -38.95686496003634
50 -86.90385554593433 30.291218159558923
51 19.790977442852565 -75.40998397277914
52 73.79724075378752 -46.23661704156423
53 -80.98377452904938 17.90140876853124
54 -80.3974814281223 -95.05174019359481
55 59.255411974960566 14.487979550619002
56 1.921647973978608 -63.604354280429234
57 12.282350968583813 -51.89819720341213
58 -75.48686048322648 53.676438179505936
59 -96.19608245536493 -78.81167185707254
60 55.480205149544304 -28.12417658538078
61 55.382674123748785 -83.75998340738178
62 -27.837500790657415 39.52980065239265
63 62.68861063387635 24.144602719644112
64 -3.184479129030194 -88.22628161980708
65 -76.07116419150184 -3.214856711043666
66 63.196150997180155 88.26079782761539
67 -19.84438345301524 55.562925565152
68 17.64922202614538 -3.5525139819623206
69 58.25489274747687 43.17850321743339
70 -96.9832305817681 97.13166386952699
71 -82.23131474658928 92.92005274482798
72 -0.33209951876844457 -83.33125182239385
73 94.3066301446344 7.872453067375943
74 5.174099084797163 -30.920203617709532
75 -94.84672223997725 91.87445487469111
76 -77.36892923192629 21.3047991453099
77 -63.22057266969987 54.71536125921543
78 -2.6450229584082336 76.14338919751185
79 -30.68272373998127 25.976784107385114
80 -7.342643713350341 -0.035764536579080186
81 9.660868791395586 55.08904219992462
82 27.629706083527353 -93.94642483880811
83 -97.29540277948013 -50.41416440115791
84 -86.65488666460487 19.512174653645317
85 69.33446356585418 -90.79511379285796
86 18.611033422064935 -4.100669205716628
87 80.13799625663893 -49.60363123499758
EOF
