DIMENSION :87
NODE_COORD_SECTION
1 -27.61620458549025 -56.6386223229383
2 15.400571486706298 -16.03510120795488
3 -32.81803698803162 -93.22864329682056
4 84.80725007674613 7.9849874900207
5 66.31231628892053 -87.55450764048847
6 -15.62908137159053 8.793965063987926
7 -62.55130383954943 43.29124372894836
8 -46.54096734106834 24.780317935463472
9 36.080590576367314 16.780677479837422
10 61.392867496107726 20.849554437080386
11 44.57486465554459 -28.067886620333567
12 -99.05533650719337 -54.1362230107568
13 -63.929428557951894 36.5218500820304
14 -4.840266586683924 1.0150845441762897
15 -22.84657296838492 -57.96294703452287
16 34.28204355652585 -65.99285234794694
17 -90.76698964111154 81.41981719879874
18 -48.83659645420258 92.083259376228
19 55.77236091640333 -36.55849731171041
20 16.38800007654166 16.353220127375877
21 -9.003814500816844 7.58553603773511
22 -11.554549820651872 -59.46441285857029
23 75.4304788641542 44.60592851678956
24 89.63727080335303 69.14573726457391
25 14.602857989344884 -59.532249593450274
26 -4.996932295050783 -46.67565631172521
27 29.459591516301032 45.165008134133814
28 -80.59557217308624 56.91494037403558
29 40.53169216269549 82.95026381982362
30 67.00601747841884 -88.93678768107615
31 62.609245656477356 46.799549050059966
32 -32.25507154840324 92.52488104819585
33 -17.340596487617347 37.47507769223981
34 -33.01910936348639 29.032885208518024
35 50.95034891818233 -3.6625936020827794
36 -42.62839343457705 -65.51113495713565
37 -46.18012505029394 -78.90232854797557
38 -53.88113739419862 7.407846826021498
39 56.253853577572016 24.989683583344117
40 36.082811394961254 -12.040861281618717
41 -96.58349045971562 2.380654469671242
42 65.86327173799489 62.11058731932502
43 -47.499187320179814 97.62841028940846
44 -98.20154805368774 -74.2027995136873
45 -30.255956067930384 39.03205024440416
46 3.933200278417374 -22.3004637043486
47 -27.819984795809432 96.01198249505117
48 -1.6397968025865453 96.13090587573342
49 19.67607425636284 -54.80554980596768
50 -20.060614369058968 73.69691578616349
51 -29.970499894779707 89.86460818548224
52 -57.74786914803707 -67.19537799506057
53 98.37458279083125 67.29132282262609
54 85.74860287316665 25.762783454305733
55 51.87811868225256 -0.2839938415332881
56 -9.602031631542602 35.1287446139018
57 -38.32233796861628 -2.6633365423958537
58 -44.247101360750875 -66.8784770486916
59 66.24350024901503 -94.59237902334152
60 9.191307544989556 33.33472466482661
61 -86.17827106774646 -97.38569837690123
62 -37.80019012644311 73.6470301266441
63 -93.65742881602736 -95.82844472367947
64 54.91495276457874 6.141960879500701
65 23.154436391958313 0.6330765731637769
66 -29.26010756172637 38.01284156605237
67 20.1709391197832 72.18854953781468
68 -74.2943340909916 66.84273651322658
69 38.49459113576262 58.26414887785967
70 -58.652207084090065 -15.686556265890346
71 -23.692604829402384 -66.46880586307822
72 95.22060420000861 -15.688543103754157
73 -21.204716417802146 43.96667795729036
74 -90.22693508980436 4.563028565469679
75 -16.90028666480208 90.39863076668581
76 88.16163476238998 -44.655519218604375
77 18.76645688787771 -87.99186207302556
78 -65.32292803520289 44.47793825209979
79 -91.1119061479698 -81.45093933082232
80 7.81383859878018 94.73676775622707
81 -56.8867376808043 -52.414490899793975
82 45.61214711089178 67.94906656075483
83 0.9224341144747399 81.83617222560821
84 -24.245595838154003 59.50156472287247
85 92.04631340620145 -48.246386959560716
86 76.99928112758664 7.610428135575177
87 -49.37029015258303 69.75591412266317
EOF
