DIMENSION :87
NODE_COORD_SECTION
1 27.375675883167276 53.71005660514939
2 32.04254190515192 1.866287011507552
3 -70.10027157789227 -53.252057726236714
4 -56.00249128165362 55.43754782005564
5 9.309488903195899 -12.916739146748668
6 73.27541450858394 -92.15709003130056
7 99.44243540257395 56.96080886301607
8 -16.323796319319484 5.175188072490116
9 -24.856004334260234 -75.58949931795966
10 -84.65467230532231 47.655433418104565
11 -34.26764779046836 14.477816563045678
12 -98.60010353088806 85.82112389189132
13 84.03429283800526 -22.77202308439395
14 86.5180601439474 48.73282299676711
15 84.64561753185171 39.27306502572614
16 -65.71029005452012 21.124361132837862
17 56.671291170140904 -56.264484800041224
18 17.35318944530016 45.210677287683836
19 29.051960540994997 32.97527872249327
20 72.81921105559638 -87.09360168492965
21 20.68517897679743 -90.92782795975583
22 -24.790261913781492 -64.50246728510302
23 2.901038117937233 -81.03111533637022
24 30.11623798641358 30.347454975369317
25 -41.546304550653154 54.344283701037114
26 -75.99183369515941 48.007608774977314
27 19.041673901189256 -69.29940161819476
28 -20.900844907214548 78.14233847046654
29 -57.52857223178074 -84.18777842133514
30 56.90498407418832 -81.03367703477747
31 -49.06970305559866 14.597886469478794
32 -69.8961410994485 -27.567825344285097
33 -6.563599625947376 -14.357935244611042
34 -0.4637954300946916 -63.80518389301373
35 18.38474142641691 -35.99455477305055
36 71.65771618658206 3.418282253480683
37 46.21019271885626 -4.371512382932224
38 -68.51413778207677 52.77973546807658
39 -82.4602545646 -49.453970562008756
40 47.05677979425411 -86.43557025297066
41 -41.19215061446502 75.2950777144766
42 -76.3640765283376 24.53452383321985
43 55.16032368094673 -30.688159134684568
44 -10.5975710876735 70.2936905388751
45 -50.42618557337417 25.778335556307667
46 39.05377318205029 75.15843063409017
47 -2.530652314543218 -35.707292335215186
48 -12.24624287605782 -37.91377985401589
49 97.70016722164038 0.9016504901816944
50 -4.926453404564938 -57.00043965687402
51 93.64547999646874 50.44736414840253
52 -92.94807501081664 96.8841219969697
53 -7.756615746717202 -63.15459249785478
54 34.22757179906438 -86.67181830678578
55 84.14781832297734 98.82404272349069
56 -65.52726062685329 31.709724113553477
57 64.79586982926645 -78.18038703169901
58 -98.31585056416093 90.02649520829036
59 -45.976581510822 1.13660846192694
60 74.86370459517042 -87.59653248589841
61 -9.03143491338166 -52.854863925483045
62 76.8479240771994 10.601209266805029
63 -58.64600898610413 -19.79747587722369
64 67.9217882396712 -47.61232651278713
65 -4.159212591889556 -68.8500594731839
66 56.77911728922024 -41.57492401049443
67 60.99800726437047 -37.351116467232835
68 49.768177996661024 -70.63754833207017
69 -51.46635017915766 -42.71349689382742
70 -60.9121366302714 -23.886285178258333
71 -46.21555110210822 80.29277879620696
72 -68.42376488050108 28.839960930252772
73 -18.93675024048231 -82.12335979164371
74 1.959868617687846 33.943909374414034
75 -78.68548746411903 16.60217516379285
76 -82.09105380007817 13.423349103520238
77 16.629879906890977 4.89007750335027
78 28.969681306260696 57.21968304203335
79 56.52740354613212 -35.35631430821604
80 37.422083318257734 -53.26349843004936
81 42.499544371242166 -60.83710108163587
82 -23.66217548676471 -33.50763272578476
83 30.186618794658784 12.92334054483517
84 8.589334035730502 -49.089017134563726
85 12.634001620918028 79.46226223303262
86 30.28799106337462 -65.45907221405751
87 -56.55717904957689 25.526705821056723
EOF
