DIMENSION :87
NODE_COORD_SECTION
1 68.3229895961559 25.152372883383862
2 99.71834567519883 -71.02492637460432
3 -31.56282020932308 82.79226597958632
4 -47.8161485569389 15.758074929012153
5 19.966277943431038 52.876559625775855
6 -37.34531306281301 9.892685955597528
7 42.689219246444566 13.722981112623714
8 -49.22760063920046 -68.81592353346926
9 -79.88193486246449 79.54645836695897
10 48.73465669057205 42.35314818296132
11 -3.6011784813471337 28.66227893701091
12 50.15195507577508 39.68824982596783
13 -49.320932716929256 -19.35812653242057
14 17.7828662593229 -45.054874368668905
15 -52.052573572574204 71.08466253928864
16 -62.07756089383343 -12.040821605211278
17 -61.79832317181433 22.083244522023392
18 -2.3049781137163876 -20.526792792626864
19 -70.09632014487434 -12.876519454019373
20 31.22921227290351 -45.02709903944617
21 99.03096918600914 61.07491039899716
22 31.669403543152555 -77.13867419861737
23 -88.3636091114206 -10.908841845769771
24 -41.795281751219406 94.09284629049498
25 35.67866985049898 82.65389402608429
26 -19.22716087592474 -94.57419422301186
27 96.98852077079621 -43.34187672766818
28 -0.17719012649261856 74.7425528677617
29 94.58623078358625 38.35052554394019
30 -45.5026487018017 -5.575713183662629
31 -67.83154586052058 67.09669212416534
32 89.8218593965324 77.5573787199663
33 45.43334738971595 3.367141734572485
34 -8.036163164241984 11.786792013798802
35 -90.9851992055388 95.9961138514926
36 20.353000913814483 46.92144576373346
37 92.14812892965617 -81.31892346864471
38 -33.57106964892161 44.93514627139564
39 98.79100380333702 -20.14489447665062
40 -48.990306922767665 54.79614430028988
41 75.77518663445147 34.47824459021808
42 -64.24865477817448 39.59705610237427
43 1.6659530135966065 81.95803387312444
44 -31.105074989169438 79.74631542592869
45 -20.64214017802722 21.323522298845532
46 11.47395538660237 -96.47896247538621
47 -52.96308594680148 52.94104388012073
48 97.3822073189937 -44.92948105122927
49 94.99087854961095 -34.52580308911
50 69.17782882384464 -0.0014953596050020224
51 -70.14903854292685 27.454414195828065
52 1.2267262550431042 89.94147328321984
53 63.199663734055974 -85.25725668367086
54 72.76449280537886 -39.90079292564845
55 18.08122749161683 -51.672696068864354
56 85.68278952430254 17.463058522255864
57 44.80255880136116 91.31516188206794
58 35.32267600027424 -7.473690505387623
59 -83.48582829406104 59.641240840171236
60 -62.716098443007205 73.5500689967428
61 -64.58779577095265 -62.06887355689559
62 89.23576430898146 -80.00263751628138
63 -77.99588427329986 60.118507966415024
64 -96.05831833838046 -39.46307974261873
65 -17.26768522922535 13.832207170797034
66 -11.813774065796494 21.057384968634224
67 -44.64863693575622 58.23174153387126
68 62.019871997131645 -0.5783258876991226
69 16.806170563117888 6.8844039875077385
70 13.713294722555716 6.230311946782322
71 4.960042648615072 -79.55901791443445
72 68.03970092857827 -75.34847443883999
73 -46.62705965605842 -21.71875815688624
74 -91.0199385147849 -92.58487542502607
75 -32.56794900253392 53.9643828736736
76 42.67284423419355 -74.64393987554683
77 80.48820609643877 6.233709716261799
78 -87.59365571199665 -90.56721328194124
79 -79.74677869637203 -84.51109755983217
80 84.67822439666347 86.93450140481508
81 88.56492208727158 45.053221640167834
82 13.823521691774161 2.630389960783461
83 -88.27193098762484 -12.772851860614736
84 62.43891279824496 36.90324396797624
85 53.990979427433274 66.03393376990039
86 5.807549431820874 -14.551406073215873
87 3.319294330226569 11.726690090822217
EOF
