DIMENSION :87
NODE_COORD_SECTION
1 -13.332866382873561 -0.9101071105729375
2 -96.79129542130802 -20.957751454232152
3 -42.19310603181998 -60.328279657772434
4 65.25618809846557 55.63826707056498
5 48.35807863444987 -58.22622151074044
6 87.11687128990289 -9.163737856045032
7 73.849145598625 -35.22525798590152
8 -81.80189499177699 -23.607809728050256
9 -93.5149390610701 73.09598441259675
10 -31.777392957975252 -99.59769576570174
11 -69.44011245560968 -1.824133691037872
12 -43.84422635745058 26.02896968877127
13 34.33267004843705 -24.71220432019365
14 17.82835406251138 93.49867052604205
15 22.137498362152115 -95.74398428369419
16 1.0448727847653743 71.47683637040683
17 15.84992353680461 -54.96283985907273
18 77.94455300202759 -13.536639371277644
19 -18.566289567733634 52.299689543801634
20 -13.391797115637488 92.6416562902331
21 -35.85666119692871 77.54723074270265
22 -22.61899002269807 -90.34686184173744
23 -54.94078244299867 -77.00381071315181
24 84.10782719976484 -47.94183392569189
25 41.98420542819653 18.331761858035705
26 66.45394190744264 -98.21653126476689
27 69.33160102744631 -90.36925088065703
28 76.71111724230704 -66.35482795317179
29 44.48619572025626 -0.8464322200056813
30 -7.034978784729432 94.07560078807688
31 82.22177173727707 55.37186044661178
32 30.22687197366875 54.4710702648907
33 54.10970511392341 24.512290970566866
34 92.10865528354648 13.117022036607096
35 6.455210113119776 -81.93894959584506
36 -42.1522117575777 3.4357956206437734
37 28.149052574659805 -74.9122626598725
38 12.96371891963419 -18.65848068432281
39 38.92424167282843 3.9113391681429874
40 26.555521947390133 10.775568114167285
41 28.858871578663468 44.54502167746449
42 54.22600353068316 44.03515061025104
43 21.567574847121534 61.520646392135404
44 -97.15539599757513 2.2966471931781456
45 56.37591271608102 -23.892197141928165
46 -68.16234062259934 -98.22566538996888
47 -11.126603009578176 -22.393597071607687
48 85.42146102112062 42.24431176117605
49 94.59246480889118 15.305802776726281
50 -48.830151585102534 -22.797691459654956
51 -72.83773435284272 65.86755619186746
52 -77.46522649637022 -81.2866293725615
53 30.13774523107159 45.302919924487725
54 6.414867697400069 -4.949770387095057
55 -69.19400883841247 -9.61966291603946
56 61.593425914442975 -24.493586450099386
57 -45.37659477230598 21.212150927655074
58 79.84401598960932 -95.69085745906618
59 -9.46114352410983 14.93389785796262
60 -71.27168429402315 -55.65393258880687
61 10.309472608353886 69.80355199266128
62 -36.41259753326196 21.459098893087017
63 99.01733593190107 -80.28780668637768
64 85.95427120647861 -18.652495068222862
65 -10.653076194821182 71.01157725407737
66 -23.408016442947698 -76.33838950247323
67 8.784609747410627 -23.271724202474033
68 -36.41172758859741 -38.34254295059587
69 -53.24678487859704 37.6479142110002
70 99.41411472580023 70.82179568626842
71 27.796114958564374 25.417300400797927
72 -84.41967258521998 -63.834001279418516
73 -62.723078052615875 59.72617858096797
74 -0.497247247375185 -14.57366348383728
75 87.66239820683205 -60.20556085697901
76 -4.586835752933808 -95.80269884125676
77 36.307817260166644 29.804676673529116
78 69.62970109958877 69.06361320721379
79 -30.23454397220388 28.584037786785302
80 -99.77299110040003 -93.9143275811293
81 54.98860523869237 15.753447110880714
82 52.12302349109572 -15.467790069480913
83 24.404918917308123 -40.273841062530444
84 -19.174261057737965 89.54307785314631
85 9.684571275305103 -2.648074401731492
86 71.55996912900335 -17.555977414036136
87 -31.869772420639634 50.666861463940506
EOF
