DIMENSION :87
NODE_COORD_SECTION
1 4.342818553829474 1.9997448925969366
2 -76.5826402844846 -32.9192036698863
3 -4.892364319935723 -17.46307829043286
4 70.4761768012985 74.87965278963199
5 85.35151280511292 -34.65102290072441
6 64.57584121185036 -10.454436558233127
7 -99.1450830377663 25.775496928447865
8 -3.7730420198434587 96.74210468568583
9 -82.74299962517787 43.40903093782691
10 30.36248828911522 42.292965562634436
11 20.91105952853718 69.41234515444785
12 94.25436974479439 -82.46595674228357
13 59.648803900047994 0.7625634547657114
14 -74.3332730868965 75.06957966720293
15 20.446809824907476 -51.14491838337625
16 -10.178957619077792 -71.5214329561195
17 34.46512310134176 -45.060773639930844
18 -97.14967202509715 -54.818430304232436
19 -45.34537006556023 1.1465393380077273
20 9.770862930383743 28.592273638638147
21 -22.89386260501138 -6.588141958235099
22 56.60157889909709 3.842060816984798
23 84.5409857686956 -48.62377743007804
24 69.1128703931928 -29.22001084684318
25 -21.180703305572806 30.3997923084531
26 4.7879780043474085 68.61472041856908
27 39.06870081682382 22.102052158334672
28 79.9318308649654 -91.52123056749429
29 93.01285665231859 32.38556143855226
30 90.46371550470084 -26.640206211135563
31 21.305694661407856 -80.31139073199722
32 -57.21832061541452 59.25748693001074
33 28.153843814250934 -8.74875496197356
34 -9.811800175432396 -62.91119852616986
35 6.236280183626121 1.468105496830006
36 30.718179924774176 51.77825529932116
37 -0.09321706849463851 73.94065138830067
38 -36.18813221625907 43.13420140646855
39 -72.10864494208802 -22.369626276963615
40 -73.87304695250126 -27.474127015776432
41 65.169361473057 27.553670702972425
42 30.885506032962326 -29.95976379572123
43 -96.54636685350589 -48.25187589115458
44 20.503173483058873 -21.28837719662677
45 -89.3386379058799 -31.221008554625
46 8.849398292328743 -34.418777461835305
47 -8.005720293790603 53.84370446898831
48 37.3391989134949 -6.24238075920924
49 -81.27699617125946 -63.42856283078579
50 -1.8415353217171742 -94.68648362057365
51 35.49711240924705 -30.096427825171304
52 -11.723679539552691 51.767979344533984
53 -17.020925082191 36.980208911648816
54 -50.50027891747182 -72.93254277813759
55 -20.173352846402707 -78.25317441911592
56 -77.32305168782389 -92.60694188177551
57 -3.475009410582672 59.03420864465073
58 -1.7417438189502974 -17.21454494984434
59 -76.7037316159638 -98.84604106882063
60 80.77347514393333 -22.50700102413559
61 -14.708905372061693 90.59080182970467
62 -98.61200705818082 99.11256636493644
63 -9.507282037198308 12.162130617680916
64 -89.45000185393685 -68.9931553850279
65 -90.7585740343976 -86.94584565145247
66 -38.15649775517558 -11.854287395117197
67 -20.98680725839492 25.43317282323889
68 58.51324513203434 93.43348719067774
69 4.063199097493907 3.869491424195573
70 75.72906246731239 99.74789770706593
71 -23.22869701133851 98.60062795093836
72 94.5089078925223 82.33065099174374
73 -13.996707430569572 25.699451057861907
74 -12.678685395729389 56.833561754621655
75 -2.4718941735380184 66.50200857984842
76 -19.260398392125595 -59.76177624594603
77 92.50791834372544 -68.81116063712325
78 87.1216486625089 65.03140212098259
79 -67.69550287359125 -44.79739937825966
80 -54.85922581551812 81.4321313026525
81 -18.678223276889128 62.22400949504589
82 -61.905360394072304 -61.86910110246786
83 -35.668792691525184 23.71697810655779
84 69.27075601518612 18.915040365437847
85 -39.29704244532915 72.59311046579825
86 -34.75121369049245 30.718755314508968
87 45.192635318177935 87.33455076132645
EOF
