DIMENSION :87
NODE_COORD_SECTION
1 -43.91262194551015 73.04221089630263
2 -53.59846221139637 90.18424953370595
3 96.70233221813695 40.565449663891314
4 -63.41480711085319 -44.81234473570306
5 -4.233231059237113 -52.15110252811772
6 -33.88737475838059 81.03270385155369
7 18.181136608145778 -88.68629499782995
8 72.34723939664377 -16.326745387177084
9 58.92388084149033 98.59654947844913
10 84.74747732362715 99.4044398946495
11 -31.087793289194707 -65.00217267769418
12 -3.171356893381301 -49.27552404545408
13 -35.72860311570439 93.70614689946584
14 -98.08030114267332 25.602286295916187
15 62.06077790197017 -7.025860020996461
16 -45.77996449477239 81.31426475784554
17 -7.269045194358853 -17.790262777362756
18 89.51296702713518 -66.57244098586803
19 28.063619701848665 88.98603079707362
20 -6.00577811796164 71.1713190125478
21 -66.92838839770805 -79.73797525310333
22 45.02518079470127 52.351459088197345
23 1.313654491963831 63.645504043883705
24 64.2222829427196 -25.871527958092926
25 65.30465448588285 -81.68155711964388
26 -78.85445862095702 -9.608017432788628
27 87.17901238361253 -99.71566099838844
28 -95.04935100089473 52.129726093527296
29 29.491015509679556 12.885976204668538
30 -58.279242718329584 -15.89731591612427
31 -17.98713955428937 51.08116103029468
32 -23.20446569537947 79.30227556903841
33 -22.382472879944373 16.753023668166065
34 -35.733291846971824 -7.92053954989899
35 -31.18983356896163 62.37060956820952
36 -90.08915433325299 41.49967770323428
37 56.19829537328448 51.60444600358397
38 99.18169094516071 98.39171213361044
39 61.16769795587166 28.04089554953103
40 8.485912671378088 22.722496141442235
41 -82.74263302459136 -83.0718054690212
42 45.817691425412136 -57.65597037709333
43 -81.79649779136835 49.92601464219092
44 -4.070758432407004 -80.17738454103389
45 5.349075664261278 -0.8803489693945323
46 55.56568975712281 -59.02531345652575
47 3.092088166384002 -65.90122085421584
48 35.89455521108147 76.89751183823776
49 18.272153194319003 74.68996110742077
50 82.11146557387593 -79.30275402499194
51 -92.12839145111533 1.9710407506858587
52 -85.69463865211664 -19.2192967205073
53 -10.865993165260974 11.484665075563584
54 -70.98197102757031 24.491441133135325
55 17.179238157029715 -54.89274045235244
56 -82.46568985344136 9.034657110024384
57 87.42128887439381 21.818782124609413
58 54.790962546837875 11.049632395072393
59 -66.42896758563997 -97.34229344758323
60 -8.106388427341727 71.85235581609095
61 86.73311385065728 -28.565304990683018
62 -54.41706351053837 -87.7149013097681
63 -62.91747018629501 -9.68245098803662
64 19.59267665606386 39.273854096825545
65 96.83306836726544 98.18899847524497
66 15.693614826149329 65.60838029860307
67 1.6862941707641852 -40.28194043674205
68 96.31936798400778 95.1239849508562
69 7.67638858951436 -55.62536667001725
70 46.02122822233281 -12.62208233312478
71 -58.69729639992134 -82.8437850975375
72 -54.39901974302583 9.077522363012761
73 -56.931595911481004 -43.415493374723965
74 20.62207464068419 3.9313061031394767
75 -91.9798074539957 80.5689116244333
76 55.10127812576357 -31.74195368132237
77 71.6106484547702 57.0228617452629
78 71.53416219232071 6.603326023520452
79 -84.81875068621052 3.6580574398166874
80 -29.99017907460133 59.776714895145545
81 -27.409221433919726 -59.82931917751273
82 92.02124801162103 -52.862944799472714
83 -92.00967374046154 -53.927182416299324
84 28.67982254799969 -54.38271696513488
85 4.472609052839147 98.71129536005466
86 28.39358435418856 -60.105701317602026
87 -45.699944018754124 -81.44479243212194
EOF
