DIMENSION :87
NODE_COORD_SECTION
1 75.67077756042247 -78.72650026576326
2 -26.35751419794174 32.62255155659014
3 -89.4384860106842 87.27157279776912
4 -21.768130425077857 -18.044668537805933
5 -62.64785497784433 -0.45474247448895255
6 51.0682499088274 -54.658319119610695
7 -68.5217068582891 -5.272086812384529
8 -90.71264483630034 29.0224941099367
9 95.22431663892172 -89.10037848488612
10 -65.47291404788038 80.90922089930649
11 -64.37174425836537 -8.169225428770204
12 -30.39337587270714 -72.12153886923143
13 42.11309961271712 -38.19688963417423
14 -95.94159383421064 -94.00185265641672
15 -73.2833191530695 -74.27381361005664
16 72.02984293565163 -43.920942136744024
17 56.39401085919394 -57.568627122580665
18 68.29814335785295 -9.265451002883381
19 54.7175798141096 43.43953485336968
20 -48.38171108873568 -95.82956078497776
21 -20.59742131955224 -74.83741662064955
22 -50.64939734121927 92.21601384495048
23 -7.564403301149184 -70.58685701754825
24 -96.7089017452369 77.64620518130391
25 31.18695899492684 45.26075472440334
26 3.8541808768971464 -5.365934476929056
27 61.738359162483704 -85.31311642647022
28 48.23400058329423 76.21168356912415
29 -50.24093629735662 5.1552786858401305
30 -72.1028323833894 -90.09318299182793
31 -80.3845221648367 24.128168041062523
32 -98.26374549009414 79.26153233611961
33 -10.999517044571945 93.72286423474878
34 43.43990862536319 92.7281522812664
35 64.2204494559173 -21.882553774561003
36 65.1121038453905 16.47704417599681
37 -39.62054893552729 -38.02180308881486
38 -86.1004410639321 -26.060365804753545
39 71.05172879550028 15.095564593862989
40 -85.63710704508843 52.44926552651822
41 -46.36492924032301 46.57952701870562
42 -13.446310120354624 -33.86854326914907
43 -80.57078872880945 -48.620835885653804
44 8.236207044452271 64.23428730002075
45 21.58511258826931 -17.444527397016003
46 -90.58101799522385 -54.621388441064056
47 19.422354006561278 -55.349598844200784
48 -11.661792798146763 40.7468955082887
49 -35.78644202638186 -3.340792308794917
50 20.261272449829335 63.018579642924664
51 -0.6137497389491671 77.52724869017845
52 -6.0445559889083 -17.10115777576445
53 -2.8057898277154862 -77.24358138952314
54 -44.60678884417475 -8.62322408613585
55 -35.73817909262836 -72.37942080670805
56 64.24240748141955 -66.61197809023432
57 -59.9934300375619 -69.34686223280679
58 -24.084257688671556 -42.65401228349495
59 -15.203569568998532 -59.51562556292742
60 50.431018133858004 15.04476437843718
61 8.800260068552717 -90.23020550777936
62 59.059708631496534 -32.27391874756722
63 27.84118500711162 71.86517267283892
64 10.718381061660125 6.641483228697581
65 -50.83577951252269 99.06771601347992
66 52.283766549974786 80.23019138669176
67 -12.118888649299947 15.657153532648266
68 -89.5110205049676 35.07199383432646
69 93.95694530975328 4.634297461389664
70 37.78494717876487 24.06370033637002
71 -70.04550077274263 -16.03100351976363
72 -99.47239266501522 12.806687573791706
73 -18.64597060512591 96.33314400420068
74 -94.92196527651934 -76.01782856624652
75 -95.88232960527314 55.70882224156492
76 95.87926636043221 99.52983019155417
77 18.26918969611353 24.92535782508851
78 -20.699966865874117 -68.26541628434725
79 -58.388601250441965 -39.90655307621296
80 28.01230224144348 -83.13474111012164
81 -75.69486460813735 -48.931674807903036
82 2.8960133782125013 18.79804694255658
83 92.88523401680189 11.488206098587497
84 -7.059014308749852 95.09667600872666
85 -58.609549871013854 27.59814206012932
86 18.34252419950377 34.31025786259616
87 17.635999950647147 -38.01641697094376
EOF
