DIMENSION :87
NODE_COORD_SECTION
1 -32.03616177811381 -19.21113097340934
2 44.25873089503557 -73.49799485612607
3 -50.43511591882572 -17.893998996387552
4 87.01669107313953 -11.885076351973737
5 19.6739311878124 -15.783988473530371
6 36.92631222771914 -48.01318134043024
7 -70.29545825298018 -79.23613906900533
8 8.172031466902212 78.13144713505986
9 -24.102606492596877 95.50337336973419
10 70.32473534184754 -68.94982768885538
11 72.89279460730302 -59.43053733437216
12 31.256944981574264 -63.77915784940449
13 -15.783603020215267 -51.61135014361893
14 -33.7557255091227 -77.03991175987198
15 37.68711655786046 -78.6985436265508
16 49.0941958994363 -29.904346895909512
17 29.732870978180642 60.50915615803058
18 -17.25524982127115 39.049673143361076
19 -20.17369443709687 24.74651384711926
20 -50.372587832962566 -21.652225173121735
21 -65.2708188354184 -70.87880634027968
22 -93.81016127901086 -85.76705338196389
23 -58.0392305146387 -74.15042773718295
24 31.325805372589116 3.9772108527433403
25 12.882043378405356 -88.84225640023608
26 5.061240391510552 21.648147340976934
27 -21.985879637929727 36.40558528208487
28 -58.303225756034195 70.50144496937136
29 0.6858879724552338 66.5308140152375
30 30.708803894806067 71.83469426437694
31 -40.16761782339675 25.199015491615768
32 49.06266561394327 -32.94839342434868
33 -61.25802891918426 -6.415325641483122
34 -99.80701420846927 -12.14987619358348
35 63.77705832296974 -11.502643436884881
36 7.757976485061462 98.86169159113629
37 -74.43055041788966 -64.39380796628033
38 -53.62416052500309 -2.2667944490504937
39 -15.08173006432996 74.80488783369168
40 -73.09681677610764 69.55714015204549
41 -83.40533889153639 87.29859015509379
42 70.41675884405274 35.71946057713345
43 -23.51573060614669 17.7829452185605
44 2.9114949281446627 -88.35107891859516
45 -9.025083239323692 80.12478862214243
46 -18.17069908962594 93.61545629654691
47 62.223541665185536 81.24293052802284
48 -74.11523681001471 -68.36050261660091
49 -41.087031096199446 75.4266344024818
50 -38.744736688332914 13.73794843670791
51 19.335721801252845 -29.881667330307167
52 20.05481698680329 -13.853193641744951
53 32.11849299606294 -55.77369618337218
54 31.112300735696806 64.8242872619048
55 -20.37232016909421 -88.67797099846482
56 -71.5735733894099 55.452582394129195
57 -69.92724374386488 62.616023273282764
58 69.27132924232842 92.32021976501417
59 -53.44911337557134 -41.60497144202437
60 -98.22179141947115 30.881246929402977
61 44.75279871065467 -98.35755361638545
62 50.91999503791621 84.45141104390137
63 -24.22359249540891 23.853040153588594
64 2.17767992031537 82.41559976454303
65 -63.528696102655566 40.59192778041563
66 53.76835983167905 45.484892592000875
67 16.963748936175165 -6.863007186046374
68 -18.833287349957573 22.955588370994008
69 83.48844155226521 82.58288702937003
70 -88.24681189312584 -82.41330335832116
71 64.37977542993264 -75.92616955657572
72 42.77366392939538 -64.37361509408697
73 58.05197131525949 1.3715819344700435
74 52.39699290675628 -57.31803971410348
75 -85.97599307081552 -14.246177081658388
76 -48.49160157067984 -19.457950929670602
77 -48.478233897517306 98.2775069765533
78 -97.02188629057498 -94.27632641984111
79 74.91648848304337 40.730585875334214
80 -4.503502259579292 -52.569021792667805
81 -78.76489770539163 -1.8653487496179224
82 -99.3319171706722 -49.22356865381117
83 32.204540984354765 24.450166122177606
84 -35.091140015797535 -29.470551890156216
85 -18.231108219118326 -36.82510130553833
86 -8.207477372917765 -88.678692254985
87 -90.25545843702946 -74.1846672132086
EOF
