DIMENSION :87
NODE_COORD_SECTION
1 -44.15704983725188 72.14945934562681
2 13.255174695400584 53.74982435052905
3 -44.62815364333712 -53.81177026780921
4 29.81514225023014 22.791396859175507
5 59.81198040886372 51.327149355714795
6 9.40602255382528 -85.20292145017483
7 -63.90202636082216 -77.47798832380002
8 -82.38198260926546 76.95976927732181
9 48.99826428100471 83.95802834728212
10 37.904228741424305 16.95769471946889
11 21.90333786262822 37.18833039521925
12 -51.7775126774723 40.92554295899998
13 17.42692740747212 50.82527390516887
14 35.81594053100579 31.250490354303963
15 -48.721575190917534 18.025917632233643
16 83.61022652094368 82.48530147987242
17 -11.783666636870677 59.92733787272837
18 12.681506763630154 66.20986257486646
19 85.49411235807764 96.35115832659233
20 -2.523660347758778 -20.538543808884896
21 -52.93860930814742 79.51114065934797
22 83.94081905029088 -53.60677320700178
23 30.885025235706024 -7.878602966025497
24 -64.5569788171357 -10.89066913172394
25 12.10604184343697 48.21706033171088
26 7.349368473395046 -38.83570291225824
27 -53.64982087145273 3.1632108883106156
28 -91.65794930198767 -53.99676541021241
29 -99.63888367055142 78.74199313626633
30 -54.958750547368986 -37.34146421080386
31 21.22718922666529 -60.12818116270595
32 66.22241259104803 -7.692179086981426
33 -99.17608705826294 21.42673900357528
34 23.895447492995686 -58.16305445900451
35 58.69619681542474 96.7879883630406
36 -49.26075093594062 -5.65909598917527
37 14.455626282874618 -95.82606049183329
38 -83.13848418030116 61.53453580943801
39 -50.13008435978406 -97.54141591244296
40 -26.419599171567015 -50.665915029219846
41 -28.827019037880675 15.102850146778565
42 -82.09893744566392 -24.59039418251136
43 73.7258875888505 -61.01289989693384
44 -81.41317657809084 -63.70266939215856
45 84.0102378800002 44.347158017340746
46 33.201134065537474 -88.29978389518172
47 -91.96266101509663 72.68036364021773
48 -84.77692458355202 14.893844581582584
49 -49.392089376851025 -48.597862807613225
50 61.31587293511694 50.694013043844734
51 -13.54124465103024 87.19767591830998
52 -18.945841017204287 -73.76859255857681
53 62.184313179107505 74.4273573396006
54 84.89262707001197 -25.1823272853062
55 -13.077438549235382 60.60865378647347
56 80.88497018084172 99.4765119799425
57 30.146376830516232 47.91120361051384
58 46.63878856325928 20.252234267289836
59 -13.496988902012276 -22.233993292496578
60 -99.781415692641 -81.80253693287867
61 -9.50423941913499 -54.896518535411246
62 -67.81441795233678 8.980581722914266
63 -32.096304163376104 -80.60048879682375
64 -19.310355898968723 50.34275791479203
65 -3.813287657279176 -88.37767578343292
66 -67.494872660998 90.17325642658946
67 -87.27523938267565 19.337424763317017
68 -84.87090151189874 95.76095617727324
69 57.59177825630394 6.641660583042565
70 8.536902235113558 69.81894999971036
71 66.66620431009994 31.261593886872618
72 -50.083462683198235 55.16830070317326
73 -58.76825862659514 18.065533031827343
74 -69.31998181544314 57.505849573468566
75 11.823449979520078 -3.5975240944836884
76 -7.723640666908935 -25.529631620203205
77 86.92587366346825 68.09542139205786
78 -84.192632364035 -90.73989978412837
79 31.23143912301029 -46.41958878557588
80 70.17406503945384 -31.656049209622566
81 53.518952612294356 75.59695044546112
82 34.45807515329557 -4.6523140269944605
83 -99.18645047661663 82.99927168343388
84 -57.531125563613394 76.98542475406137
85 -46.658901942022666 -8.327874474085789
86 10.864387104016956 71.94589161933058
87 93.89147915948789 -74.80114981456651
EOF
