DIMENSION :87
NODE_COORD_SECTION
1 -10.57414416063412 6.321122443600373
2 65.99753086243697 -85.51228961234428
3 90.23221288164112 -94.72694922541854
4 -42.73201588679383 26.45829225222174
5 -82.72542525701158 93.76898055296402
6 29.57658571294695 72.56224687173184
7 11.655408824485676 5.095758543386026
8 7.421319665472254 86.49342640568761
9 76.0674399085008 85.17188164805404
10 12.61116294276033 4.112020950492905
11 64.24760363947158 74.86535709460432
12 -71.13984520620403 -5.885035143284185
13 5.0572248619996 71.12871852818802
14 -85.8423277873976 12.33853554215527
15 6.482560483734119 75.96614243446993
16 -14.396342951592018 75.13392517077574
17 -11.048521722734137 -27.088419935414663
18 -78.87593972450597 18.545408581035943
19 82.71361601553932 32.61092349091811
20 23.45838965084053 12.559991186245938
21 90.63286166773503 -57.734694378223736
22 -25.962320708298606 33.48636807744188
23 -34.40743890145515 -21.893348779610022
24 67.84796514334013 62.56009236954577
25 80.81558124000446 95.74071312192007
26 -34.89927531709283 -24.83899583827842
27 -18.247367965358436 0.10682736438624829
28 -78.49161586960165 -87.43210755199897
29 99.79408690014338 74.96776510604147
30 66.18957812578921 -13.035460327480024
31 -19.08803251666484 1.256996325327279
32 84.7053563420964 60.45037474720834
33 -63.55970738460173 -25.72507104944441
34 34.45416553260043 60.097827950156045
35 58.5536932555911 41.63952900890334
36 -29.37014270946554 43.63784949540383
37 59.60558798010632 27.060988142510254
38 -6.826252424676781 14.143858766673901
39 -7.661082875586885 -20.575984486482213
40 38.628123871725876 97.12354518962633
41 -12.916097361009832 92.32552649924543
42 35.52524217017904 -60.2829399703587
43 -97.59109538144554 -23.870567699360976
44 -82.07757287915402 69.23910183560074
45 27.29203232188597 32.764382469033194
46 48.92043240407307 57.09153761044712
47 95.73263598524616 82.90439029585087
48 44.4787643784548 74.11219819158867
49 78.82351049481989 -74.16375675566529
50 7.568262137767377 -5.2853741292096
51 -95.34395043898776 -25.768279548498853
52 -16.322204335461635 9.712536950816641
53 23.032277594852005 99.20675182015896
54 30.91846696911739 -58.48810429153903
55 -20.190820812963977 -54.53641151820345
56 61.445272316232234 -79.60752189274179
57 94.80234393675255 31.97624159486341
58 -44.35717525244789 -23.110035616101968
59 -52.47254038429021 -59.40655254469234
60 -23.50185887495951 32.828548909728
61 66.65980703740527 13.097452274372472
62 18.81023607023009 -67.65673860079262
63 -8.056555202265244 26.67106614933232
64 -83.63732813280544 -55.72993448523247
65 -68.6166744313123 98.38940575214602
66 99.9119115004701 -11.42891275945739
67 -28.094839157661028 -18.733152026234862
68 -50.179227908545585 92.00116477873914
69 18.269430056233176 -42.446229606099386
70 19.392910211560206 62.011159488666834
71 -67.1225795036328 -90.60825755608519
72 -81.55920019490566 82.9224231850786
73 -71.79113060762892 52.59984918604795
74 41.3462516622474 84.69589519174895
75 -76.01776996227325 56.27893569771092
76 99.84905729388538 -87.84160438020652
77 -77.26979808270269 39.084578291381746
78 -21.9740879377633 -68.66226721631274
79 80.33468248416904 32.43367419080573
80 -34.60166814888754 -50.40273559779636
81 52.16696871757034 -68.4263300191384
82 -56.16511299913287 -2.4503097120488206
83 -19.169563279548058 -82.64267389137383
84 4.889560853194411 23.268852307855397
85 -41.89537637668626 24.730219429799604
86 56.444627526944316 83.10741093616898
87 -58.45883994641432 -41.64794599960895
EOF
