DIMENSION :87
NODE_COORD_SECTION
1 50.893559382738204 23.229512000478067
2 -92.24564891446623 50.509282467686916
3 -79.32902072409564 -91.25011272131123
4 -99.5452040046132 -60.5215860098764
5 -76.16660396929427 88.47737020494526
6 -19.338951754555737 -72.53870360646863
7 -42.65387019069065 87.77951128259679
8 13.612476502575888 22.783739558570943
9 95.00594347370588 -75.07898375204105
10 -68.04029425316361 15.614311407687225
11 -38.156454075620296 -18.760002507317623
12 -57.02982978638467 -31.708143082548105
13 44.36689379907713 87.0493547333684
14 43.220607191523044 -41.71700624472039
15 59.86916927869606 14.895391601727482
16 -59.73015649707354 23.702570882782624
17 -44.12313296752002 96.21976671395257
18 44.28190401529656 -73.63109066992507
19 39.91501224060565 -66.86498570224745
20 -62.70406617586934 43.654870691170714
21 -49.88197697131551 -36.06210569031527
22 53.81603938073283 27.934807772636645
23 68.81643746004178 -40.851073041788524
24 13.620739996638704 31.2164786841941
25 -45.918924746697634 -25.7195560953501
26 -63.83182446716831 82.58609221428569
27 18.30799632703865 66.19967895066489
28 -64.30005899253672 27.383765803156663
29 18.278996793371732 -8.132637198822962
30 47.12283020504853 89.56563899682988
31 -62.26596045765864 -48.60356450894798
32 64.97442544648061 2.49806746649557
33 -58.65640058883071 11.789512496694286
34 -8.745000066096551 -31.531754308089305
35 58.07034357189099 -46.62219668730783
36 -17.365257411588388 53.48480965643566
37 -87.73870762956366 -82.10176928522735
38 63.52197139937468 1.4809596667824962
39 -37.58694885379599 5.309639361650923
40 28.70438257172222 60.821638229590945
41 -69.59573407561457 65.86290982621395
42 97.7521597440232 56.0555670104886
43 8.091147224684107 -35.39599669059015
44 3.098168375506603 9.141769053129266
45 13.513285495268917 -42.59709220427288
46 94.68710793283 -83.08058788913691
47 -64.44131039026934 -89.23442364862235
48 -73.68799868277544 25.378872680605298
49 53.78845915404992 -77.89997491170737
50 52.23301739913157 -93.66913505077459
51 49.22310652776602 52.771753275781066
52 7.400175717130651 38.35970073826553
53 32.24410929565991 -26.80219742400172
54 70.57795446944769 21.485679418886477
55 5.365760990535989 -62.60728611980348
56 16.89657448772431 13.75072452256316
57 -48.51590229266112 53.793878349794994
58 54.83105661898733 67.98047479771492
59 92.31106296136696 99.85762856619641
60 -87.66405807745095 -31.734987648804648
61 97.05379005983838 -60.16833407246438
62 -12.160052874379573 -81.76041482900212
63 -61.99964850852366 -51.72663769610046
64 14.031511169998907 17.03562957944662
65 87.52491514166798 -83.70240078667324
66 -4.157355078802283 73.81155214821266
67 30.12682636090304 -76.79816969321595
68 78.76521991936357 -41.938231547359116
69 23.46963152603587 -6.96982161264998
70 79.61016181672903 -39.55851966203036
71 83.9877588397357 23.802314474255112
72 69.04680221558297 -52.36609488246913
73 95.47994523195467 76.54711423524645
74 33.73609327181279 34.825532414858515
75 -56.78976422776876 41.94495801731958
76 65.5979288351819 70.64421033493744
77 61.388834282530894 -35.70324407761025
78 -73.27054998087783 31.95381751512994
79 -51.49330806852461 95.70172497311776
80 20.71774821484864 59.688435220544875
81 52.84926693527686 77.74011015295366
82 -35.43308100483196 -68.05212918121109
83 -40.383525583634935 -96.37898032807743
84 -99.81400708545225 66.8655864730163
85 21.427369649683015 -99.3303439093907
86 10.360876884066442 75.29904511025859
87 65.58970148914474 91.19227223386616
EOF
