DIMENSION :87
NODE_COORD_SECTION
1 -85.80545212620207 -36.505062779082344
2 -1.2069957163482314 21.10524862776579
3 -44.28148920641428 -88.76021208336442
4 83.01302160835772 88.82874231913803
5 -69.32274482559744 92.9351099202614
6 74.14735238007978 92.93201367506256
7 -82.93380559964106 98.668968980638
8 -31.60948756014305 -30.756164200661402
9 47.36257656771642 -25.27858595656302
10 35.06473095253958 94.78827483890305
11 4.767503563845722 -3.929638345714693
12 -67.69556362276617 74.45428421529411
13 85.1105490485144 -70.34075536092385
14 -97.17713138005462 -53.45714242314483
15 -32.437325984568915 71.85536807905206
16 -12.07387213115129 17.67154220347777
17 -77.34519006007407 -94.5580167067168
18 98.91645721272855 40.05510075342511
19 52.70093114760519 -85.34881633869729
20 67.25321792503746 -22.029865764328974
21 -92.42386809522252 -78.84123878259457
22 58.316483710887724 -24.749334889243997
23 47.90159955074887 59.62620559057234
24 -21.65519507044425 -68.04939374434332
25 38.04016292162444 -1.7108901672929164
26 -69.90473577577177 -74.151813989255
27 -57.09253314953004 28.25539183448825
28 -19.999577629253025 -26.74353934387794
29 75.45550286601431 -5.409409274985094
30 88.07345042239592 -86.35694973745704
31 95.78671565272862 -77.06817919176186
32 21.539151758608057 -76.14863329680594
33 -1.7914737558196947 7.285810511846975
34 24.14527956736974 -79.74540452414836
35 39.13963086068637 -32.16933012100557
36 -54.66495205518302 90.96285581458363
37 56.63103652610744 61.954967629389614
38 46.93825957986462 15.242879133648273
39 -88.63368578586908 37.43189419563936
40 -0.23482704216839068 73.59877442725201
41 -60.64286072657161 53.54021886266014
42 58.46360648590826 -70.49863500141574
43 -51.84825704448601 64.10787615826465
44 60.2265024276719 -27.457246965592546
45 11.225486564316526 -44.131869654605936
46 -68.58634899298247 -47.168255917854495
47 -80.67571026548765 66.18220333815194
48 5.877871072392011 7.7349209143780655
49 32.883212855608036 -33.90357812315969
50 59.76245564431596 84.6070992100222
51 46.244104730143306 -12.134046058815102
52 -50.2366609599715 -3.0558942403400806
53 22.247746076759384 -99.50871730695239
54 -94.67408584568557 16.429727270322786
55 -15.12253332846862 -7.522368765878127
56 69.97308150303766 -0.3621583939990245
57 -32.01718441401246 7.941537575283647
58 12.937567316116045 -24.31016735157081
59 -90.28655139793887 -99.64694400877792
60 39.49820565075004 79.95630655064713
61 -44.8551607069166 17.615802852370834
62 16.896405397651165 -91.0686462189372
63 -16.3208563511877 -87.14855370249398
64 -97.56442189465437 -7.303422265396236
65 -86.8440048120311 87.16905274061193
66 11.34286886896163 -66.06884131489932
67 -50.79038366203885 13.863944592309991
68 94.19908329815496 46.213359350710135
69 46.26017895099724 -32.09532253643968
70 -92.78065391765347 39.39786692336352
71 25.628936476753708 90.2308227795325
72 -46.60658479670048 46.1424623739029
73 56.618154374182694 -46.70160451922036
74 48.471377977272454 61.196574096049034
75 -52.00150458459467 62.47364465974164
76 -76.99324706998132 73.85330949463955
77 -79.80193004284584 27.290224947485655
78 10.145843197886649 14.005672245039975
79 32.588823128733225 -32.75139988073627
80 88.57852240847663 -96.46333204406332
81 25.617682679688585 78.75076497550603
82 -48.957632046293575 -92.68791154664018
83 4.1312296105140405 -17.072687316835513
84 -49.00149324645402 -88.1660908930332
85 -63.90555109642633 98.5280499319795
86 -56.42581516250837 24.65110671479917
87 -29.99454525229737 39.71129761433966
EOF
