DIMENSION :87
NODE_COORD_SECTION
1 57.73971991084093 -22.35516951369334
2 -86.12422996721945 18.73351754501222
3 22.464477961617675 -49.35689860215482
4 27.96755133236786 -3.0266151027193473
5 75.9909702558976 -63.33773272234182
6 38.35738694697372 -78.50727928186942
7 -71.87045821937133 6.906666832494707
8 -78.61431713673423 70.59925781677157
9 -42.5654650350866 -33.7715726153843
10 -34.99657395516327 89.43074110660058
11 28.465422856187928 41.47437170938849
12 0.7409628636451089 74.21754605681829
13 39.093404018870416 -58.88471328124143
14 -96.7624708493386 -94.00768520712941
15 44.221939272076014 57.96545665352923
16 25.281994094866562 -78.33219720606985
17 65.76617779787279 -48.16063828768322
18 65.41681101112508 -33.93183418237436
19 -56.53720281690555 45.281533790314995
20 -24.49125864972592 -44.58713743973299
21 7.058352376878929 93.04461905684892
22 -92.70851046445408 -99.08337615234967
23 -42.34915996342152 44.77976717060335
24 69.73689865376406 90.58276600654244
25 -65.56441304301639 10.44250431189613
26 -76.78695385403414 7.931404520277539
27 -87.16660395885052 -40.79366465107006
28 -28.26108307089237 -21.682001203105955
29 -69.04483203949954 -64.78462409690142
30 -68.7528049734297 76.66187195272823
31 -26.41603439442231 -42.70362640006999
32 49.61794447997448 -95.18169212785621
33 56.3319863910514 -15.21046061288078
34 33.34785140004459 52.491957618326694
35 -52.64351176454849 -22.053313609731546
36 -3.9290755750331954 -7.496691601020288
37 39.995205734010796 -41.11580914539632
38 85.74842977444064 29.38403868661902
39 -53.09149041332135 87.86745292310104
40 -29.802885161342758 -80.30882406607962
41 24.79192060723318 -90.25754906252435
42 -35.27337794498173 -86.90600377702116
43 58.44938534550309 96.61919700086287
44 71.00824445050105 25.201662451567344
45 -66.00597930968463 15.450826604002856
46 -37.10097628246254 -53.73626898724522
47 -86.83012607349889 82.94125743445127
48 2.7965979648218564 -85.7103601310762
49 84.2645437510445 -64.74674312404076
50 -98.7982584538106 -63.20264110434142
51 -90.19069616792675 -63.7220010478386
52 42.517260245019486 -67.6844785260063
53 -82.76025429167149 75.7660602798085
54 -8.286695060957697 80.92734102370727
55 85.91661551083058 67.40905199050567
56 69.34077021183131 -77.4413081252505
57 -27.616862722411412 47.00000424122814
58 -63.523867996636696 -77.62316797682035
59 85.46146206827586 92.08977810690754
60 66.53241220867926 -65.41971753436201
61 73.7677583512785 37.09576208083473
62 -2.5272452754806523 39.024428458209485
63 -79.54830302061495 -58.39173421232162
64 -44.185534280607875 -0.45848905543685703
65 -46.55709163192798 84.67898825124234
66 22.913091683720992 98.47766167123748
67 74.21341974544401 -95.83493021745484
68 74.36755327448373 -61.11616305910326
69 -15.958394686501435 77.74128194366341
70 64.9889889995896 -26.03862581542313
71 -56.010081924441145 -49.01805639515844
72 54.62746554580539 22.777171658965358
73 -56.7149771019926 -42.04673476616432
74 74.25233734032105 61.92733416912694
75 70.51566710438189 -48.95416951730625
76 -82.96641888598796 -55.25757809022935
77 -16.95986167789468 59.31605036583244
78 5.772921606433982 -7.208735582607105
79 52.22168101310447 28.394387732288095
80 35.88525543831079 28.854587063881894
81 25.586874447218662 -39.94264636402145
82 -77.76766055691873 -23.79642970861113
83 91.72848932396732 -34.15078999922795
84 88.46231886467447 35.932681847677316
85 59.750934509253824 76.67844255857844
86 -70.88979372332633 72.26002801920049
87 -27.717075543137156 9.103108306261177
EOF
