DIMENSION :87
NODE_COORD_SECTION
1 14.443510093138073 27.49437952629434
2 62.422310171726195 74.6096380620582
3 -78.14582682754806 -61.17845382435887
4 71.96184556115733 60.17480241428714
5 -22.486055042054517 -20.86667282274513
6 29.2534076844602 15.513229733817724
7 -3.2207745482317733 -70.83004032147137
8 99.9905621858612 43.17673579447455
9 -36.37097937529505 -82.7029384435924
10 -50.76845989453717 14.629853008610922
11 35.90995700545275 84.93095564508715
12 87.40473229342754 -37.546715262993516
13 -44.9530525797045 -47.01117415992479
14 47.455317904172176 63.553251113914
15 86.47076633478721 48.866842141421216
16 69.09119698704768 42.11821171017266
17 86.74030210778622 74.73856030274834
18 1.438110986240602 32.97843237066044
19 -55.68617872036932 50.50477838693345
20 52.01526945525677 89.1880021310416
21 73.15020380018228 48.51536225191916
22 7.794492922131525 -7.937025254880297
23 51.79752261821787 -47.777678477745944
24 33.20725542563753 27.573272275352593
25 95.3531185058093 -82.7872971926218
26 -89.68415041869233 -70.09983569993457
27 23.65567161835726 90.60885122276753
28 27.966176929163765 61.135153042588286
29 -53.703518125857094 53.61260844083631
30 -50.408620820015756 95.51015180550013
31 -76.48635825004195 -7.99085994922828
32 -6.562876548985258 7.2128640113471505
33 81.75942880361183 -29.264843992294388
34 -55.66923486034037 22.75548536773293
35 63.70772140342055 91.15527261925286
36 -17.28166657633294 -7.971307034806458
37 74.69487461447727 -56.520577868324565
38 -35.45524974548664 -43.41283391582549
39 -48.93600214072311 31.793215732982304
40 -85.3456965217754 -50.62326609509709
41 20.60920217564623 -54.53778071735967
42 6.739895055000005 47.027544349509924
43 51.29289123908842 -21.789738048571692
44 -5.5287614838332075 14.00148398833889
45 91.63576839608317 54.960802621983476
46 31.28370267212938 -72.70373210439269
47 94.6557310347277 16.56960254558888
48 70.41096865412146 -48.92729543205585
49 86.95853662374174 -66.13412749480798
50 -27.903551775942418 -57.514447002777146
51 95.55948543616805 -25.04172535501914
52 61.5196982579067 13.162678059520132
53 77.24205581326166 33.55104330476229
54 -21.174103480404156 -54.80898474216542
55 -91.26397139567177 41.05474897770392
56 41.74777719344172 66.1321778954266
57 90.72400806873367 31.565090032326765
58 1.6611760648038256 24.504341838477984
59 -5.33792153916383 6.322368727144109
60 15.51674775206142 75.33137121272674
61 38.626630359396216 53.05317173516684
62 78.94208108412545 -15.22601955084535
63 -83.12385009187525 15.634964022763981
64 69.90994231445387 93.52191639511324
65 -72.45676053485235 80.81335655708801
66 -62.27999453275923 40.5402059418422
67 -56.151306695373336 -48.759202545752075
68 38.64285689854924 -58.073502529118045
69 56.4560720724221 7.894601245222589
70 -32.57317345330813 44.05069959154076
71 -21.93827414442228 29.971172577030217
72 62.96955628406937 25.81205897590489
73 -53.95823108490752 36.64250552238738
74 76.80790834478518 11.762985513107012
75 84.9541898191892 42.59989507114474
76 84.68136715150567 -23.987039067872033
77 -2.0793491940438855 -21.90092393705143
78 -5.724459295287815 -33.7601094072499
79 -55.610727826991145 -85.74011575124622
80 -43.64587762118537 57.800372684840966
81 -68.4938532540955 55.662735555202204
82 21.839030137991074 -40.1556142070153
83 -2.700055027795017 -85.1768351945704
84 -95.99983326000114 -61.49596564783795
85 96.1105264266813 66.91483692019645
86 -97.23229633112594 -3.360094825541566
87 -89.83100766296856 98.15044859369527
EOF
