DIMENSION :87
NODE_COORD_SECTION
1 79.98021401975973 -77.4507600952105
2 -9.17117208428644 -31.213879814064143
3 -8.33194645799847 -1.6392283024182746
4 33.87232425572276 -48.591361891249065
5 85.13581293478893 83.9110892555149
6 79.50230770000505 84.55614570964286
7 97.56506297332746 88.08831467511675
8 -65.9130780354362 -42.39766281853965
9 -55.2078598687789 53.09403605552657
10 12.11969131866013 26.13784065207166
11 82.28053278493209 33.35360539525564
12 19.62965295964794 -12.480527089831341
13 -68.6256243051344 -51.428669840871734
14 -66.15508809080245 71.71739065359466
15 -25.571981544657035 -8.472412872405826
16 -30.08842850230762 34.795309310212104
17 -32.86680724412288 -32.49627841409979
18 -64.17834771686373 -70.72689098483835
19 -57.65809350213031 -30.24010563473594
20 -31.69493276737198 -56.214875408025655
21 86.90968211180586 54.27988282044947
22 -84.70759668798003 -46.13848555885056
23 -38.439620820495925 67.03609378534776
24 -15.343274771826955 -93.67580904172172
25 -96.49960497180912 98.31699759505128
26 -85.70580324596664 -28.297222882847024
27 2.4865660316017824 -8.801743348256764
28 35.204973076795284 -57.75977479546641
29 -26.721295783684766 -84.97205688188816
30 -2.9127977237186826 27.471703971940542
31 -39.11580422668113 29.83523635175814
32 5.058738035217544 5.024481343392111
33 9.728779100232245 -86.13884927026606
34 -23.527468835295778 21.200550946910894
35 3.86396764640331 -96.05125463905932
36 68.39342425841372 4.0678360346545475
37 -57.45157545348616 7.319525753716178
38 -50.84455607271943 51.19989421703636
39 54.01688276662475 -16.69836934059991
40 -8.479583349027024 84.86802165090364
41 69.97698231128263 -35.13540353611357
42 50.3101865633173 -70.59617416511207
43 -15.649196335725705 -7.645526813436973
44 53.986330520696356 -41.385673532831355
45 2.0045905715778645 65.6121522346944
46 87.50277638411663 -14.454289787926001
47 -53.31349800947236 -14.303150737142161
48 -27.141635944969053 -77.44401017921399
49 -57.88092022822817 -46.274314664772916
50 -35.872087016012415 -73.42923458042634
51 -93.83060151289038 21.879467482123545
52 65.35187296742612 62.560511891981605
53 -94.75335034964145 50.41376679647024
54 52.5163277963112 -32.30831066998172
55 -95.44669563011409 14.55341618522408
56 -65.04347715589891 -20.73181209227495
57 -80.45729746462125 -73.56225021286619
58 -73.13121193323795 -98.506371143927
59 24.912366733703678 89.82280207388925
60 16.217205593533464 29.249055126943745
61 -90.31101179538344 89.03590857612224
62 -83.82701327799147 21.494704857391667
63 80.43750477736495 28.717031466540618
64 -36.674000466764326 -77.43144802116575
65 9.353365363373683 87.17039310592321
66 -12.740381097385779 66.56835669762583
67 99.97353796593862 23.68893279873741
68 -82.3185972705031 -31.83189397543549
69 -99.5315979088181 89.00314152766589
70 -81.84612485165434 2.6337205140773534
71 -67.04667875849904 28.04505680661896
72 -60.428876404994455 -91.53308117833375
73 26.985071136428076 -64.49293931333526
74 -28.12144783317096 -91.97961286213798
75 -53.61491607083748 27.214315743076114
76 -60.86536697194433 -65.40880732638254
77 -19.24218841591572 -75.88127431232274
78 -69.13487408729702 78.91368369171619
79 36.54925317679988 10.761272733054142
80 91.76176358836895 -76.36295500782775
81 7.217154660988271 26.338811671142977
82 2.1289476750740164 -78.71323629144753
83 28.06096900616373 74.05028881131906
84 -26.91639679339734 -10.626634314248989
85 28.48623437769936 93.18654022207124
86 -46.635129352480995 45.72579135892843
87 -17.045379012386803 -71.53316572125837
EOF
