DIMENSION :88
NODE_COORD_SECTION
1 90.57860217674408 -87.16062890330278
2 41.4185983929394 25.793295371510936
3 67.07817649265374 87.57574185012774
4 28.494869454371695 68.96622377339304
5 -63.10823005612642 70.89064039085963
6 -11.686517517335233 -25.166935275926264
7 -17.469011982060323 -69.85362137276469
8 -78.88835483638721 -89.7895352189736
9 27.965097721238138 60.68072959153875
10 -65.55316589014595 -12.469561332921117
11 -41.395165207000105 30.256366187933423
12 88.49315147501099 67.15315934885533
13 72.37549103941183 76.25633337606789
14 9.45388087969512 -10.679114584624543
15 24.458505197492173 -70.41817110251182
16 -35.37338609957497 -89.80236419384808
17 -39.49243901549353 -77.00236339568556
18 -9.491140498437488 -9.146770530278303
19 46.621582192247416 56.709673178807805
20 44.43368314481927 -6.285587984176885
21 -0.9162778977951405 40.24807982337245
22 10.57639955121492 -22.080182976317175
23 -7.148096096846302 -92.73148827590141
24 -67.22502981950143 53.17962029788248
25 85.0130914590359 8.673076214666196
26 69.45830395509626 51.154741346469365
27 27.889990461539952 29.491773771420554
28 70.0781603721723 4.034589953799411
29 66.21549540381346 -53.74597724516366
30 -42.20797154442144 81.90634890982875
31 13.766699313026393 -55.88083124366021
32 69.74585431213777 -66.32711696182614
33 -12.923141465335618 46.82379413475911
34 54.157005108734126 0.6903878430761807
35 37.320363011170485 -22.457227278171615
36 52.499516228046446 -72.03895897377714
37 -33.807872067393106 -34.949995906459534
38 -94.55480597013903 84.62988090357828
39 37.57962551427582 37.103995693692525
40 12.815643349873241 23.69923818574682
41 -95.94790193581176 1.7722480438108477
42 -49.34800497269558 60.28814266130405
43 55.66827719529249 7.447721756420961
44 -97.38950015435172 28.428145495661852
45 68.33031474611687 93.59962207597417
46 -1.756139873568202 88.30106033766009
47 79.88830011282764 96.83973847570363
48 -32.6703505880227 -1.011761827331398
49 54.42631181568879 60.674748609014756
50 -82.74122412279482 -53.78502097893014
51 -91.36262542063676 -87.646105075992
52 -80.401520372817 20.237798494080053
53 68.92147363888486 16.51053075982574
54 52.29593111523562 -24.06363714642184
55 -96.18286840961039 92.83505876186345
56 -14.409939068431243 -24.664169412898502
57 -66.39626611342885 93.80592381319113
58 -77.44919983547513 12.199580361521527
59 -42.61163510235182 -21.45574946351958
60 -90.73349496956816 48.99621188827476
61 57.71735453684724 90.14697417659184
62 15.051857313997559 -41.54107855044782
63 43.729467918683156 46.39214336952787
64 49.650128331424185 -44.88076315138099
65 76.09407749036077 87.49935310720625
66 -67.74476250735088 -73.38870891139592
67 -19.54565944166609 89.66717655559353
68 -43.71936859451275 -69.79310006007782
69 -99.17813555557275 -50.601389736697655
70 4.153521722509026 -93.04439473929745
71 70.3460177233224 -28.835428919069543
72 58.014595612611345 -16.03191007100746
73 -15.89252282036162 49.74451592842286
74 -74.94503325540674 -15.204664318678326
75 -52.93771304269066 28.622464291575852
76 -49.67651745032873 -51.48002756013319
77 39.989174999558145 37.10554261697433
78 25.189361867393927 -29.90965639886798
79 -2.7304962357937796 61.37142042800707
80 16.246415109847504 -82.40815249027426
81 -77.44426769664166 88.43996368809891
82 37.29683392319566 -43.43574301713571
83 -18.13911156160593 77.10356852809187
84 -33.845950509478186 -82.86235558042799
85 8.32806942327062 -43.860384793909034
86 68.35575804979354 -23.326282380354655
87 -71.08443487630005 27.66763186607794
88 -68.52034548349972 98.76341650134378
EOF
