DIMENSION :88
NODE_COORD_SECTION
1 80.45975186076984 -37.69726838098828
2 -63.39384968280242 -31.154371189105007
3 21.054539002931463 12.796072117172756
4 -2.426216388625363 -2.624009248062009
5 -37.58746666580697 -55.85802251031324
6 84.02464776283509 -76.61121768379587
7 49.849921513652106 80.6706168858071
8 -89.16129206206142 44.45905597966251
9 -1.236693449814183 4.434027736210467
10 -75.59254963528042 -76.51398840544061
11 59.94363376466811 4.232428059804278
12 -54.701115718238434 -21.6170200858421
13 -69.20139418075892 -29.08313221002578
14 -62.78259646821296 47.67316213248455
15 55.53178927043351 62.14312747448366
16 -36.23627694361602 43.154515325670246
17 -35.44702076587707 -81.45886516409587
18 67.35148984262457 -49.78884747166654
19 91.87110985748134 -96.69704029933716
20 -41.2611221498274 -82.98726226122007
21 78.94746244829142 -41.51832696695892
22 40.98497268678457 -14.242652899152404
23 -75.53648225444024 23.832351653954504
24 8.242308482254685 -37.722579019932724
25 71.6843838562699 -52.18438655066409
26 57.64848885211606 -5.257547405548451
27 38.57522338490952 35.423072843399694
28 31.681423924188636 37.85606648495002
29 90.55477940667055 23.773218664018202
30 -31.305761165009244 -84.14069570933637
31 -68.25347791218036 -46.03470977049506
32 -19.052548743454963 -34.18406583579518
33 47.81464833993587 -83.53229706636859
34 -97.69235208722233 42.069654260314735
35 -28.05141821700508 -12.643241237372365
36 -48.1166078486476 -6.572800141675344
37 -34.71368532953369 44.0103319500856
38 -54.779345793975565 -13.464695285789247
39 4.043424500058322 -48.59963740437732
40 -48.718279499837735 42.083624433126886
41 -52.15886982445927 43.91700563624022
42 -58.71709710761668 74.87980796540842
43 -72.79657883437376 92.69632403761722
44 -95.43183967305436 -15.49316280697765
45 -67.08023268057764 44.71261757655557
46 -82.95287352062158 -69.81301791657543
47 -84.05353195439203 -52.56473306938025
48 -60.67229792407556 41.640635056637564
49 13.746378108191877 31.63939899867347
50 94.52490536143304 67.14248014482578
51 7.443153984354694 -85.00160659869786
52 29.82919492343339 40.64140464154872
53 -16.10715206780897 -89.62447250757988
54 -98.73087417884337 -38.275309527275404
55 27.752171711928327 75.27108732953107
56 -62.29531040480665 -74.62894768845788
57 0.8493712177863841 -77.3297692661651
58 37.939292447407496 -87.14880168095087
59 79.64014676954864 28.57610662843919
60 33.93984996658227 -39.20143427556273
61 -83.74234307850874 -82.19834503009602
62 -86.49392379487644 62.38706403036974
63 64.64224610296557 -12.86733275319996
64 37.33162133832957 -77.28343339808674
65 70.46297131664514 33.76372704148679
66 8.251188074212365 -10.07884141803683
67 -37.98026161630075 -3.052345995813127
68 -45.430554646986266 14.17900061111581
69 -0.9587349890716581 -7.911727750466142
70 -25.28101219530153 -51.28314824596754
71 37.2707503887209 19.045211995847367
72 -42.90372946044965 -99.93365654900379
73 -51.042344280095534 60.208660055451105
74 -63.2240510021419 59.243193996983535
75 2.8505449804775935 48.940973049284
76 -20.094424564639922 -98.81558014067309
77 -47.987460933158175 -14.728853956605974
78 96.93431406461721 26.693001998617632
79 3.7574890219121784 -96.73285138226997
80 77.43069052630659 39.303204202532044
81 53.2314871752979 53.300290913823034
82 12.096160108722827 -1.1060452725304657
83 -49.35900942521874 -47.54524001621121
84 21.682667246533185 74.5418200636839
85 -58.14471369912779 77.62456980180758
86 -52.12590545297762 31.019001186674757
87 -26.912314525368217 -71.62075837122619
88 77.79289534166878 -73.4940340702283
EOF
