DIMENSION :88
NODE_COORD_SECTION
1 82.58632244244379 -29.531469662331958
2 -28.35509268739453 73.50238483803889
3 15.742070674352163 -14.124312849098189
4 -57.883195245617046 -79.4159753732707
5 94.74754846012462 1.617679798668604
6 94.49232841768551 49.567426488267785
7 49.91787786070421 47.02995719659904
8 78.0548041619291 -49.1918672228401
9 -22.98970024522538 98.06237483273131
10 22.195260935342674 38.772416790631155
11 23.3564041072609 -92.84808568227633
12 -65.25320618522852 -99.31356932365854
13 25.347226308979856 -11.473012019800024
14 -74.58240205612935 32.98080038715406
15 -79.21191736265673 31.337062333494515
16 -16.203569862090887 -86.58724156936167
17 -58.133455930653554 46.7905544391665
18 89.25603074575142 -18.838067190849173
19 -42.04648804950204 20.522794015167307
20 -40.818533667052925 -47.139964854820526
21 82.18391966361173 -62.29481626879885
22 -47.69805352581202 89.4286651768856
23 -18.25979298540092 -24.05449469926093
24 -64.49367888944548 -53.23639958402562
25 38.98815715975428 19.81848292636687
26 95.3737851463161 -7.282032219282982
27 -0.908654088587781 40.90487671526998
28 -70.24675103480826 53.5007087197275
29 9.457026192578283 -91.4937969313307
30 -9.923984629214289 64.52090569903908
31 7.3427026220144 48.74150420818114
32 -38.311761210228745 43.87251109081808
33 44.17941059576685 53.521428476512284
34 -32.65892954337272 -18.931847796597353
35 -51.35591744672465 55.934151770911
36 -41.92201407007037 39.294695307197145
37 -74.75992336825527 34.86649522733677
38 -83.8896033194874 -93.62266328514852
39 61.12146788307109 -10.777077214769434
40 -64.12588039012918 97.80307874153323
41 71.12325038815715 -69.10607577165814
42 72.31094502851295 -85.4315586259363
43 -50.563859848396376 85.66451666735523
44 -50.47900344321299 -10.719601884951672
45 -83.90865931379079 -37.457407564630984
46 -91.71671053809767 -84.14646446124745
47 -52.60298153106429 54.52588712966303
48 -62.45675277383307 -48.689476744849536
49 61.694980678394415 67.61544401312585
50 -17.18229250654292 2.6070518401036367
51 -4.717523704233528 -60.07747624054611
52 53.569386945112626 67.06638826813597
53 -51.92933065343943 -90.99509609593125
54 61.95435694996769 -18.07709347725168
55 -95.47211738186259 -86.89236997680827
56 -83.05231119321195 -43.362167044602515
57 42.68226803422874 70.77234477295355
58 70.7039159998528 -88.93533379006597
59 -67.564888898415 73.31837916252903
60 68.11061424184328 -76.79432678361513
61 -5.837409989254837 45.987768304256974
62 85.84485757449389 -97.78496747404755
63 39.560273476242 -13.914388012361073
64 -36.156000409946444 -54.53183504545189
65 48.91133969129842 70.23602052703976
66 29.953637345329668 -87.06909516798449
67 52.435925208752565 -62.08686133735504
68 97.6173109892944 -42.27378549781915
69 78.10565292142698 -95.30425762241077
70 -23.175969539677936 88.71024035357547
71 4.283986301457787 -63.76710923049984
72 80.13115547427901 -90.96651929111607
73 12.77946961807504 -77.30266803895553
74 28.431927494270894 74.07700920818229
75 -23.624334492148023 -66.45775183223762
76 -34.761655789097844 -57.18230064217455
77 -65.37197257127521 -96.33384302475432
78 -26.398286942119384 -41.40956470033175
79 12.694560769308993 4.629710940695659
80 -43.60526400824825 88.37943912951033
81 -79.80631763131069 -11.642719653034632
82 -11.469383503789714 -25.815180902363082
83 -69.44073560478617 55.795230514331735
84 78.79611966572955 -94.32545025822219
85 -13.910656392022204 99.28792115248507
86 89.32721027547433 -89.75382351858627
87 99.86168304440216 94.9713836509662
88 52.35737405815456 -25.21345424158909
EOF
