DIMENSION :88
NODE_COORD_SECTION
1 -71.36250759950099 80.88462590872817
2 30.484869074880123 55.55851555677714
3 28.162135225295003 60.78181774618224
4 -12.707965016105277 34.46585012317706
5 -63.87562509816669 81.65889684395643
6 89.46533059732872 8.244956898422728
7 -22.624466196096307 -42.84088993097539
8 24.34253421271235 -47.317321475760046
9 -95.1137714033468 -67.80494186480638
10 14.877333329785955 -52.948369599002376
11 7.716219141102627 -89.93198897482986
12 80.03348421128979 12.083552392697612
13 97.46112483896988 20.5412006181801
14 -62.36398969970573 95.86993035685822
15 -79.0883187647472 44.22969182410736
16 -9.128006391598447 -13.959283359636146
17 -96.11234347132918 17.458416423232535
18 62.48525138606536 25.98609387483802
19 69.6851338917011 -18.220908226026154
20 44.8105270900264 -56.449829672638565
21 95.30243918072529 -86.37431208784079
22 19.144609239640232 62.53967004575054
23 -30.413361830766775 -27.872680779249293
24 64.55320762004476 60.554672829855974
25 -0.3311207252267252 -63.113645445523936
26 -75.93594050787335 61.062562704425346
27 -24.466332108077935 72.56870188153027
28 -74.70180822541667 3.3003891917640544
29 -52.70643141791622 53.44228146722375
30 62.943014349899585 -79.49512201279718
31 95.71738092845544 8.538664312866715
32 -57.92772968035378 -24.866504361143413
33 -16.213461257827745 6.902071644697514
34 -45.83036818165971 49.15385333235491
35 65.53088154770973 -7.571189324161992
36 11.814058503218902 -31.85699560613972
37 98.12160514596124 99.08950371691938
38 3.336895664921059 49.852097632241055
39 54.175733082305015 29.865305602209162
40 45.36194458276046 11.055981249483395
41 63.453038868122036 -33.48149700950691
42 8.991527726721046 -59.078606147307354
43 26.60286464787707 92.35695069483506
44 74.50306122149084 54.79147613272909
45 38.34486872117145 56.44081121939445
46 29.77209889620397 79.19831618017719
47 33.44430251315495 -14.780901359474925
48 69.23959281565243 -12.92058388665535
49 -73.93099699987059 -43.62726412497295
50 -26.90748487071653 1.587932383744615
51 -48.408224008735075 -10.320288428575878
52 -49.571449234182374 -82.44934557010022
53 -60.37152849980445 -18.992901830503357
54 -84.47276562130546 51.541782357546396
55 48.078620996768024 8.073787609518874
56 -67.04861511128175 -75.29551391889662
57 70.16200270822438 70.41669652644072
58 15.054296919381443 -93.13351451268348
59 -10.0788720035996 -8.967548200488906
60 -15.430384863267065 -93.84016899356786
61 6.386193537089667 -96.54446560653109
62 -74.68740499562219 -24.730905209085336
63 -27.424422806027238 75.57286830944173
64 35.622728141870056 23.596393913564427
65 -97.26846730268237 -19.735952865835344
66 72.02951945218572 74.04556388736626
67 89.66732076400348 -87.00467774162865
68 24.724643450788108 83.79198240518363
69 43.82854252565994 77.78458732451605
70 1.7752645628663828 60.318520740421576
71 -83.35196870509611 -84.50631383497067
72 -84.38505818637283 47.16227607136665
73 -96.99977861116824 -67.8066102193184
74 63.200043702789856 -71.76940050787269
75 -68.96256695707783 0.3854748354743265
76 70.32113804145104 -94.79070176442075
77 -57.58286656152749 52.15533673771938
78 -69.08951347555632 -60.500408612341786
79 41.90577075823222 60.867818422619166
80 13.788225067745131 18.284818945501357
81 -47.42868855572269 16.807674470728145
82 -67.85858199281591 3.741670577250744
83 -48.746761192942344 42.20555002508178
84 75.13177619911747 55.07495132751646
85 -21.27473267270763 62.37902114953795
86 -13.620687362929047 -25.031078476184547
87 -80.05736421796982 -47.74233247724145
88 40.67081877960291 -74.78781073240253
EOF
