DIMENSION :88
NODE_COORD_SECTION
1 -82.29515619884475 -70.07096304081786
2 -23.636841058196993 -57.27817181207116
3 -45.18881022562906 56.48364585625407
4 13.507036753798346 -55.783432358212195
5 74.51501842383982 6.708003187479676
6 -94.39663439073327 -44.9596602639879
7 30.020594781161435 -79.54830241040274
8 70.53458391027843 68.09473745445649
9 -74.24904607227404 -71.0784004452691
10 -3.8962172388485214 -98.04243743028663
11 39.708283837902684 32.65413966865978
12 23.58410777599495 47.49722254640844
13 38.324921335390684 -33.12289821260097
14 -75.54242971918232 -35.68130537030379
15 -7.522005462088373 -31.938949223169004
16 -52.526580861803616 78.8293997409221
17 -89.43258224933588 -85.75049148589005
18 -13.992231840743344 85.12740748705815
19 -6.966568072127899 -98.20401994378504
20 -30.192296258489492 30.57837551074425
21 82.41645377525191 -57.57484140061075
22 -79.44527674949472 79.86176190308299
23 34.03865527475375 -82.92546316084608
24 -72.71613782844835 94.4309119740974
25 -35.38689985019931 6.761825601030893
26 -4.453566971286847 -61.254356891484484
27 -50.43705794444606 -64.2374039866183
28 -96.69408147847449 -69.6999917668926
29 -65.44027615803347 -91.32839916997037
30 56.908050491172276 87.38206025010905
31 2.7663690300883843 -99.53961085098373
32 82.0677036156508 -3.3335896506422813
33 96.49700480262857 -32.567253893152625
34 -92.33318404169843 22.154470422855653
35 30.482371863738734 87.0187015967106
36 4.259058051294204 7.641359759120149
37 -46.34392728427545 -94.36319167856371
38 24.528604780599707 -13.197538695162933
39 -82.64647832973237 76.39347697760962
40 -40.448163170440154 -91.84325535550747
41 90.04200248434623 2.177267787872239
42 72.56244462041002 6.577963243918333
43 22.176787392190093 -35.25497605754211
44 -98.97804959458314 8.688953632180343
45 9.504893039630531 16.685885841150466
46 -71.85085487508937 46.38829948124891
47 29.114503017301644 40.68813705131939
48 -83.3363282269575 -29.07732766792614
49 -70.24520347270936 39.32312052454603
50 -29.6496555156577 -90.66771440607187
51 -53.57268400056672 8.599295358814942
52 -56.847491507543246 -14.239136027169664
53 -21.023255189936066 69.82872962149034
54 50.854254272686006 -57.96432656924546
55 25.38536419423933 86.88729376970599
56 57.012837980688204 -64.912791080717
57 92.7021358705737 -20.261062669053103
58 2.654265503770972 63.19212827167445
59 22.01391148448903 -39.86653372061719
60 -71.65343823982082 -21.31278398331993
61 -41.40730423955758 -38.32368784755526
62 -2.383265447071153 81.71604789589404
63 74.32972069810643 14.007812950717494
64 72.2791066277722 57.73428799715617
65 6.793304012127365 19.618677145454996
66 -86.90580318620688 -79.08657131945156
67 -82.27560749668707 -68.13277300525712
68 -16.72111014381275 56.246976245181344
69 93.5099175308267 -95.94675069689809
70 -82.25978799858174 15.077071023613442
71 11.150920571911087 -18.05787066373003
72 87.50661066400193 11.923660963790496
73 -24.531177231602896 -54.077702087544836
74 -63.31786781531443 -5.087681217858432
75 -3.2302591311040345 -25.982279557050305
76 98.350567022431 17.760956113330778
77 -77.08647876791042 93.26657377569069
78 -93.7919633076952 28.199659292178808
79 -34.28954169579296 -85.48390429586954
80 10.304257216905228 -94.13797996976577
81 68.79542597597995 -95.5273096141092
82 -21.875942079846354 32.10033246784323
83 52.60561354142604 38.885525035101125
84 16.34250844511311 54.84108748883031
85 -58.185324381983385 -97.96918526998526
86 83.93838837786379 23.51132471975461
87 -68.44739385599186 -49.79691214122606
88 83.95242018171186 -87.76958843571434
EOF
