DIMENSION :88
NODE_COORD_SECTION
1 -49.81551569421179 83.4960228242067
2 -41.761452284848424 50.73021226976999
3 -85.11565072764799 -8.651066444344679
4 53.131514444692215 -75.3655725932234
5 -37.4579906413975 -27.140445359343076
6 -5.761631087157596 70.28391006292028
7 -42.94544385485703 61.11367714618527
8 45.798853361885506 -30.325993626971126
9 59.56964309648981 -44.67502148364231
10 -94.39456804796077 9.913770394164615
11 -94.26365941792174 81.83492020212287
12 57.23705181127343 73.73225641764853
13 92.48756796521721 -43.19114796883636
14 -57.32036219215273 60.52927762525496
15 -34.16026959169926 -40.2591123545247
16 -59.72412977611192 10.071502233297537
17 58.42167659848283 35.669101212425915
18 -44.20151497846763 0.3486886864129559
19 63.921751375230116 84.04182000516204
20 -61.457151069396154 21.769121289731103
21 -44.63181338817841 63.464642382614386
22 19.68611370546651 -8.212803450781664
23 -44.86530558656485 -55.902940882461394
24 36.76180387531346 -32.77977850848541
25 -53.210348614325895 -26.74349647112058
26 -44.0496764067662 35.92566636470863
27 -17.616120846124588 84.82675844781352
28 -67.01264572270651 -74.82603993137596
29 -16.50148010141983 79.35670600953691
30 63.84370299084574 50.96617546561461
31 -39.64887324435227 29.274485180334608
32 67.93174762122376 -49.29011869723572
33 80.48458717114767 22.43114431566042
34 19.44517908354237 -8.919384001194189
35 -92.9598024533176 47.22696706961926
36 -3.459775743475177 -76.43963168476574
37 96.3425137137321 -56.13727082688853
38 -46.58173794530518 72.05863162000662
39 -4.499511528089201 98.79717222395058
40 36.971137810645274 80.1855939697545
41 -87.04430555628315 -56.71897872762077
42 -32.49785703044219 20.161106783721493
43 -51.614856962663055 -68.12294323020012
44 -17.862850306114495 71.0071301910796
45 -36.90725959805184 -76.83538057855478
46 -0.10800910392228502 -89.41453335061469
47 -52.0000552595429 -37.6338120595918
48 -91.0363173920488 34.206515816191285
49 -96.42719245938487 -25.577423397356895
50 -0.33533266996683153 11.949073191901888
51 -15.500860775120955 16.08247471877388
52 -29.479088897312252 27.49500039342432
53 81.65600461969038 -93.13896826719252
54 20.406049914753524 -96.80310641879923
55 14.884506975753297 61.26129851499843
56 -93.81444097019198 9.260741694578599
57 92.31516067782127 -21.558620218486183
58 93.19633104418816 -20.660224407192445
59 -44.536110091603234 -89.45074634350428
60 54.98869998167763 10.49969670711124
61 -25.954817375328744 -72.7638185422518
62 -10.890571794724679 -87.57048047489809
63 -19.574549546646665 -78.60119641793845
64 -92.69414112382329 -11.0635653023691
65 40.86629683164625 59.98905316342277
66 31.382828435015995 84.17700240910503
67 49.183906723407176 -26.22999857645172
68 80.04566889023118 -93.25882381121966
69 -1.8226796686130626 1.184882965338872
70 -32.58591727564384 56.61966766610843
71 35.154970211729164 54.04566282252762
72 50.49326716409075 23.249231306433543
73 40.11534640004487 -43.463558079339926
74 -39.25977940978158 -2.755481720187646
75 78.61429368166552 24.066120294177026
76 33.964768415566 44.08916369103534
77 76.07797970191103 -5.20613981286462
78 13.156314058831512 24.972969851653005
79 36.29709162235548 4.189859068921464
80 40.429004356649926 18.125881742215583
81 84.06445361634997 -98.21697019744653
82 -22.87054616888196 93.41376866121246
83 -49.60522181640958 49.286314225794484
84 -4.747204963953706 -76.3750896251835
85 38.49182304113677 10.579294786192236
86 -31.33560779473676 77.79018953935892
87 -90.39518672369256 46.56699642771534
88 59.226021956416986 -64.95586702768406
EOF
