DIMENSION :88
NODE_COORD_SECTION
1 -89.85747792121663 61.72263498800791
2 40.777084234786315 -18.05214870365377
3 -75.1099980856502 14.161308029032881
4 -66.97728902465798 11.85920158148906
5 85.89948735053105 -2.619386558755778
6 27.732421930372325 31.849306397991114
7 92.60354626236398 29.343176632397558
8 -18.7455679082927 -99.17110837675432
9 5.925176577731236 43.365310035483986
10 -79.79768599236769 71.96171431995083
11 -32.36395370836635 65.31485445426733
12 61.27220773523635 93.10664535708602
13 65.94064592238885 82.9105395780293
14 -18.49950311386783 -69.05616277039289
15 -80.75925894185988 65.45409551272766
16 -8.126791651324837 -72.39541217530778
17 82.26098741438332 -23.884469132966643
18 65.05020410988482 73.03859142965561
19 92.19321481685529 33.93094425799015
20 47.06851777742938 82.01617755371194
21 67.24337787399313 -71.03859492259517
22 43.24103966151026 -98.422578474886
23 45.9418167731896 -28.399582305292626
24 -89.93188238393932 -57.09614825682592
25 -87.19605918054114 65.80661667186334
26 -92.16878636730345 -68.99726478180355
27 -5.594926180102618 -63.92268985387959
28 -27.360518195081454 -3.7421732785246036
29 29.659748764132587 9.26768470735378
30 -47.94852768787807 93.8146552619537
31 19.07230482722659 -45.100619642565086
32 -85.00409768589259 29.932373165244485
33 39.95214802143889 -78.6085998990604
34 94.56692436683801 98.84835478933377
35 78.06372924566088 -29.314839480745263
36 -48.62913282739174 -10.634259718934032
37 70.90767530766729 -89.97520052751935
38 55.453046004442285 7.288171453801141
39 83.80626517799536 47.192657339281766
40 -23.56526464060751 -22.009935170351326
41 47.19283617767178 -45.7108447967923
42 -55.65794363877292 42.8248336533951
43 -28.018644126305787 -84.81483462839812
44 97.70992699633479 -56.26255335499801
45 29.618992231755556 -46.935824530047675
46 70.89600709839462 -97.63804297853822
47 -65.59905321341864 -12.98953279788617
48 89.14091061266583 43.0484564927456
49 97.85355411312727 -49.61123030761145
50 37.76272529746052 83.67816680768249
51 38.4680013226444 18.799680932555574
52 -49.02478066818332 -76.21062734094139
53 -75.20617292801369 41.684518018748236
54 26.170955127051613 -3.5490478214311025
55 -94.12230916995206 49.19194462506729
56 11.111764339350572 18.48432121730997
57 40.25964800109503 -85.29182802483939
58 34.32091634837505 73.04868405696934
59 -26.784408176159587 93.49126222473757
60 53.072664071788836 -10.731385126240298
61 31.661177110172815 29.13938897907113
62 78.72647462983622 -54.503134723145564
63 -92.89091588802107 -77.83826808548888
64 5.754870896071921 -84.03042886238232
65 -20.70201536591405 88.70999654945129
66 18.665274358417065 5.0249984793259586
67 -3.4117693389079875 -97.43262735857215
68 -19.88214604740277 68.72095719535346
69 73.94577041019406 -90.21901257586154
70 -86.10699641368132 -89.39974771517372
71 -4.687620937795245 -67.13713933434568
72 87.96350221240158 -43.4825758090694
73 14.386914834355878 40.2735220455084
74 75.77807772548624 62.85420238901597
75 -63.68126585759251 -53.05861557930251
76 -72.0353549977713 -6.884875514541449
77 32.54113793619416 -67.13979630018825
78 22.01297868374546 -90.1911376100328
79 91.94914903327327 -80.65414347942811
80 74.0982840125925 -28.315237160773393
81 43.85249935579324 -73.67717322454439
82 -4.941495237269407 0.8083361284370767
83 -98.38859936671776 -50.95019405874935
84 -48.360067447540025 -10.376666795858156
85 70.58899361068725 -61.01708144014195
86 -45.52280665669335 -44.93778752844688
87 -59.96881663598619 51.01409235462447
88 -64.12483350352262 -85.0691945194197
EOF
