DIMENSION :88
NODE_COORD_SECTION
1 -37.02047711843075 10.47408400568419
2 14.140300709487619 -47.01539385457245
3 0.7179523290206333 78.06448157270728
4 -13.520823580277636 23.97270691463153
5 27.579234691207688 -92.65229030511686
6 99.81550549985948 -33.97720786097619
7 -26.73967611037662 61.473717465120274
8 50.32186999814044 -89.39648602990025
9 31.21027945184821 46.340179596647005
10 -90.40370237011048 -64.9147639026425
11 -80.58235583548463 -3.5563620189559515
12 -94.58453847037869 57.55313199023365
13 44.796820958378134 52.001995397927885
14 40.770101244630666 53.69304243947295
15 91.56520524096464 71.61727899906069
16 -72.4684753040042 65.50725592847056
17 36.229612863725066 58.536398626603415
18 -41.050377490636315 -3.9687385477411397
19 55.27687423476738 43.60694217501322
20 -25.715595407020928 39.88675081866458
21 36.39017325003982 -35.68610938815384
22 79.22464219323683 -13.579924537189811
23 29.98920562916436 -93.17759209470722
24 77.34867450138239 -49.66042747213959
25 -14.881151306932594 -63.25928042030957
26 40.734189747885466 -65.82096837774847
27 -97.81249461180903 34.35631279490809
28 -98.07491057319533 -92.42110914000546
29 -95.21702100480336 -28.612328305298036
30 -15.184622701988886 -99.70941918784588
31 83.77013885875027 -81.16713807923396
32 -91.38862817827498 -51.0263668290668
33 99.10138344843287 -40.71469607184615
34 96.88517866642309 12.269212732058236
35 38.24727985332555 92.12619295703038
36 2.8340106768997657 -25.70226703457614
37 -75.11853228036492 -33.7080101637149
38 -77.78869182911563 -6.357620375992127
39 -52.56958174040447 52.854623547748844
40 -93.0026487185432 -76.95568793281711
41 -65.67482927085322 78.4409235796258
42 15.728557330954601 -75.55050279750651
43 41.26882505898499 80.5570170372286
44 -59.49380888873854 -65.28893555858157
45 35.56000740179343 17.172410053598
46 -63.94321256446065 99.16526441954136
47 -36.51077495481139 65.45752625555676
48 -57.181776780060204 83.46306877089484
49 -30.948550986881983 -21.642367345024354
50 43.87680646923627 98.4535504002103
51 -4.305038938680667 -67.27502419828005
52 -75.3175542654144 -71.42069766481313
53 47.55293426273087 -0.979795797328876
54 14.820425205735006 41.15808272765375
55 12.580889615906486 90.13310228858427
56 82.71991608344035 -27.910906274958023
57 -42.75030829711637 5.66169402754781
58 27.030931397173873 32.936222665910776
59 90.92022464116965 -21.972031873513714
60 62.50297898838505 -34.995238390474896
61 67.75267112449265 -51.9025826217834
62 33.55019193109217 77.94205106877124
63 -55.02040541423268 50.50869231377425
64 5.289354300113658 53.55670540007105
65 -51.40115947535671 72.7087412522767
66 -20.31128423880375 -30.034995630721
67 11.018638383922891 -33.272134034885696
68 -36.432817583611254 6.837178637840907
69 39.91404940025268 39.01813766566232
70 75.53481446788803 -70.56964854655605
71 53.53023412977396 21.21780945694563
72 -79.4325911090993 17.258997537462648
73 74.8947790669159 33.493225058510546
74 83.75922752744529 2.667722500520057
75 15.877773915697873 92.14898378660362
76 98.8996998504465 15.23546468738482
77 -98.23506544598686 84.4860810042756
78 32.871386398705425 89.85395526144632
79 87.98560399543368 36.42675921809425
80 93.4680925041313 89.4877081858586
81 2.864044968702359 32.21405946992547
82 16.083566786968234 -81.96348990905639
83 13.739000517386344 -89.46716854070338
84 13.822755646591474 54.38573856451913
85 58.52303731068832 57.688352580577174
86 -14.060746304302313 -74.35629718641393
87 -89.2501985209511 46.017492913926105
88 71.10397652209141 55.729398446608
EOF
