DIMENSION :88
NODE_COORD_SECTION
1 34.679066611173965 -89.84810809621948
2 -83.07511241001065 69.42038771190454
3 45.51894042755998 46.93037527154209
4 36.40864444152021 78.29148707360801
5 -61.874541890155534 20.33387321667415
6 87.20761560574272 -85.21442858271683
7 29.89141090058081 51.39719139226568
8 -85.42205853775265 41.46035447830158
9 -72.46957969273326 -5.512067094206728
10 98.3991140189463 79.24942713520775
11 -44.016662373217265 60.423400640949666
12 47.22447361681583 -60.49546683295137
13 38.506659068412205 -60.42529759489697
14 58.27504184542647 -4.970485668303809
15 89.74101355278299 16.88318174018835
16 -76.36821114156652 70.0194054557011
17 -9.21561122568464 29.503155708249864
18 -64.26692016702702 -21.768087424574006
19 3.7713034079730505 7.824282327025969
20 99.38551389593815 19.38285416788088
21 53.18575246843534 61.915646603450114
22 -7.152009750827233 55.671023214911855
23 52.112198451736504 -72.02699837615702
24 37.1503631054415 -66.49795146831835
25 -16.14441486037485 -26.860596618895812
26 -69.3403596698424 89.89494115975714
27 -37.162183873403464 -27.891213026640145
28 85.00820625981919 -11.281040354799089
29 -6.595273153150671 15.210813354693457
30 58.85015604853649 -31.177360114167072
31 21.154156003092183 -14.78526179217505
32 27.51337104754377 -45.71923146298593
33 -71.37774295137635 -51.121306810107825
34 49.466489832899754 76.39920756883353
35 -34.35819208181661 -50.689768878991195
36 94.62155379274307 -12.218475692141666
37 -75.58724001522938 56.4927954260647
38 84.84465979424849 -89.32456143917673
39 -29.698110579686983 -64.12810708168846
40 -36.351552707243926 54.98119004766451
41 21.614979062418797 28.683876825182978
42 59.89189491790469 -34.2820578816992
43 -64.93853942300973 -97.25075328815036
44 -60.58555720620935 15.408420603159058
45 98.35806695138794 28.74144631200005
46 -51.117063674324626 43.756109849299264
47 -42.60535889604022 -35.51878527753878
48 -52.26839408196122 65.15325012330996
49 -87.38835520037615 88.59558519573929
50 96.92673353717353 13.972123159557668
51 -92.28426997411579 14.919748081664721
52 27.389192665771134 78.25598726423888
53 -96.41398712560783 40.30895892725201
54 46.259840969366564 84.34028107052112
55 81.2005304758637 31.066842930967056
56 55.793933617971504 38.09856005586653
57 49.63866792536632 36.98539371039328
58 -42.47730451127416 -97.07807941371121
59 -51.30786038941575 37.03117643888575
60 93.42138375547253 0.20453231599140054
61 -69.65655873688769 -32.998858308083186
62 -63.82495401762236 55.0221041840222
63 79.34748522457261 -42.98936117564152
64 -17.765486133911068 77.85406788673967
65 -9.621529036365303 -84.53477257985158
66 24.206830501569783 -27.385580379376947
67 -42.31919503464254 36.20697861562721
68 83.22590503070211 -8.07989220754628
69 52.88927301865408 76.81497098453266
70 67.30066614561014 -77.55992591922636
71 67.66037804521946 -41.421173197542856
72 88.23963126270979 -23.668051322893646
73 -20.016814062958588 -27.5469299045005
74 -82.39771550750541 -10.812439196076312
75 66.51471280191151 40.33935436368108
76 91.22928864934227 80.57253679413984
77 28.011359739764117 77.33240357197064
78 82.25512095774721 20.15913236938067
79 -79.09554320933566 -71.89517564241889
80 -45.89179310457361 -39.384272998422354
81 95.29464581015583 9.394859519798146
82 -22.14470895008884 -52.16964569326061
83 -71.88372700700694 80.60023494256893
84 52.348264365196655 99.70967053358041
85 -90.05043698778698 85.77040580275161
86 0.983270682689124 -43.2910342397729
87 -5.065025843405181 -37.171612468632475
88 -64.51652783716378 50.412707661163665
EOF
