DIMENSION :89
NODE_COORD_SECTION
1 51.86679493827566 91.89062456258208
2 7.81656057776226 10.06040772836019
3 -89.0043008743626 46.45873392036421
4 7.4157794875276295 -95.51277647705625
5 -31.952266850389094 -55.11004491814118
6 -17.902275082924078 21.726498600113445
7 90.37377582221305 -45.88509357688319
8 -10.732815629827826 79.99152485918529
9 53.49109680057583 -8.400769537625592
10 8.632804472688832 -81.85198098934778
11 -38.1129379731528 54.75674021724919
12 15.77236791446559 34.67062711197951
13 -44.45839181812199 -9.22965815770327
14 -57.640205783236254 80.08391439058903
15 -47.2639847389837 -30.453493982977477
16 87.39100292782814 61.41454595100967
17 -97.43272413031816 -78.05673037575701
18 -17.777610567319215 -42.77972606127209
19 24.688706970959146 -63.924400696361296
20 -68.03781491201302 13.050450517056177
21 -0.8507641156575829 66.41626798999997
22 56.731535988877624 -10.268050505104
23 35.80509942245857 3.574227895484256
24 38.53872046058564 70.66327181683317
25 0.6295364400514529 -22.953362925251653
26 -57.013525260982604 -0.6612023633151551
27 -94.6526431268803 -81.09518166957226
28 29.75896886557311 -85.38584053526887
29 77.17305082506013 -96.71171282237341
30 -8.188506913380536 78.76281512830911
31 17.032462361072447 -5.254666111393107
32 -29.587427267905994 52.162875478037876
33 -72.5001711330447 87.87238655726236
34 -18.33534289800869 58.49240581229657
35 -54.21666231172011 -98.6312157440669
36 59.856252815047526 -94.39954998438556
37 52.444081953466934 1.5373076199204831
38 73.97475660110646 79.76000585885012
39 43.13476624958611 -26.574807327560762
40 5.935978061295415 -85.20162000842375
41 48.496098652237606 32.214167519243006
42 92.56274402484698 52.639351657194766
43 66.4503714199816 73.13225437209903
44 28.071713350427984 -41.919461008235736
45 31.483314212238042 -4.92584735674302
46 -0.196128783950428 28.168639615492594
47 87.10682945181418 -98.71908509465939
48 87.16101812539782 45.324095815834056
49 -49.45321222310686 79.84394237913463
50 92.18680642288953 -36.594201921354916
51 -37.19833056779609 97.46215430494709
52 -10.042242247541111 87.19571885122349
53 2.569335923575437 -98.2045887994313
54 87.92598778010594 8.322119140450027
55 -90.85917415865568 -79.0787719616918
56 65.58214251119227 -5.570742196416774
57 7.211595731040248 -27.184053180009826
58 -70.71656847839046 93.44056741698014
59 -44.337764832812624 -46.55443422990291
60 -38.18162159420231 11.051172539349551
61 52.71220787493115 -41.034482743109834
62 -27.7437205118177 47.12493160126394
63 -78.54828188688236 -84.30735704667029
64 -41.14384487075549 35.45999444235966
65 -27.39153701161274 -59.073120301229196
66 86.28629077276537 -78.5738805251416
67 -4.492586477862105 -61.635981177699975
68 48.13224196041756 -66.7340008568946
69 63.53357049544266 -56.244940464362124
70 36.6475993199478 55.391814350458844
71 57.00895638034035 79.63182749314225
72 73.92842735666306 95.79745499867994
73 -95.75315601958249 52.332380685851234
74 -27.83110685168002 54.74579213101893
75 -79.35226990182132 -69.77602017949336
76 85.3820417294319 -51.8204766359986
77 -13.946943821693523 78.93537974015419
78 90.94637724544003 -83.15691731314465
79 -57.825604136872144 -2.4257401019124956
80 96.56536622065127 -39.10773109031707
81 -85.23280046516437 -0.6802922821202912
82 6.703641531406262 -20.192717813208887
83 69.31993538493126 10.443658788109133
84 -97.7099120086331 -31.286160364143583
85 -5.619107989851656 23.729401135986336
86 -11.545199588868243 24.756246278411552
87 73.24650966480274 -64.58088404353686
88 47.29314507342292 50.955207782093765
89 52.586737090480995 19.23670218084399
EOF
