DIMENSION :89
NODE_COORD_SECTION
1 -36.11974394203459 -52.08604796213265
2 -66.6388584371376 20.040063228295992
3 -44.69654114063015 -45.15070472616172
4 -33.551417105517174 -69.67629569994322
5 31.71808154156693 -48.002036651283774
6 49.791899908984504 62.15016412846708
7 -0.7064326852175782 60.49922431819101
8 93.93137443257848 86.31347194775006
9 42.06009808426393 74.99172264994559
10 -80.75801996386183 -48.56868374973749
11 21.849950000876774 94.76098898322928
12 51.547046828913096 81.82887992306601
13 26.19506598419173 -41.63765885494577
14 -20.380555659121285 -94.25564764041314
15 23.537656737837892 67.29654254875919
16 38.321579502089065 -89.14067752187202
17 39.21198220593806 64.97968374008366
18 50.861905317535076 -54.55372680901358
19 -98.99284164592098 49.16281831575361
20 14.622355639305923 35.96446523700041
21 -80.27758531772633 -60.87906043823901
22 47.23758428924444 -24.27538954396252
23 67.9776542674856 93.34489318022813
24 -76.91651988502349 -45.71831707002008
25 99.64388146389015 79.13397512985833
26 25.058983496935454 -56.49551924143987
27 12.60955900088274 32.40098771410911
28 12.521836751001402 33.80933287770293
29 99.20047751073241 -85.83445619708583
30 -36.53462398377276 22.83468734412996
31 -48.57762026146146 -30.374462322689453
32 -12.499880436480112 98.87220066344688
33 -7.702940048068996 26.360744746370713
34 -74.06957101413663 32.659051522717874
35 -10.085739639548578 -69.86344227086887
36 -43.80691767328799 93.67532404684073
37 -22.576762178710766 9.939910840517243
38 -99.84883985270064 -59.12073934352768
39 50.039444294369304 -11.70639472112154
40 -0.7867514509491258 2.852395956794453
41 39.24334447499575 8.559162315100636
42 63.97446122267618 -41.3845452153909
43 74.69987946822411 37.852527990929275
44 32.05237238617909 57.91512994068168
45 -63.971237621844914 22.36093516809568
46 75.01754161275917 -21.429159732460093
47 69.40725197560067 21.26330139401557
48 83.79484043174438 -91.49034371274946
49 -1.9112856081859206 -73.87932205787126
50 31.638378420578363 -38.59345194814436
51 -8.728326772960557 84.51717438261716
52 -35.240675718122134 87.38639329505767
53 72.35588975696038 -10.10398749499737
54 2.9126052585043425 -75.96702721576807
55 -54.52674495427221 -26.050637994975517
56 -54.27511277430457 -52.01052766528651
57 -1.7169080771392515 -56.41544014160353
58 75.27292137414744 33.72390425318852
59 -0.6270997016082731 41.403609124197004
60 -78.60218825586236 -96.42792375988547
61 50.20716465750675 76.79671619037563
62 -86.53260158148255 -38.04036476729473
63 -25.581562278301732 74.16474960703988
64 -19.22456985431677 46.74391719844712
65 31.336441702063524 -84.55036466991778
66 83.49286324937955 -98.09466812534717
67 26.00247174834773 16.065633802056084
68 -42.93688375722504 78.35706019217778
69 -45.48196845861368 66.4886447057124
70 35.159634255464255 -96.56907328003732
71 71.42809834490785 96.17461303598955
72 -20.1991648635657 -75.36359988079901
73 94.94105291239808 72.14233457287344
74 91.94385664969175 29.578705736553445
75 -23.861188528030326 -68.53018469138198
76 -98.14467592371582 71.46101801586957
77 49.93226822295867 -34.88238235011525
78 45.78367398393334 88.38498803473723
79 58.368815253669936 19.90650969478726
80 -76.06566724410459 94.70264255269157
81 91.00012172454373 66.14094379281929
82 4.475524546837889 -56.038021228960375
83 -77.63001548922672 90.28379810319387
84 -10.720990578278872 -84.47247879642657
85 -56.716315254340735 15.252019000913663
86 -10.67325523705027 60.74618048011203
87 80.37173493795885 25.316829082996506
88 -28.80918801829762 -40.432101053813476
89 -22.437447917787082 78.25612844852466
EOF
