DIMENSION :89
NODE_COORD_SECTION
1 50.38826078245572 82.66826434464846
2 17.118983088477464 30.51319242818076
3 89.42022882782737 -90.74901457195506
4 0.9157091677401752 -70.46739795378491
5 71.36104143915864 74.37694925306809
6 56.26733027171372 -54.371849280294505
7 -85.49989479513852 -91.5420821426151
8 -90.17557707688412 -3.7717583802120487
9 16.472446449699746 -71.14014033406664
10 61.37445245513564 -66.82314699185943
11 76.44536889173662 54.80618777337975
12 88.60716740790863 30.017391259642523
13 94.03028120584347 -5.0693235470546085
14 62.99545759327955 -8.034228861782893
15 -64.9618482070353 73.03772637581636
16 -11.507907112147379 -29.756135600593183
17 -82.32648751102289 -77.33296527952429
18 3.844388953371933 18.10858090195555
19 -82.51139167381096 77.34859357914874
20 -0.31971765439094213 -87.17421069151891
21 -84.60427621100719 -89.02690352794073
22 93.12104749764546 86.00244053286798
23 -79.73763078108576 41.49184026522528
24 75.52727235777402 -45.89574319950409
25 -13.909425820861543 1.1993067726503597
26 -96.9136580459556 21.650490550068398
27 13.508037486857049 98.1406577183129
28 -64.69869347299331 -58.50877846222951
29 -23.7245277051435 -54.27452609525216
30 -56.957572516565655 59.736787152235735
31 -54.258900552993204 -78.58198231206997
32 -94.32556626168898 47.323006594928216
33 -0.35028950775759427 30.413535286740114
34 95.87389161625822 25.859897007594085
35 -3.5596289561972867 96.49905197354386
36 -88.89717646623387 -67.67439030195992
37 72.14333182890303 79.83615113169319
38 -47.69380080707772 -64.66851664097162
39 -25.786670010224896 30.192468853958843
40 -26.74756379328764 -84.90193307486183
41 -14.887017606572499 -75.81255261620359
42 -71.96229286508269 -50.05394980426077
43 8.186547876372941 6.40719416069156
44 29.626388617250228 14.020172122249193
45 -10.659045428975006 56.78215272870165
46 98.90143544898527 84.12813715765188
47 30.277422254597383 40.410529847810494
48 -68.44976471355481 -22.009292016989733
49 -87.50626513369697 61.04933349579713
50 -60.787128981334114 -98.13680400102396
51 96.00358824405222 35.784064051134976
52 -68.32862088877442 72.40254218031396
53 -17.303748560071767 35.92704426434162
54 -1.5398946755256162 95.81842786608723
55 -58.5139229503032 -2.016414743862626
56 21.128922154449995 36.760737047463664
57 80.87811858886522 98.56406669906141
58 1.492435125549079 90.05980476554487
59 24.30267396060215 -91.59075202151257
60 -73.4498544798426 80.35005152926021
61 -5.451934123644335 93.23505591725205
62 -92.63620272052233 57.77151126405076
63 -54.152452319656284 -87.10775593330105
64 27.029945159753368 32.35792876620482
65 95.65288341400333 85.3753160868194
66 -88.01276919186567 -4.615882286985681
67 2.853515646481199 -71.49576551860159
68 -98.7506216535247 12.859352502587853
69 -84.82294538914994 69.64143067998597
70 29.756616686830228 -55.4823489959297
71 65.73313192769933 22.595764368237354
72 64.88964319354136 41.06975359849841
73 -62.86060551923636 -29.09594896151569
74 -60.708053420861205 -96.85410648027491
75 31.39491616246093 -32.030034547200174
76 -91.50226612982277 47.272226156887456
77 -15.357130706629476 67.07904334298894
78 28.464402287136494 17.388107577915818
79 -51.80913010538932 28.097722380926996
80 95.95997021128758 4.825319482338159
81 20.633935031364217 12.70326933040215
82 23.857436044659664 95.33444301896856
83 -39.348355036619665 76.28063236478445
84 -66.26028558957657 -51.34234206790538
85 36.027551067912356 92.16125598604211
86 39.82016471575679 -65.68869877033832
87 71.66552371427946 2.667939228442833
88 71.03550180401948 96.65558782077858
89 -52.14577708172894 -18.531022599715726
EOF
