DIMENSION :89
NODE_COORD_SECTION
1 -67.73071856301848 2.9928879209071226
2 -30.242479445974382 13.03373396039349
3 -58.98420438146048 -59.64981460426906
4 80.08519918689072 -52.478967671089464
5 92.39576349303547 69.76519070085203
6 19.12480782936565 73.22065800106722
7 3.286704447213225 21.30981163336297
8 49.79220487632827 63.70743617636893
9 65.43260231614767 18.748674854674817
10 -39.91523785810316 3.156358159410047
11 97.74880527277736 -40.35553110270027
12 -68.70213550854368 70.80630349061772
13 29.639850789976947 -55.11409195909573
14 -82.40815549044748 -25.651042301210268
15 69.99942123371719 -48.971740052358584
16 20.973091307039653 -37.94135286066276
17 20.663140732734433 69.50035516147085
18 -34.52041782534536 14.767752253152537
19 78.43654016378846 -1.353883574725188
20 -24.662274127728097 21.33157174629976
21 36.42206855832458 67.73266289379615
22 -55.91610919882805 -24.984558692696623
23 43.22062922500089 -3.528847565143849
24 -54.87937885581133 93.27608308733181
25 7.684546855905651 49.26058424504646
26 78.9040212523634 59.69809943188034
27 -52.749350616983804 30.278776077727457
28 -22.064520324708425 -85.6142223863856
29 69.48348561399712 83.7088879488297
30 -2.042685442850839 77.89915181329721
31 -50.689562871709185 -87.19610481312219
32 12.228620875789957 -16.137325965108772
33 18.531967884760263 12.155416475507465
34 -4.515925411637056 16.66359254189574
35 -80.45822939703815 19.447449952991747
36 35.15501804846548 -96.80359506327008
37 91.79326722330242 -63.860378914876016
38 39.65880017575654 -8.601264469444885
39 57.40034565133436 -59.06150604524518
40 27.038769805521397 -36.63695026408362
41 51.36184636565696 25.579780907490758
42 71.96399826005936 77.09769927409752
43 -97.7491059826497 -80.64190646463823
44 -34.92567976655252 8.54984929986884
45 10.811656168082735 -62.99485045818945
46 -4.117160817526667 -25.708110010236496
47 96.75773924235432 83.93129833083589
48 8.924638608862168 55.31202839985562
49 88.16799199050942 -16.490699764627863
50 2.566933830434607 -86.36124859567933
51 -86.77300880590136 -47.006572439869544
52 40.872617897066704 -3.9319755615684784
53 20.659114788062965 47.8309146238156
54 -68.864561400274 53.05101741587396
55 3.0566494483282156 -81.46307064703001
56 -16.818033088734268 -34.160664790168255
57 -73.59610143615438 79.96826672099053
58 11.26175150249449 71.27371056396646
59 79.45089244980997 79.74503239342769
60 -34.67619977010747 1.141228999442177
61 48.19179638352438 70.7336367100934
62 -14.29591266235603 -88.18484319128987
63 93.55474667822571 41.91850228949289
64 63.72521416103896 69.9306087572391
65 -35.48869535148489 42.653931556081034
66 60.43612223746791 81.13823422056095
67 -85.83457682339453 -52.79833020743834
68 -13.303915856133528 1.5172423588783772
69 2.983231239361544 49.623724639304385
70 -19.966011943588242 -44.9818485865479
71 -28.823405356125505 53.51407158930991
72 -72.80967729783391 95.34462833758585
73 41.355002360392746 26.71701080186908
74 -24.024108147552383 -3.02703412768048
75 -27.088226210678982 28.093863339301492
76 56.05789443470519 37.546716551109455
77 -68.7877533579672 -18.43610354275218
78 -14.489470831756563 42.67309181413276
79 57.50316002787389 -27.940658789557006
80 -21.556239897696884 4.186802340716326
81 29.563916663820578 68.69846304012205
82 -11.249336779843873 54.23609565031754
83 -11.527883295887477 42.39473605598525
84 -74.0099343322168 80.08475553196737
85 -26.542815035603027 -61.71590055709966
86 -38.352010471601346 -1.687038365543117
87 54.66755502681514 -12.233387985164555
88 -92.5021994971926 -27.8610986558639
89 82.77840301372376 0.6225074432200586
EOF
