DIMENSION :89
NODE_COORD_SECTION
1 -22.78932299455812 95.6782981830113
2 85.00568050062819 78.47961405004389
3 32.758583389300554 -12.293908387681412
4 9.332100285584517 -27.171534416637883
5 24.073074921423427 53.19284595891713
6 6.331110543981879 16.023352074676154
7 72.67784058889052 30.378615919084837
8 -44.944786889783074 30.715841316683026
9 76.62750831385523 24.592475830535875
10 -1.7028114795997595 -86.7257741556096
11 4.270903233332774 74.78230344534924
12 -68.04452600725877 -20.007888879392837
13 -72.3241338429621 -81.79620707664046
14 88.71505431443231 64.18146917874333
15 -36.919802296025274 -20.333645943660073
16 65.92793324843407 5.098600990563412
17 46.08476936869272 -51.35226022501542
18 -76.4462651691924 47.1905662518522
19 -89.0936031574346 -24.24682270411502
20 -64.75235019104485 -23.061295866547866
21 -34.140269863793634 -80.59109015054418
22 14.159408023361081 -35.385072467700866
23 -38.66115138956086 4.344111610739759
24 -45.26645239451592 49.555463892042326
25 31.92092482153714 -84.6708191819206
26 32.777903867460566 10.095959610663613
27 60.81580400784753 -57.19748038440229
28 88.29361196853353 -6.899337941359178
29 -37.263074828069364 -78.56810193942756
30 -20.96331264843174 -56.942249385880885
31 10.370655242664895 -41.679357782973916
32 37.50768937399286 -32.99832660698303
33 -60.02747828783972 -65.51709782964818
34 90.04253652607164 99.06263835607072
35 63.22049721064778 81.37633587941991
36 -96.09584240975234 87.23230916160506
37 -14.69294889933333 -16.30540931530588
38 16.75121283908001 14.973905272010128
39 -16.64681695666195 -59.71395544122322
40 -27.41336134115471 -8.406067135290172
41 34.5792912898537 -73.02066684445614
42 39.26536212929591 -2.168143141247029
43 -99.73080576362906 48.26020062284388
44 -85.13286945797145 56.91305457746009
45 -30.584674157898377 -60.841589589807946
46 -56.28312951003238 16.349517237422077
47 -54.965472593283884 84.36729452473048
48 -42.43832824492066 -27.938287596790772
49 -83.50445295999924 58.53281350887946
50 33.38993870600615 -56.065764189755996
51 -97.19912502175457 59.81291632701405
52 16.604898425516907 20.70681915292228
53 -25.382930497737206 8.222077718895179
54 -3.258836446733852 32.14136859606532
55 -33.05064600177985 -89.06001052807603
56 42.63966919185347 77.69479616029295
57 -20.29219111956779 -41.32256216160679
58 4.972786844061545 -56.53360473011881
59 -69.98601263159942 -89.64359994314917
60 76.23805628919064 -27.022305302128416
61 -32.05153692481552 -52.2244378541165
62 61.81547948407018 -77.61837493953018
63 -3.4587561525641064 -62.403607487506754
64 -39.59006365111137 -73.012928230348
65 47.15866991884272 -75.10089488497916
66 78.1768020531884 -66.47619962263869
67 53.041869420443334 -99.27817681581882
68 -91.94458779563426 11.361884820390713
69 36.60354747046122 35.4102959375133
70 -5.688354899503366 45.93882731715652
71 80.19123145581477 50.2696799665909
72 -27.98266649706855 38.93659912141658
73 85.37693110324241 11.923878989694757
74 -77.82907969400046 -7.710125134801032
75 42.43446039922523 -23.048000274473978
76 -84.60980341045803 -63.10413672971187
77 -70.4825207420347 -11.214390125461165
78 -69.41531500010404 81.93512409667966
79 40.15263575685481 -65.48552308196211
80 29.741594604834063 -92.99811751093709
81 98.01398141370149 -93.83744686079896
82 -54.0639736736612 96.7813689600427
83 -40.45377487812365 -20.839954353712002
84 98.90254743715803 -73.19918315366986
85 27.85603269891554 -79.84853572397952
86 90.98187413139476 48.81976633804888
87 -94.60789206716042 66.94360785702077
88 -44.017074315666996 -4.2855571337519365
89 98.28641316457532 85.31147975532639
EOF
