DIMENSION :89
NODE_COORD_SECTION
1 -42.90506270243637 43.99390330292948
2 -79.00253224523728 1.5919767353499594
3 24.0766401437875 -96.44900891585237
4 -24.833121998598173 9.641021360411045
5 -60.915862310481295 89.51966736783908
6 -24.384863422167058 -58.87137557446018
7 37.838853382644544 23.39387210331556
8 33.36563746962145 -41.97024852167716
9 -8.781267054346785 62.16634329073878
10 16.478977452516716 63.605047331351216
11 92.94228068039826 63.79858259619999
12 -84.99734567654033 -19.187732370621973
13 13.498075706333594 96.84308001345758
14 -28.30681022495108 14.265094375513485
15 -92.10092165886792 93.174087953161
16 -2.9529335815646363 95.18392497670186
17 -2.932367695671914 -73.42767802589634
18 -14.971578490397633 -16.802675712481104
19 -43.866295032318824 -85.05198644512836
20 -75.01700617783555 -95.48324818056298
21 37.65528150664957 90.27578262074996
22 -34.42059536149269 -57.07857758085431
23 33.746624979106286 -42.14611534614319
24 28.220349791003827 68.15409649504721
25 -61.67351331572806 75.28945653932448
26 -9.782005959902634 -14.257345560877738
27 -90.8250059691134 21.650430876468405
28 62.12917193793774 22.9264892519693
29 49.214561525907385 -1.4861598863943613
30 -31.002126689999443 27.28065814131459
31 27.40655874747648 7.179328291517578
32 11.853743440518755 -52.205080628370546
33 41.88227697917921 80.10570423375094
34 33.66716198442995 -7.42120810062336
35 91.40303670448318 9.667523258961523
36 -56.937228097498505 13.027814990632635
37 -34.02892725125514 13.617578540445493
38 -40.5548197692875 51.2003126900394
39 -6.610780499076398 4.180476732195373
40 -65.2081951791016 5.317969115509101
41 -14.205895356573166 -13.508719709713617
42 -19.780351323022444 -82.2823962919057
43 18.66404250707599 2.132510480249209
44 -20.465759830821085 70.24564414653
45 44.52941345364761 -45.18835118039406
46 7.320518351482974 84.00072598536312
47 94.58988946035782 7.760523867983068
48 -14.2629202440975 -36.50587626504975
49 -46.3305935819089 26.226835083626355
50 -87.97328414591908 99.71153042798679
51 -92.5836528174601 -46.532622600478454
52 67.85772277474643 52.2239726023972
53 55.38297123355761 54.94130575803291
54 -18.03792825400889 67.4096061744421
55 -40.40529309706569 42.94112076593723
56 -40.86193805584022 -41.98779390846292
57 55.4464181372833 2.687877107187802
58 -88.4633706364676 -31.323726623588
59 90.23942895098193 -19.04363392722692
60 32.25209769621782 -17.237323729661583
61 74.39952084185867 69.58497535897473
62 -63.41036070511643 87.66289481480223
63 31.39281812904582 18.76403018201283
64 62.983358144882516 -91.00611321012317
65 14.582906986314057 48.78544326084395
66 -26.609561784359315 48.469769587326994
67 22.749196564293243 -6.0242933890461785
68 -77.91167907826613 15.910503084864786
69 -9.286944527538537 8.823046343681568
70 72.15351583212487 32.76182516542724
71 -42.50521888266239 -6.151053943111535
72 30.50214994135132 2.6648103499866664
73 21.651128998318512 57.563035820974875
74 -54.776035842139706 -5.9726125517784965
75 -18.080464244753998 -79.12039384773186
76 63.04296255592001 -39.78565435191288
77 31.02190660828498 -8.337082820450533
78 -19.910385637707577 -65.11373849746931
79 -78.54275678051381 89.60764339657143
80 35.77087012578352 -16.818003183571875
81 54.33906692363911 85.44977393876957
82 -2.6239401124862383 -36.146619735065364
83 -44.18993211346487 33.54247955734445
84 -37.84194634088287 63.12476919508907
85 0.2930675015150115 -76.8797028754071
86 63.980845740094026 97.96427624664344
87 15.813822859284429 -48.885694944177985
88 -86.77386308104698 -45.38250354755231
89 -36.14211858325949 28.169841623165922
EOF
