DIMENSION :89
NODE_COORD_SECTION
1 36.10984310485793 94.74482365152534
2 40.987186735740295 -63.09069436889902
3 -47.06478455742405 45.15100374734163
4 -50.88934300710615 29.93598164402883
5 85.77155215088561 -0.7119705934989611
6 66.14818729121274 -78.07146906144948
7 54.68950318949038 74.82132461750714
8 74.34218757531829 66.53475431645353
9 -99.59670615414807 -77.11301022856767
10 -16.966356878413166 -52.78269272406742
11 91.70457863258864 26.864457250973615
12 -54.7230812101277 43.19755278340344
13 -46.6956078915487 -11.37583457479883
14 95.36614813332721 -75.1913938939916
15 -30.759388046127498 -3.090364390128684
16 -25.36224501436992 -95.34466995696074
17 -88.26504278899235 -81.19747956929784
18 73.26508023119237 7.89300637922787
19 21.360199208899928 -67.24189818369948
20 57.36287597670693 93.10053342290442
21 -78.3953694491073 -69.51213485156845
22 -26.429278005407582 -45.36197025211044
23 -10.602381001738308 55.00483508449011
24 -72.61381334379908 -31.957190258718768
25 -77.11355440285696 -86.56357043173804
26 16.87006347795031 -98.06825213694614
27 48.731332043024906 5.748573212688683
28 69.94750030517335 -86.95788368844666
29 93.4120288537541 -55.68601624625964
30 -18.61949330754085 65.45700247666971
31 -93.48404616138595 -95.70347583207453
32 -25.41117546179747 -29.27443005613273
33 -31.29558987033103 41.11264998483557
34 -76.15227216552545 -67.49760793819759
35 43.029961108980274 -61.23007535697478
36 -36.00711288601153 97.4941850492767
37 35.50467042728812 -88.32820667106924
38 -12.38604294892987 -36.08363283646139
39 19.295345844252992 -27.48326267923005
40 83.82020647754959 -20.674153588292427
41 46.64867438777702 -99.7909139478449
42 -91.98709054374723 71.61061948589452
43 23.625497015233904 94.237725680978
44 -11.29902907764047 0.08069306490202166
45 -45.04981137931321 -14.231856968337198
46 75.24763761917916 -11.980954167457185
47 79.75759080315265 90.73216381272283
48 9.537898618630592 3.7152305274724284
49 13.746550899778697 -63.511109363820935
50 64.90752284659263 93.91852406074827
51 -10.774357221825895 71.16941261688129
52 37.276454154800376 -58.188674518517814
53 41.76322880547062 -26.393105127932245
54 -3.7192872662753302 -78.98223422494976
55 -69.36940027737559 -78.20735182656009
56 -91.70145533540324 -52.17354173778688
57 99.9534491870732 -50.91196373022602
58 -71.38182090748704 -4.27954837235653
59 88.46358131905839 -80.03907253485039
60 26.596013072208706 29.471367873026168
61 77.96917891070595 90.80458296431061
62 -44.49428881803921 -59.53100409161769
63 -65.8613252688908 86.4359234255569
64 7.880190108737466 20.621421679608517
65 -62.08027977755315 19.159110539402576
66 -92.49993247667851 -0.9249416254916554
67 31.89137292573332 -95.18046314525664
68 -19.21629210648588 84.16787877018388
69 13.074128176915934 -10.937648618602964
70 23.18552522901085 2.4431753350004897
71 92.19904933397925 87.04859945162886
72 30.310847164271337 -92.7845776506532
73 9.163750713749906 -38.82864494267264
74 -1.1929036784691647 41.093665192550986
75 45.379611852956856 -86.14700379442475
76 -81.30730603455532 -19.967951804288504
77 5.9410943618195375 -43.70588154083903
78 76.63665444165579 -39.10885977506895
79 -41.97533826908959 -70.91660393582775
80 68.80330188266939 0.15771584347402268
81 6.6513116832984025 -3.1330236684634656
82 82.22823993204852 48.38481110118735
83 64.92334057120763 16.814866965878267
84 45.293163944954586 93.07787485005244
85 33.07249704615768 -10.588992217432548
86 -29.281274399203625 -77.83314816055889
87 39.1331924872637 -59.86737475084174
88 18.596188792484043 -9.131749541837664
89 13.781141971492033 -48.12631766020792
EOF
