DIMENSION :89
NODE_COORD_SECTION
1 93.08559487076238 53.232858562185015
2 -0.6868399866587538 -57.20793526807617
3 36.312194954383955 -9.41670103158792
4 66.39072101405236 62.39182152753068
5 91.90724888360555 47.17114785928541
6 4.116608745459359 55.84099800248876
7 63.69792825861114 46.697685194935616
8 -52.878982709569215 3.90921811843819
9 -92.38917640677518 13.692632963853683
10 -96.99863981870305 94.6095976776646
11 -7.543156039595075 52.75722556476893
12 -77.269404476322 48.888572016697765
13 -49.19199206074154 22.710354134313974
14 87.53989577589533 50.43804684722997
15 15.94392148612414 -13.570110678562727
16 -76.41453595968338 -79.71451885834149
17 91.8222584800047 -30.279445945845595
18 -27.689093930922454 19.981339585086502
19 -64.74580758273696 -53.67133092262397
20 42.26805914184831 41.61772472565988
21 -57.057759406087904 -18.736769858773968
22 -52.73920604374938 48.575723457783994
23 -69.23549673398163 -89.12822517760925
24 96.0278678484787 67.81339315046574
25 -31.33399358497566 15.658579603800064
26 -59.71756806620434 2.670076164975484
27 -8.25584394405385 50.621852297086804
28 10.777415234317857 34.57705680488132
29 -53.40783797140729 -62.07447234961958
30 75.16748712628396 12.728445648081887
31 51.69063788319869 -1.9895566671155933
32 36.789960336144134 -7.319703940438728
33 -48.38577346582227 -2.211312042365151
34 -39.91150248240365 78.01009699733027
35 -72.95329497693001 -71.64604283075874
36 56.255045687320546 43.582742346606494
37 86.07448467628521 89.67990557030649
38 -8.232982336468012 74.63317479403992
39 6.955061069546332 -43.93261921948868
40 92.84826681069319 -57.210007326906705
41 28.533549060903653 23.64071494619165
42 -89.51597822166737 58.328355510758655
43 91.70687232084845 -0.017965524034877944
44 -16.528597748288277 87.35455202648035
45 -76.188079753057 86.03191249387737
46 91.08885118026984 3.2886924834395046
47 27.54039417133268 -78.32649307191564
48 22.31923025246742 -46.07390403441984
49 -13.040276521961331 18.956494359938915
50 -94.83703299558887 -31.478140304862023
51 35.44594129192495 -9.293809368402478
52 37.429251624042166 -96.24267740601888
53 43.81098037917806 -2.6977502896272227
54 -60.50530467006758 -66.88887049424477
55 81.63345896817765 -19.29952702778482
56 9.870577862638726 -78.92840468747626
57 80.77853030862144 32.31020810890189
58 -93.97870135421739 -8.20871092280872
59 87.31893582870325 50.12900837787953
60 -4.27179444299766 -98.80134104123752
61 -73.4539970970593 80.5752297468128
62 -71.60544068804828 52.24570992902744
63 25.48590490226266 11.748208687873714
64 -38.9610236342613 -45.11531115545506
65 38.312940114370974 -12.615022639904112
66 -59.673843213916086 25.530916935133874
67 2.278328370558455 44.57122373064547
68 -10.16456085831048 45.18287930371807
69 15.249443946324988 43.30351239494931
70 -19.130926553480762 -48.96521076006537
71 70.68103397885602 -47.71127641072397
72 -24.546126751163143 -76.6691285057716
73 -88.18348177827775 -17.09424127223413
74 21.79129737045986 -52.62525910515765
75 -25.855973216310304 -77.9563661539567
76 -44.737287999361854 -19.978771443257997
77 73.60839565336414 -95.43088326620135
78 12.19804646753208 -69.35790136978623
79 67.8069023143056 -12.533839383015149
80 98.9676476170049 78.47125042347031
81 68.3730856062327 40.228433757722115
82 75.55878679778814 91.39888002207451
83 -85.02041799091471 49.875293920811856
84 10.649622356156897 85.69833190897961
85 -65.13261237265556 -45.999369828438844
86 44.29528586569657 -28.16670175255878
87 -93.46432998070742 -38.446914040054935
88 54.69198870868061 68.40714296562524
89 22.202634445242865 -1.4148263378401396
EOF
