DIMENSION :89
NODE_COORD_SECTION
1 77.12187994890479 -56.021660783213555
2 -51.490197814445395 45.95129764469294
3 -62.219135453665 42.70430444576428
4 -70.82710046823453 84.09775695803853
5 17.239131159575606 -73.90148868555704
6 45.834194334754784 -15.611529401666502
7 -59.81526928140588 -47.84812883903431
8 -80.9373156955667 -14.826891407464714
9 33.104035710648105 58.49740952692045
10 62.136241188926675 -25.204138519710284
11 48.09449074214814 10.896893267913427
12 85.44794596398745 -78.0113149383892
13 -51.62733099415351 69.67431807737995
14 -70.8242995676744 27.91313808052105
15 87.29520781323043 -31.928012736391125
16 -30.197691682256917 89.62743657837638
17 35.561906236706136 95.91917831416791
18 84.54968449118599 -95.20558342153691
19 -84.6283879395075 -87.33274127197335
20 -22.48246955714444 -81.2649454841405
21 -14.346649950942776 75.75934271336641
22 72.29329326405824 -82.5285224825965
23 -10.903555330841769 -36.53346809182791
24 58.02682310937851 4.1921956229680575
25 19.555157283201254 -4.263117545559211
26 -60.56029757828163 -38.38843504410363
27 -2.495175451989965 12.267320652198947
28 -14.03421915698948 -1.0155569850835064
29 51.578026813483746 -46.07725466697985
30 -98.80400815963988 10.076071706978354
31 -4.189058339310208 11.790694779003516
32 41.02715793935644 27.176301260942253
33 65.08159933709476 57.57392740945244
34 -2.609066088273451 -53.713627402242416
35 -74.67677904468508 -50.312618511831396
36 -65.83425569132348 19.89541336860671
37 -89.5524763127805 21.340034133323485
38 -87.14899307761847 66.3030267037523
39 54.51432806911828 -99.9537306932816
40 77.80957691352955 28.233295497391595
41 -14.4645758709067 -17.574666752178885
42 -15.639118442015558 28.52460005973677
43 -73.59781094568187 -6.18836221371933
44 -52.26623795020602 16.968826374717594
45 -91.22197231556828 99.11267372401707
46 66.86463529395542 79.91237897530382
47 47.398280562985775 -0.4846942209088212
48 -65.74686321710861 93.02074403372919
49 -54.92828276477124 -50.9445509751296
50 -18.436067702418185 37.6471971446955
51 2.779486416755006 55.72996935237248
52 -69.60996266088364 -27.464611663912606
53 -5.381288662134921 -6.256108967825824
54 -81.43056894646637 -44.875330969147754
55 -66.06029005608443 -53.34999885432352
56 -45.32658978552229 -59.48405661076848
57 4.877200573512084 25.551913169383724
58 16.76165584772295 51.19502440102633
59 -37.422451559452206 -37.79407886403785
60 -43.77448855078718 6.899449613789898
61 -84.22440184759317 -36.22922137726417
62 -6.482395247712816 -68.44617095667054
63 -3.0237853321080337 34.118829986506995
64 -0.20753291671628915 12.98781125839406
65 98.34723906833176 16.03584050580382
66 -53.040677203948825 -18.810149383446912
67 5.532057936209583 89.30100451361082
68 78.37492981020313 92.13904974606726
69 96.94170489238343 71.55259857745844
70 -96.6193093884939 56.796281646941566
71 92.68777282978203 12.008956878003858
72 51.115076532293614 -61.37492217672658
73 -64.83090490868027 42.528299986870536
74 -67.49129954397262 58.05159501553422
75 -37.5732430982195 56.15519130758767
76 54.09620418646915 -11.437786396640902
77 95.73342046945348 -79.78461322994563
78 -96.74455543360419 6.676296103820505
79 4.484656219821346 -0.8151279584295281
80 -18.288809104615837 66.82070500512597
81 -65.6885708114315 -38.027001799922644
82 2.617071353066592 -87.82821117320478
83 88.4345109171081 -21.076296642149472
84 86.25600977758234 -96.18048800952698
85 -62.36688899971546 75.75277558113893
86 -9.624001531756093 -46.852384749189355
87 0.8016454282187198 4.80326964637969
88 -6.595337690730503 -23.887426111521833
89 85.92004858431542 -81.58474939566571
EOF
