DIMENSION :89
NODE_COORD_SECTION
1 -40.08070516691657 68.63716191645631
2 65.63083801814847 60.96041098219638
3 -26.83279773093716 -97.70940105028778
4 -52.878839997485485 53.45023209939049
5 55.3174205247536 82.93022820015315
6 -37.37740508556699 88.73770880857629
7 -17.000005011213418 -63.44595409525571
8 -57.7322855678041 -84.08255829747777
9 -80.14519774727043 -80.02512935987446
10 46.71633746999581 -17.443536575201477
11 11.315807315676636 8.325070728686427
12 54.68850877745163 -2.416045129434096
13 73.16453889282946 -22.349595181898366
14 63.080835071458324 28.8117083005163
15 71.1002063849991 -53.31395488659572
16 -92.44200492071516 66.85420339547059
17 -44.82478253414391 35.07184155268513
18 93.73789569327647 -78.99393193625764
19 -39.20337936470906 19.677979920894657
20 92.56536318844556 77.6739265364285
21 -82.90455556787904 26.376226558449247
22 98.19596363576295 -51.75138819800449
23 13.81748431266206 -18.493943848307907
24 -27.311972343851835 -39.15726721610604
25 69.49068623455048 -34.55105470343207
26 -90.9724696121533 9.107769983663317
27 16.475806310915786 -39.86174271349554
28 -67.5129324831905 61.38385406806185
29 72.60860772785901 -37.00380446882543
30 -69.95332292158001 54.72444617446183
31 -95.50662380064192 51.70327310524229
32 48.580899056168164 -49.122755179158894
33 4.1092051646911045 -72.63005888071056
34 34.742936594963965 15.091661104955861
35 98.24189256079825 -61.90599621502717
36 2.953423660184967 -6.337692804596728
37 89.35601923376439 -9.448493664861246
38 12.62779234318667 -87.59304585866379
39 -13.126742215949449 94.182871633867
40 -88.2471093950503 95.8165274726766
41 -70.57545548313477 -49.299856371784465
42 -38.85003552653865 -84.59622608282645
43 -78.5047336810895 1.0551843260512044
44 -7.762266725728523 -84.18379785914674
45 -88.01572863854273 72.67280117113103
46 70.83585866232832 -61.431870628055705
47 -72.45102922894958 31.666841931050925
48 40.525638036687184 65.78555804878994
49 -59.78956071714894 37.92129643673675
50 -98.68867917573334 40.1467612662544
51 -3.4560635464689966 -74.66742055132589
52 -57.19793000410505 82.24053005598785
53 64.88186189677333 85.17321007741654
54 95.86100280654222 -77.1469705763648
55 67.307691124115 17.45106545522701
56 92.64453421785663 -4.766643961230869
57 54.82103809685111 33.302710816377555
58 -67.81843262104343 91.1768428240616
59 56.90553433148014 40.87301131900841
60 37.118816020085234 -25.195635565955456
61 -9.167238043646961 -72.20240864883176
62 -43.01498776067054 69.20481438802224
63 -48.612937726650564 -34.681351156122986
64 -75.69659706956008 -16.352905191220103
65 18.297581669270244 -97.77131425388221
66 2.1083160145654887 -67.14305477544985
67 16.515553218126385 -8.749237908723217
68 -25.101559320579113 14.893074482491883
69 43.576223152531014 96.12806901333005
70 -70.2143035910499 60.44604253378475
71 38.636561942472525 64.60950159941274
72 50.57537665945486 -56.07753231319717
73 9.38135395640623 -79.31788749862119
74 -95.26028820826764 55.46615358573271
75 -44.158130273469084 -71.18468572854235
76 41.723555298312334 73.10683237253409
77 34.27285227873111 13.645797281454136
78 40.74746806343285 45.51623635707551
79 89.5851487900463 -19.553837982814272
80 47.2500901435011 98.390295025683
81 -48.56713416708265 74.88440534370537
82 -80.66184237741396 11.26536265873574
83 36.905483240736714 44.99529536468839
84 -30.91083763416367 76.61532644869914
85 31.876916262464448 23.94896546155725
86 -71.72179729683177 49.36565496454142
87 -66.58489011148461 39.11588476667066
88 -5.922933991317137 22.499394595733804
89 -72.74271830212004 -28.908395170816917
EOF
