DIMENSION :89
NODE_COORD_SECTION
1 -85.11834103325987 -28.884261176482042
2 88.69143111585686 27.901326525946814
3 24.290995874393758 33.63137960383412
4 -91.96537816778996 -73.79400028851512
5 24.46519416961017 -29.13552965950683
6 94.15777779678442 -5.878260601208112
7 4.718522967612813 -29.533894190511404
8 -5.963549358906462 -43.26865261931188
9 29.8381950480165 -32.41035718729488
10 19.687474613982104 80.00600637743986
11 47.40351321326065 -62.0841393002723
12 -52.32771111351968 34.622546804814704
13 -51.75682835510453 -96.12362454791909
14 92.01731175017295 16.329161292199785
15 -71.35476461675304 -88.27696106083383
16 -18.314502254447746 95.05816677375168
17 63.285835549216415 -25.994879212446193
18 49.709550443152835 42.52324627879952
19 39.4442077642002 40.18002745232971
20 98.32407253112893 -3.1721180210565905
21 -74.07670214000414 57.497545990856224
22 -57.08972773481986 62.650571222524235
23 54.19666405743692 -85.03852905412035
24 57.293578457936405 -83.13836568025079
25 -25.346056499885222 -74.91327627576653
26 43.910950630970376 91.9653359838097
27 17.418872369523882 91.33396283161812
28 -65.40861213120226 43.55027445336316
29 35.065171635010074 -66.4821102139642
30 91.16946278783868 -27.03013607318472
31 33.65741695476282 99.14942813945663
32 19.878574637499185 72.76398016606706
33 8.895347668445552 -24.4139744247951
34 -60.553134405282584 -10.128247358026599
35 -4.258166742184329 36.02845383366105
36 50.04560465319025 60.47467140260591
37 -87.23386876154072 -98.18352056275576
38 -61.28388390931181 60.348123328814864
39 36.535710388148146 84.13981076981426
40 26.628158731561925 35.88866637739278
41 76.74146757116449 80.19494600745034
42 14.499025887085509 33.52325833878896
43 39.34264412392935 -58.01760560639724
44 -85.27071204757772 28.99586565955795
45 -37.130490566487474 10.352977380860054
46 72.2876825378749 73.06586347867488
47 -7.876832011889846 12.575895474093983
48 -28.89584716770503 16.44167438287802
49 -86.13632193345913 -41.384671166587594
50 -1.2933894689141567 -45.68775989604512
51 20.679017182111494 39.46639071970793
52 99.06365212990428 -60.37207585937392
53 -7.9208562487397245 30.31536507784486
54 -17.92812921666848 -45.678484314105994
55 -14.039115787715659 -68.04688460428224
56 77.8531017960888 -1.050934188860225
57 -81.05904325955493 -54.21522237524128
58 -74.9965795459727 63.769350502032296
59 -19.343992416472915 -29.057298331201764
60 -35.83770480201839 78.069857621245
61 -25.019883340938193 36.423891386436765
62 -28.253084429936678 99.58617227628625
63 -89.78825207512615 36.837077742231514
64 13.423139401669687 2.1507884008935605
65 -29.36624700792838 27.258741058391138
66 22.86126188626521 -52.75363911128659
67 -6.548520489605707 -49.13865422003985
68 -81.44883860973235 -16.07245472722832
69 47.96576585710184 22.391274392378662
70 -40.071878195627605 11.614549720078642
71 67.93900667451493 71.23781729181897
72 13.787077511502048 61.55070165524427
73 -76.53589584892856 -40.25118329773869
74 -47.060369378195645 5.255267565831659
75 35.247763049645016 -64.38749241314136
76 -58.705245695587664 -17.90808156888548
77 32.070939371181964 51.539158186798176
78 73.02063871142028 53.11225904798843
79 31.291064219977528 -8.859673918378519
80 -71.82825941178032 34.62290121578931
81 82.60202991853197 -23.182623940995413
82 83.14160326344057 -57.53635363523515
83 -43.13038937541209 -96.36481788610465
84 71.52863190774411 -13.226636636037654
85 -15.288523929761837 42.570826081854335
86 -70.52148675403899 -2.9407460848219102
87 53.592566437997306 -12.808677975039288
88 79.29357983875613 -71.32575788124605
89 -42.441855962955934 -20.271651555264427
EOF
