DIMENSION :89
NODE_COORD_SECTION
1 -93.92400345279832 -95.65371900979424
2 60.3283859293486 -54.31793797343967
3 -35.60189855060125 78.19241605230326
4 80.32998462427318 90.50013599148127
5 -84.53005621790987 74.6896097950478
6 -64.6582914419858 -32.45774205241953
7 40.00051483211064 51.36317269186782
8 -5.217455715383096 -86.54567089410563
9 97.92578729550738 -38.50698702976467
10 -20.727492282171298 65.240683827254
11 13.403205176018986 -48.0733180689926
12 -80.05216403391401 22.736750992917948
13 -48.051166080210095 21.127465919744566
14 44.11379501625555 0.8486023353456744
15 26.320013021561792 83.87474051118335
16 -10.830071361623766 27.83989981543445
17 -81.27724425385486 41.572859406299074
18 -36.65587986502234 -10.889186274929713
19 -60.85006722396935 -59.08600898071283
20 -30.37659647053188 90.32756821147686
21 53.13257637281288 18.679301330740955
22 -11.628943600487844 19.425339639335164
23 6.9134503846969295 -23.248076100203434
24 74.47098380164621 -76.07878291735106
25 54.02840143089372 8.954361270182716
26 66.4420506851379 88.13810149174674
27 -55.492302194600555 -89.88814748397253
28 27.816579576074176 94.35445182679553
29 -23.613925611515626 37.782388577291755
30 45.17871900825955 82.55875123308849
31 28.936715928353948 -31.616828750703135
32 -7.390003079417511 85.40182178303525
33 -1.9788967084114688 -8.017776657251204
34 -61.109002277064775 -91.89603196888865
35 -63.826938296409594 -76.18690289872268
36 21.65952737783026 47.48815844186248
37 63.51202603139828 75.60955172263778
38 41.82730170714942 99.97442784817486
39 60.30703174626956 26.14618541684868
40 -58.09125735557914 -4.71525081564738
41 77.98952254351204 57.91013403572478
42 -76.48303614200907 10.771737092838606
43 -87.360308011315 -14.382169376459288
44 32.13366776476491 70.69856657352608
45 -26.552527178878265 -7.669859258893226
46 -8.638789901670222 -84.53846416017352
47 48.37606164512354 10.20800833220133
48 -95.78338278286476 -62.339169409604466
49 20.232264677387477 -64.51008738196134
50 -44.3710572759628 25.089048383417747
51 18.574594864791464 -48.93842152653913
52 48.15294921209417 25.121119367403267
53 6.366563550077359 45.02728042063916
54 -17.986474800418932 50.65333877275191
55 95.00927108607601 59.98127319429261
56 -49.05301169193355 -15.346704619039613
57 -42.63620983083798 85.21685122636751
58 -33.09313045675215 8.546485019108133
59 -34.39942693208397 -87.10026461716063
60 -50.44665962819985 -20.920473269211982
61 -80.81040264340436 19.27134161667506
62 20.54707156388706 8.963963896316884
63 48.07149820866289 -96.7632103396646
64 28.019860419301665 68.5185885113857
65 -22.973439513464996 17.231342556982
66 93.19580419334628 18.69246747494546
67 -80.51503293517628 -40.95177620855783
68 18.988582301605604 10.26474029460411
69 -67.5016852393008 58.34968701146644
70 -70.49824559037204 39.68141797944068
71 9.318814913203383 -12.127673573179763
72 -80.28927973076205 38.90344966526641
73 -87.99054037463378 -43.12328275703485
74 -13.793633850999896 -5.19559640101339
75 -46.26539043056837 3.1804248565855886
76 82.73218996053225 43.070131168945125
77 28.857402389948277 90.15265412591168
78 -1.6519072542943434 62.216853995324726
79 58.696613926726684 -63.662326841179585
80 91.40567987150308 5.258252570225494
81 71.77244498236456 -42.08662414657609
82 -70.87856827168466 49.716081280747176
83 -30.402954469201916 -12.019652167168033
84 -19.61428659814463 21.082964369516873
85 42.542317193591884 -48.2842050445782
86 88.54704534914896 50.51009312636083
87 95.04396804601745 22.71590875191025
88 -88.73716166692074 64.40657616453709
89 15.377464816960114 -36.61085750099646
EOF
