DIMENSION :89
NODE_COORD_SECTION
1 55.01229052135571 -82.23660856241885
2 34.316182250312664 85.26367181553766
3 -5.682687560566052 70.16025563957402
4 20.203160342429086 -38.08871211107729
5 -77.5492458352251 -52.9621773257134
6 -39.82741761204258 -62.029267971359836
7 89.52881037025409 -2.4214164213342
8 -54.142848623907526 -85.15171851882299
9 -8.509205478387187 32.976302859103924
10 -18.314608980776086 31.95634544729276
11 -92.86529063415713 -86.34260025993335
12 17.322488453943976 9.039393128146145
13 -15.838088197453999 -54.159895507677966
14 -34.633988993438464 -7.298451158469348
15 22.747754501398106 -15.174747810448693
16 -41.229686231483306 80.01797811098271
17 87.38163665203322 76.20151629939781
18 -49.67485289706666 16.526198397295815
19 41.19639792021056 -68.81295181716504
20 85.61547568271857 21.55750717570821
21 41.73361588950115 28.618491404150546
22 91.24096139309975 80.78280750110332
23 -36.932147249734996 63.63742910212886
24 11.675400373054174 -35.98884447760038
25 16.439596405017753 21.91333462838878
26 0.9976621045495051 75.6934241512503
27 -69.97696406899905 -51.71871347871875
28 -70.17254748865153 26.247545437132217
29 -81.8185203580749 99.96158989517261
30 -96.8492553995872 -75.76416269097888
31 -78.46020670758102 27.067655255042226
32 1.3211263593589706 32.58898887707534
33 31.429718191624403 6.897486153301372
34 54.37517563732405 6.485372446078912
35 25.74056553542954 -26.456791927879976
36 38.90123356201812 36.158362487472715
37 -62.06566726877123 30.6420953496486
38 -52.94731543372742 54.81845384278887
39 -43.03921734261444 12.631681804882675
40 -81.10159035781727 -59.95903714897981
41 -86.96524920618111 -31.339470425504132
42 52.15451365417013 -63.615724149950694
43 -57.28575469052433 83.34537459875358
44 7.443151676231778 -42.332464456866624
45 46.444779874688436 19.854350277996957
46 -87.42422220687223 -10.749213998649935
47 -47.288304306699125 -26.664921693174207
48 -64.04039962508699 -96.17525318253624
49 -14.831111948892044 56.49553009396922
50 47.07779620598427 28.631201488228868
51 92.5889214199299 4.184575341930952
52 -88.90458833088567 -42.30063846938648
53 46.20609418818046 -19.89187026166954
54 -25.005464015734248 -10.402620394981525
55 35.0004921207441 96.35608336319677
56 -5.756118148872204 -10.637650063192467
57 96.6977318054019 -84.79600673452484
58 -78.14052804741024 22.686238344081005
59 10.735575051379413 92.69278455991002
60 35.814622197251225 -8.900841350733032
61 49.17527095732575 44.77869716559874
62 16.109141276492963 -91.19450440664158
63 -67.48812863645286 69.38473499286752
64 -0.5909977434089768 4.992498039145033
65 69.56451733724091 -58.52598364687223
66 37.01955276643173 -90.15502770873272
67 74.10410289476431 13.304429336831575
68 61.05663836040165 -11.83626019226179
69 45.60239530900475 98.31310527636245
70 24.031811251321656 21.399714579721902
71 -22.53682391260601 94.61821366625989
72 -81.33082515096785 -92.92069468496054
73 -86.67742105835636 12.914736174643139
74 -92.37689047621546 44.011178820197614
75 -89.5176618519151 13.57985888082905
76 -3.132408642552903 2.3282173765012146
77 89.26623288615903 29.092743539315563
78 -28.120577101505177 -60.66725207533652
79 48.06655785725542 -49.58752897835483
80 82.33929408720547 15.27712905584957
81 -93.9259220046801 -10.253002566703074
82 8.926054415445734 -12.37420842614236
83 -0.8386417771397703 97.1850793868663
84 -25.118762183089842 18.008997695468736
85 -0.883919221217397 4.952130721439502
86 75.37240000219785 -87.00745675491687
87 -47.60261147761891 0.590068266817596
88 -10.714644049479574 -62.04825695582896
89 41.814962222808816 89.15026389033966
EOF
