DIMENSION :90
NODE_COORD_SECTION
1 -80.02999497471475 86.64727931744125
2 -60.66035768319929 -65.48657619087923
3 -98.2555018508804 84.87396823230205
4 61.61367042082199 52.897808584015934
5 -39.77158381304049 -11.44455309659162
6 71.98963703085255 66.58793422737949
7 18.214871093791658 36.350045181608124
8 89.40665164539652 41.57998766136066
9 65.49746673856842 41.569037939714235
10 10.677519275605079 89.32332097271734
11 96.02675108860961 1.6655607479666372
12 -14.09676025707789 33.981116501570625
13 -54.88656272374508 -67.74092757871395
14 81.15661292114805 -48.370404585567094
15 42.77328417543211 18.79228967370554
16 31.736804083248273 81.23090896029476
17 -55.96476770266621 -24.79339013936628
18 99.64852038346947 94.12905378656964
19 -76.9891222129543 -73.43896673942882
20 40.560901506814474 -73.01792964933824
21 -75.25008677166198 -8.691268017082663
22 58.35280254712393 -67.54200523210167
23 -42.61721625692023 28.984438048060042
24 -20.547256095970482 -17.314086461221393
25 -23.22163658581802 -59.65517510323068
26 -85.4666828902549 -27.632225523068584
27 66.92089970267116 59.543269986367534
28 -8.278539275851244 -88.37959699885295
29 51.437288048292885 -38.29067753686759
30 -56.66251741048944 73.03144125676567
31 -14.817992672580843 24.34224957433169
32 7.277415086591361 63.0769142948061
33 69.51381833372957 -72.78275381709707
34 -35.495314682221206 24.962148666124207
35 10.874809204379048 -46.95821634430999
36 -24.281223711716123 48.11191368956548
37 99.50894520688183 59.88871971691802
38 3.1200862271943492 58.94966206708375
39 -76.36614983769934 36.47186176668481
40 7.291650593339554 -1.7301709781381476
41 54.106080225975006 22.61873226431554
42 -5.42985838497178 -47.578817442167455
43 35.59674314538836 79.83428136498117
44 -43.12003137168809 98.68337463413047
45 2.5209197821420872 -69.36154740755711
46 -6.144055809678406 49.632724664790686
47 1.4407808074407455 50.39953092769386
48 36.181456601305314 36.95756420632114
49 46.388971330048264 -8.325773616687627
50 -0.5791777357619736 -37.90269120465943
51 59.53536640169145 -51.39544663698354
52 89.22584049434965 59.24365795217474
53 -43.15314031869859 -72.28936233406608
54 -48.35171895954973 -34.34375192113306
55 26.866340658861105 81.45761292500362
56 16.391602996741156 -25.090693700905803
57 20.463776527982574 -17.736195747575053
58 -83.81337895304563 -39.40028837879932
59 20.38856223281975 67.15657897308381
60 82.07756302816185 -98.78885900542471
61 -8.320744685477877 -32.92885063357008
62 -87.74351991120514 -88.75711894693232
63 -72.53704003259904 -50.17319940797873
64 91.18542327569406 -10.62396149487168
65 99.40356757003104 52.10398180440623
66 96.09753392531312 -68.63608929015635
67 98.03431174575479 53.28488392378833
68 69.56964947085794 23.497346883790613
69 -94.56307867080356 52.8090269805283
70 59.710582679893406 31.90997405054597
71 -18.794024373638422 52.73460434159537
72 -66.38912101514771 33.65229352158076
73 62.36381288814724 18.485257587044885
74 55.05132226081159 -2.6224097379149214
75 78.86786229976423 -6.698840480704533
76 84.06909878848904 -85.35317229390853
77 68.57869613212216 -24.297823348346398
78 3.8320263110453396 -92.72644014969278
79 39.033896921882786 34.310104304887545
80 -90.62712172814705 91.79417947756511
81 -31.90077319597016 -69.33408486522737
82 3.0873679301927694 69.06267783187653
83 -38.45485538097202 -51.78288764342618
84 33.500871638202 -74.8666813298091
85 -7.176582685912464 84.43927151630041
86 86.6606707613517 -20.991454122052545
87 38.79497736057985 53.09491886114108
88 -6.388146984600908 -6.5063492367349625
89 -5.113164220010162 64.9220629653228
90 52.76680527506139 -22.686325624582167
EOF
