DIMENSION :90
NODE_COORD_SECTION
1 -57.2469142374955 46.25392551168119
2 -60.77359154259594 -96.82316306567745
3 -33.19987773187343 3.2130360801063205
4 1.3209541307205939 52.0482602604383
5 -45.96005465802442 -30.027726698545564
6 12.384759839730819 -50.35103863989916
7 56.2199737384405 -16.816799644226705
8 -6.223302543778473 -98.35310703257491
9 -54.969637922214496 -42.263517245502634
10 -85.76243516623536 11.113835478439867
11 -42.66400843778057 17.520546178892275
12 -50.6829905711984 38.86677769735542
13 92.4754414397267 -15.28145749910567
14 45.22651902758133 -40.89401843205505
15 -24.81709769000527 54.13889791721306
16 -2.7436908355194447 27.958348377844374
17 -88.83459162735825 -5.886118459551511
18 31.995669519345398 88.1987845639913
19 -42.905476201400106 -38.210283169281055
20 -57.052173296783934 70.33641601643194
21 -97.2519907343311 -1.8292529832581295
22 -29.268081475040745 18.41631834396948
23 20.26363226676493 77.06927372317645
24 41.91632362128084 68.30185570176576
25 -26.05611106758083 22.15175445878546
26 84.62904326540004 36.86639350213704
27 3.7768804401975444 77.56108432876437
28 -75.55751438377334 42.437560751527315
29 -3.184822008037429 20.13376885975957
30 -69.36848311628252 70.00102391286015
31 -57.218863640992225 35.019840681616415
32 -69.24478145724197 19.084986848168953
33 -66.25643447142271 -58.447551439127146
34 -59.385646698152605 -72.08940940764208
35 -87.56265165527786 -47.49688581557716
36 -33.01189305501468 -45.6924945595423
37 -0.22592993160255048 -22.602337536096144
38 -67.84476754499195 -87.94202682657777
39 39.318307469859974 -60.64296170804835
40 42.0562829546578 -89.25316886263546
41 -15.019173035718808 64.96602164337025
42 74.05518394813055 -72.14118425548244
43 -72.09352897815356 27.962262916911683
44 95.60996311073012 -46.22123229573047
45 -90.48895586772683 -19.923211964045564
46 41.76402149709736 93.51428826481657
47 -0.15183979029328043 86.14641082576026
48 -22.779124362111276 83.37448821418926
49 33.96347552342223 -4.342549548038434
50 -52.133144626928065 86.50251775715654
51 93.6203626605407 -70.83072402218669
52 86.95787299229448 -31.926318119152214
53 97.75760450746333 -64.39486329087586
54 82.78783497955831 -80.8650523275398
55 -77.73367668587947 -14.812962711371853
56 37.50792688019422 97.47573395246627
57 -91.85023116704892 -97.16983743565848
58 -49.132519927087785 84.58392628747632
59 36.85632562596436 -81.89827073886696
60 -52.00118901152935 19.655219039027543
61 52.55256388161774 10.387977140751786
62 -63.03022191208307 64.78769759276472
63 -6.670265071480856 61.70219975210637
64 29.679676083362835 -20.092002068470904
65 -43.18632309461181 94.60572356933804
66 -11.224708659796619 41.63909106243247
67 70.37468946952876 -30.997160469153442
68 -26.384205595778383 -72.76592837388893
69 -37.88954828907758 39.10968795351124
70 -50.083418792769095 -97.13581639967363
71 -63.99837130360606 30.68630346682326
72 -99.44630261995881 -95.0364324518097
73 -56.8835577216378 -11.340137173547205
74 29.112173688098494 83.99711233501475
75 -89.53309129496678 -33.44349944743004
76 83.11300892760508 91.93198337728182
77 40.096166862301146 -18.302103280457743
78 -59.5447323543421 37.85735477163132
79 -76.79723554249117 43.90806216779592
80 -99.53885975554047 10.611038135664728
81 -72.4156446656739 -19.485315676139933
82 -99.98647811009171 -27.06431373464764
83 -88.5901059810988 -73.28140887704839
84 -64.37281439154481 68.60132597703057
85 92.30589386456813 -72.05618329097359
86 -86.10389398513448 -47.90490294809049
87 57.96887226363134 -90.43009166119404
88 -24.388783610491302 49.89302250049232
89 42.99277907312086 -90.51283156689215
90 42.94428111242891 92.99286538886417
EOF
