DIMENSION :90
NODE_COORD_SECTION
1 -39.51261875115068 0.981661220574793
2 -46.944674306273626 97.17357760945316
3 -39.18072118753943 88.87647561652327
4 -43.80768931235674 -12.23135080618701
5 -1.987793096488673 84.03723635016655
6 -46.62769806440157 37.60431230940958
7 86.64741369476693 -61.837481147906395
8 -30.284696732560775 -55.10035859789368
9 6.9040608265380286 64.72618370163033
10 -85.76742156566684 -84.82870040234765
11 83.53048135918038 -15.080841827566815
12 2.1279999134035847 -18.11565791315543
13 -92.27893047251632 17.059849926932856
14 21.094545307437286 -25.97068345105879
15 -82.39684777323033 -38.44544686378399
16 -61.732810483565736 -66.80473282979189
17 85.2646848142364 -82.72183252422356
18 -57.654694657975945 57.12225187572545
19 71.73033528875956 -19.715337293614994
20 94.49886505480436 52.38109730567095
21 -93.9800890656689 22.04579515826066
22 -77.97527917541684 -84.25783300147631
23 -79.60022513395194 21.955602494608044
24 -69.67957356085184 31.958952876714022
25 -68.83561897711866 -62.37272009398307
26 -68.40513797113637 75.10641085238248
27 92.76165879436766 36.54815053833369
28 92.83643456173144 -68.72206341438773
29 72.80252681517533 -16.05256650842621
30 90.91110299629594 -77.6409222571314
31 -3.528592140140745 -15.729389356104491
32 -70.73584638373653 3.7600306624863578
33 -8.91891367296158 -92.55673823808348
34 18.551158672151985 -66.59699407709223
35 -75.00802201257508 -3.853688380487924
36 52.625098637940795 64.92477919657543
37 79.8422307139104 46.61361183379299
38 21.658238996411086 4.968598753342988
39 21.011867358369642 83.00199762523107
40 -4.221113575258244 92.60383516934164
41 38.47052073906906 -95.82715946594182
42 85.45466318636338 -91.67427278671319
43 18.635078003311918 71.76333282936878
44 38.955641062332205 0.751735636137056
45 77.58995171020672 -70.28527533309412
46 72.58208149771187 -68.95506547162016
47 -63.00066419441788 97.96378900953786
48 -54.056844643946356 -21.740882743621455
49 56.26738523164241 -33.207102980229266
50 -7.575350808679531 23.214194232448662
51 -52.0212426336724 33.37315567909232
52 -5.914912295439237 34.17460895909096
53 98.37855063545362 68.32400633800702
54 50.57135512666639 14.517530347526986
55 90.62725425549857 77.65194882766303
56 -66.75352530526632 40.7416780187574
57 85.7928712254436 34.21990455163677
58 38.57371112834488 -81.4183577807434
59 -44.98110858786015 -7.062061514896897
60 -41.09726386558048 15.656664838220834
61 76.03345167918812 75.15508183601568
62 74.15518783096678 -9.00309919284004
63 -91.85850829172146 -89.72897201585053
64 34.508513897389975 34.95425440136941
65 -57.93165385848933 56.37559169494864
66 -47.97150860991122 57.41888429877571
67 84.49969300902009 86.76281688982829
68 -51.69750701513705 17.926653965020776
69 -18.11053131339571 25.455762644024944
70 15.477008649987624 78.15672000936863
71 14.08374825302667 42.41699255405965
72 -60.29544339121253 75.48267577890547
73 95.53533869783874 -22.0911313527522
74 -91.14329261910233 -34.34547588415684
75 10.360264455177216 -44.49312518709097
76 -19.53856586794673 -36.64692960091316
77 -22.786091896470097 64.5581010783279
78 21.17463589224083 -78.72786980934983
79 90.94120840848626 45.416343721559485
80 45.6971713190824 31.548239348260267
81 20.181765835722572 94.57400690913471
82 80.9003876106216 7.771402554664107
83 53.58735561557171 -78.14961903286385
84 -39.97538697559746 -88.52531688091827
85 82.03590237527035 38.08469268330816
86 12.166682379697775 -76.08565819390199
87 -19.797538947084064 -70.67850193217507
88 53.874163697666205 32.11636840826472
89 -91.92561511543995 82.26504987460754
90 12.515389837564214 -2.420702084057453
EOF
