DIMENSION :90
NODE_COORD_SECTION
1 91.47442515575861 -34.18171353123422
2 -84.80387538880758 -93.31270541832612
3 60.38202893361668 44.81120433045248
4 62.34517792119803 63.801455033629395
5 -75.18035130975301 -95.43762692602617
6 -28.307241550445994 -18.838501607549517
7 50.29753205987771 -1.2934994654706884
8 -73.7828747353517 -55.85609809671097
9 58.28690801521043 -2.240044769990675
10 88.73643828181531 86.0867516204242
11 21.918126855166207 12.185204017407969
12 -43.825565653080865 93.80553101045749
13 53.07688330542396 91.25426277564236
14 18.13004198675668 -16.91178699341181
15 -15.701904859486078 -42.19976288060856
16 57.232591606809024 32.871995422983275
17 -62.66625276535025 -71.01486839595466
18 -17.13407021981945 -52.53176896363716
19 39.99741400896849 -5.498825352089966
20 25.19618737657811 28.115953034943885
21 3.864888575793188 76.16194545467744
22 -66.96034749640889 -21.691350157490902
23 -92.3632901058528 -23.37130308549085
24 -83.04138778839643 -58.24707000466418
25 -55.55481731319003 40.05621829824361
26 58.074732793690146 77.48174176572667
27 86.11483167780628 93.73184739314857
28 -36.55903385246735 13.558960014657103
29 -6.638073446931415 17.320048699919028
30 -9.585287014419379 88.97613821530703
31 58.145256247091226 95.11427311335223
32 -14.673672573363746 -7.243685060130929
33 2.856789260044337 -53.26327998566218
34 -14.161234324478443 39.943898759154735
35 -19.232378876539897 -96.98427500553073
36 -78.2542812850117 86.0735265042241
37 23.120953681577205 -3.690350514669788
38 15.557038444383494 -25.124920345266474
39 -39.509430738261585 68.33503348748766
40 -67.92804241469084 38.38598633023955
41 9.499751083737834 63.59600331727472
42 -44.757916198055355 -75.69406272009753
43 60.72219915118205 -27.19910515480943
44 -19.022304985572163 -87.65660587223765
45 -70.43698937686591 -81.80884752115688
46 -93.84745265670713 99.46711426415371
47 39.144402174554386 -68.50339856929033
48 66.91381525915594 -16.609800395627033
49 -7.302611813200826 65.27028183565668
50 -66.49459293705446 54.2779899728167
51 62.68722687513366 -0.35492924322480235
52 -95.83543804571126 16.585440650407975
53 -25.123095996925812 59.09338548715951
54 -42.74701996868069 6.093490990676159
55 97.75966086613343 -62.43965012091503
56 -81.36447345637595 41.628089043179216
57 61.26796092120716 45.3798491455193
58 -19.579029992347486 -43.39041352906368
59 -76.60703443789589 37.671894701794685
60 67.53080279295281 -7.505754862092019
61 79.3250951408229 -38.541032829197896
62 90.1638124271476 -95.66628219762106
63 -35.04712748958845 -32.4721708692409
64 43.07557015578206 28.092380706802714
65 45.03368509538595 73.10255486709582
66 -83.30644691646691 90.02643961471165
67 -3.923123659859229 32.68348810287415
68 70.44031586342948 0.34291029903835124
69 -5.044119298375875 -23.054069361859916
70 85.23847373144474 66.52046644065794
71 6.492892873385685 -86.6185699443601
72 -39.977007217079816 -13.911669483798889
73 -73.26397512736555 47.4035612274711
74 46.18781566876768 34.32345122861716
75 -16.62452877732703 -21.07076074342764
76 -75.7546845362554 49.24015840212425
77 -79.27822264742544 -43.01444327521169
78 -81.4212495516552 -65.5893114656703
79 3.8958954747065917 -66.31869495330037
80 -80.98054881622703 49.56895155504648
81 -34.64278275898964 -51.07868696609999
82 32.08186980303927 39.61398960922159
83 86.62238117545817 -1.4691328746679204
84 -79.95856194451257 -35.456354368633015
85 59.004186418886434 -9.003489164303758
86 -97.35848768332144 36.01303695280458
87 99.42657853715207 81.81855714370928
88 -5.932575419829206 40.626445655329064
89 10.848068287803997 -10.490217847448719
90 26.927069284764443 35.7353955113484
EOF
