DIMENSION :90
NODE_COORD_SECTION
1 -17.29479942156334 -44.13715012005801
2 -63.783468678860686 98.57716008874488
3 -54.93581276139026 -50.318962335020736
4 39.19621627400841 -94.13005970471696
5 49.36100359596995 22.12040470057643
6 26.32392768015717 -63.831858804353246
7 -53.52451859300946 -80.01264915998532
8 -80.53554832859282 21.89724339651829
9 61.02788126524135 51.67670520408507
10 26.358652892262555 92.364707473961
11 -95.37096825031983 -13.69896877362163
12 -92.22497976750392 -79.91629783313667
13 16.069292094769793 -55.22503560778651
14 -95.27927126900283 25.79069667199616
15 20.713171106056066 -26.00167987037129
16 -76.06384984032806 -91.2109870893623
17 83.59303573197803 -70.92914201560909
18 27.74821067437925 93.66451194883146
19 -5.828137728378977 53.51062670904966
20 -96.54038141142193 -59.91643565942611
21 65.47155277908544 43.736868388426586
22 97.80253930667112 -50.70237495119685
23 -43.760070984194456 11.617549072215127
24 -6.413207350883837 19.142712352788323
25 32.05606967810252 -82.32938677786414
26 78.52433160905139 -51.2638252043766
27 -30.249805549882964 37.54710709239001
28 -89.6867981529949 74.73723731550842
29 -20.759140554938213 45.71348029563984
30 -82.58418991009783 32.95182803006358
31 67.8688843260345 -47.21070534568026
32 -8.4321003062296 82.22622587382392
33 4.533815272871621 16.785718855671277
34 -74.09386300418011 1.988267555520551
35 54.41548669410071 63.52928925690168
36 -68.2961446232882 80.45868260266425
37 -50.21034006300702 -2.155692488484945
38 -72.94405456862452 -52.530533235182396
39 -61.576656452776476 64.60655035792746
40 32.45563488684948 -26.009971426348756
41 -91.73801942725508 27.569818679373043
42 -68.94277414974441 59.87602759570723
43 -74.40280878838715 73.90601772951942
44 55.5206198469763 62.01985922325403
45 43.63036556483837 -76.31145814974694
46 -51.3150761791962 76.99583834597524
47 -60.6760376387322 -73.91230067602058
48 11.920001106075006 85.4570783547608
49 18.65890017317011 57.836101909449354
50 2.8564239198712187 89.95531756480057
51 93.89302618630478 -95.43909984819192
52 73.2958176939699 33.518773210913224
53 -18.857781340677903 -98.13114581577639
54 48.455178800447015 73.23743349604513
55 -7.417842760699898 -59.3906764429162
56 40.30027671235524 1.268978742156719
57 -95.20452168372566 99.52924327392194
58 -39.42520015198989 -44.907167654646976
59 -26.73449663274714 -41.42670807838822
60 53.23360538456109 39.50370941839799
61 -67.25564667200305 67.3714624734335
62 1.3397328705055713 94.75026335661772
63 74.19974341556167 95.99535841616745
64 80.0866961721716 -11.61165438553897
65 21.271430252706637 -21.146430448212385
66 25.458914213041098 82.83255797377407
67 -57.35526955640473 -22.36446254126541
68 -32.85520828949029 -63.746221750891706
69 31.47517309191076 35.50240910783975
70 -65.33144988628301 31.384453891486487
71 -41.0251337274532 72.26242698817936
72 87.30841831703808 -5.042537217189462
73 66.49774884194139 -20.94251912643341
74 -58.77968514609528 -30.081536843839004
75 98.937430089462 11.126448723143653
76 71.28790870200555 -66.7843284848089
77 -98.02206635583389 48.500120578197425
78 50.57119843623869 13.885070650504417
79 -93.28585283873355 -2.978530916213188
80 -43.17233249890644 59.31318022394706
81 7.3854038416234715 35.87413125358577
82 23.431291893055686 21.973475534103542
83 1.442215912333495 82.84104929790061
84 -58.8834901714222 -5.403329364407995
85 -94.10741711556227 -55.19579075769256
86 -72.6743022548209 -91.35081567501125
87 -10.148913130001318 -51.464417101322034
88 -28.45977203912338 29.158038576223646
89 70.4403528621092 5.61834600225535
90 37.826879045756556 28.334651803378677
EOF
