DIMENSION :90
NODE_COORD_SECTION
1 19.825626329717693 -67.57168378380007
2 48.85157912678801 13.197506440718172
3 82.96250836841406 -85.40150889557358
4 5.039358207880511 51.7355717726177
5 41.239911930268335 58.795724470835154
6 -27.577650045683484 -80.0336573300783
7 -23.579208048974948 14.553026877048197
8 57.226911053427585 60.64180305524113
9 38.74211071049109 -67.00701534279945
10 29.662525317644537 43.644632735831465
11 53.22108931004618 -39.51889606095897
12 97.5388514284497 -57.04958667945228
13 -88.5425984580447 78.98265786385497
14 44.788544895608254 -12.61616179109619
15 24.401294236367605 20.5950091326863
16 47.572759381917024 -30.62091184380293
17 56.284146029597366 80.0163440917344
18 90.99802494359551 82.8686750019115
19 85.88460801119555 -23.749090516806604
20 1.0744962757403869 -20.410911453478036
21 48.529909834444396 73.63986388387653
22 79.39737899015734 82.50557679995777
23 0.7086195907754984 62.345885783870784
24 -17.865331029118252 -24.277395796675123
25 18.89759947304512 19.708781806077155
26 20.25613858558239 2.1604503638484402
27 -4.817462900493069 26.42842530807185
28 74.53985010681163 43.44251017854407
29 24.477914593227567 -4.6796469655310915
30 16.744178758666052 30.852027666495786
31 91.62894385706736 85.42846719736505
32 -92.56513618879718 41.880838051455356
33 -38.595567300082465 20.568290955689122
34 -98.69190469378417 73.80701625895648
35 -49.63374676533705 8.913386883194164
36 -67.5476722874815 -46.097827599760734
37 16.827509939360596 -30.973510810308042
38 74.842981784893 -54.716690387589395
39 -56.411855331060835 7.776065245542398
40 -22.53424685819641 38.08824957790938
41 -92.13670147579546 -33.13197707481912
42 -41.18408855553981 77.56753482860606
43 33.79621026296539 -42.73863520912673
44 12.122407807382785 -26.14999324466649
45 5.174113581616041 -65.47434612519922
46 -79.50273084597717 62.55313539008182
47 79.44208685224697 -66.76277737214525
48 -89.68776164157472 41.073297156583465
49 88.8363829516639 -25.199918216321265
50 -18.543712265833932 -7.694684483473097
51 40.43532233668711 90.61662142837926
52 44.72905861119594 25.704565642944672
53 -65.8475470487223 -38.677813830037586
54 69.4769799401746 15.019009525917198
55 6.173160259369894 -37.16329969355054
56 -1.3197214977883789 -7.317294958830402
57 -24.937502957941064 -68.7244287335973
58 24.050720671457498 -27.223816604722103
59 18.748632994117216 -88.69877343069233
60 -69.69857426427886 -82.37662603873903
61 -57.18723087518449 -63.714453917079354
62 15.601758569215932 37.50870195517098
63 -86.00695529532065 -96.30728737487908
64 -25.668302063174494 18.661980108091655
65 27.536434988050956 55.380907693501825
66 88.60187730480561 -88.42698324130858
67 53.00923294739576 50.06040943241152
68 -83.39320719269199 79.86161132226363
69 -39.596703351030314 -76.06527327741685
70 -11.269533650678028 9.342927430581355
71 66.8517720365719 -24.40958541805398
72 26.425270486768298 -92.40781757049473
73 63.99456115784275 -17.50965034768454
74 84.23624089836963 86.22662534364568
75 -12.989589813138508 -41.03581548919899
76 -18.0552641507347 -88.71302566423434
77 -31.441012024194876 99.37895252643355
78 41.65691395591162 31.514339483304013
79 -15.647020452178339 15.21164274571882
80 73.76400702121188 49.982930304852516
81 -58.19335154668461 71.03480851805287
82 -33.947030645923576 -8.537214103117833
83 -10.815957167275343 -48.03479801232196
84 -78.1523989359061 36.050830721475904
85 29.896478037388476 -46.085409473920855
86 -34.0881121133493 39.022688434413226
87 -84.92452755657465 78.02089044467547
88 -9.05125665910873 -62.47830511473249
89 57.273993315632 31.92689957975685
90 -47.120975493032866 56.61560048975812
EOF
