DIMENSION :90
NODE_COORD_SECTION
1 -7.659596192299858 12.572994670481052
2 -27.86080714108195 -72.69680987440805
3 16.70607042019337 55.928018832328775
4 -60.22455251124943 -0.693279075089535
5 -86.27439745042568 23.516613304110678
6 -21.763689566567578 6.98878581785884
7 90.84546885806981 42.30448439133002
8 92.12916523207383 -96.84827089995514
9 66.48529725799966 88.56271021974311
10 0.12242944836526704 -87.17509325524017
11 -96.93069699862913 -95.82935250116984
12 69.67804000578457 82.9161769425883
13 15.672107519771956 -74.81977047474493
14 -71.60982847866427 -12.671535738903557
15 95.22542037695362 -84.84738610220188
16 93.70865338175648 27.415747602395783
17 11.208718012717128 -76.68269177019965
18 54.427293880261516 85.81676810755317
19 65.97357951059075 -53.607222990146795
20 10.168726377966664 -58.88114431668501
21 61.32785658301174 62.946795149484615
22 -70.80090799883516 31.468299450322604
23 -92.26747673111464 30.46373947149982
24 -79.74265272680547 67.15786165033163
25 -42.55949608909939 -12.174880024925855
26 -69.31444780740412 35.38590936807685
27 75.13339133310589 -10.301266413057533
28 80.99813672620539 -85.20413052756308
29 73.08856493928258 14.37082360814044
30 -74.87043355620379 -76.93127274313738
31 -67.36430360852378 32.8447925717677
32 -14.0484354585938 -42.24472388473464
33 9.638259806783495 -95.43105759218787
34 57.252433191814134 58.69900178367712
35 -21.03779140919633 73.94493116730192
36 -13.777304247105121 19.814462779795065
37 11.370510653386674 81.80754404349145
38 -45.4071315921567 -91.34986349243997
39 -3.991115082870351 -22.64441697041613
40 61.920546096219965 14.078753287791827
41 -77.3754850149859 18.552626967215247
42 81.12582963415099 35.62216515070139
43 19.886189536401005 -17.194462918516848
44 4.2254094763909364 -47.6680464856331
45 -90.34917482150328 -25.23235009141959
46 25.31737290151912 -35.18908775287724
47 81.74794623519563 14.402621722019603
48 -81.7796997514474 -9.12528501249676
49 19.830129283675333 -84.01604145979067
50 -42.228245738519085 13.51710352294107
51 -83.93585501157732 27.494404413389333
52 6.642838647193699 -70.74405136193107
53 -99.08598752906508 89.9282967405212
54 -56.3728715163889 25.601673225888803
55 83.99371713416022 -2.7108519108287226
56 44.71375347274116 28.303566092843397
57 52.94394643497827 -9.386236520899544
58 44.855992577159356 2.1935014656613987
59 9.51377717847302 3.143248690852758
60 6.1983557033843795 63.86079088535254
61 35.50474288977432 88.80032377527337
62 -2.3733373877085455 70.05582729264921
63 75.96136806211535 -87.57855256978799
64 -49.1428830921542 -17.365732196793587
65 -97.03128302462893 -42.268733952376756
66 99.88207008102768 79.0176495527794
67 -19.355871064193025 17.83604953527687
68 -66.55833112596099 -23.43973509920052
69 -9.613124312337646 73.05174261726103
70 -5.7079514460313305 -30.12371176966451
71 -4.82399576762667 32.171381982636575
72 -55.60749116894126 42.095171064093364
73 22.683247511696365 15.815706706427505
74 81.7354430664985 -95.82262787712041
75 29.194331126052447 94.29975922672901
76 -57.6054595850708 -59.16343571516731
77 -30.1912407333014 57.48747657255956
78 -49.531779558864386 -2.7214507602164417
79 45.11450910387765 90.3952058201574
80 88.94684651426405 -72.11889729525453
81 -79.48920428509392 -44.155812034667605
82 56.13391148960528 -53.89687234603466
83 21.578539565606718 44.251191524614
84 -54.89718330431652 64.3254763341757
85 97.37474810460606 40.68535511599754
86 -62.22746501090217 92.98990594543332
87 -86.7463652932413 -19.391400505741686
88 40.536964250381345 -19.683318063487036
89 -14.206236804601872 -81.74418216219448
90 -95.01565817313278 -82.95456178086144
EOF
