DIMENSION :90
NODE_COORD_SECTION
1 -95.36281490865524 -84.59977961596947
2 75.09465539946765 5.057854512517608
3 -0.47700553427580417 -26.711670780496036
4 -18.595412677837402 -5.595002693914438
5 -94.47565373638507 76.81798253393478
6 62.98098288146684 30.175919366023038
7 -44.52543741966275 97.5720212575649
8 -60.35441779720374 -81.19149949828864
9 85.79443098739549 -88.89080530950453
10 -20.25494436657067 -77.14268542360922
11 80.40947764392129 -76.0470224228422
12 -87.13772058082702 -76.10243242683194
13 97.17243749779635 77.0080486693245
14 -77.7840438394536 -44.84197151231022
15 -77.81719070531226 94.67320572181853
16 -81.90234229610327 -1.359891990147318
17 79.62189588351407 82.70860924617065
18 41.54658813189366 -34.10580541060364
19 -11.80170691083255 -57.04576332828515
20 76.5641277673412 -62.71151047035322
21 0.025346593233592785 69.28557891352409
22 -40.47827906850996 21.51951671079098
23 -16.271294574376483 16.731588936162083
24 -33.98277647258358 15.277766771595935
25 -79.19137724645907 94.4690364779409
26 28.286401548232845 -7.604249487428305
27 -27.24182391420564 -76.55361700518193
28 -9.622164443643896 32.47000877644618
29 46.16527264359166 -79.32052561193599
30 43.65105096470876 -89.13748729225517
31 34.00272146856017 24.800315121005127
32 -98.24076724851882 -84.84888969154744
33 43.53729848429603 -38.77070944486283
34 72.12947950343514 27.512630584266446
35 34.76528829464826 -39.61972810876044
36 60.05510110055761 -81.81370301676985
37 -11.991480424940889 88.59707296703431
38 -98.13397644841066 -67.92065650536856
39 -4.718520902738945 29.058822726622623
40 65.24489472253546 -81.25946806875533
41 -72.73325959381467 58.680861169806946
42 77.60814392102532 -44.658447506394005
43 -33.78773135074795 -92.9231714431938
44 47.57268782115304 -57.02981255632664
45 -85.20892500664704 -45.06331731536402
46 -70.11936388942881 -81.54662832522828
47 -8.06006520420243 31.7144501457868
48 -49.24415193583365 -82.90792540870795
49 8.920585710526609 -93.691423253602
50 58.51779421752315 -53.89571681467829
51 -17.676521429481113 29.456774798731317
52 -6.620278484196092 84.23621959509305
53 -14.539511970067338 -17.14361295954565
54 -19.29030186316156 -90.08392950637773
55 -34.430247406345586 17.56030773618562
56 -56.36538761769538 -21.511429163626957
57 -38.517713428393165 22.987540294221674
58 -96.28107443819185 -81.51716066043832
59 44.876571140119836 57.926622850791034
60 92.55128793127332 97.52988372396456
61 -22.026071531750603 -3.8009031295194404
62 32.423943361331254 -79.53964988396898
63 31.5040164057082 92.18936995902808
64 60.89127843366725 65.27705224296864
65 38.99633795778098 -44.763705310670844
66 71.84537404932573 -62.88907508204073
67 -23.069739447132648 -63.07908610839667
68 24.84820993972822 -74.06685218629258
69 -44.997443209866425 81.57384133330035
70 34.811435134766214 90.71014853689894
71 76.748077831171 -32.1351453109381
72 -4.283570693138913 60.85237319049364
73 -12.02428422012909 -21.873757282225853
74 -85.08118885712312 45.22166091025562
75 68.95834996264401 -27.899312145034784
76 38.68314289949586 69.62623226207077
77 -53.957888734995585 13.093326323656612
78 34.94515327795665 -74.3537471474232
79 99.31676143880023 97.04682562101007
80 -34.099643308859456 6.797116032740007
81 25.21562819487626 -31.152661728460203
82 -69.13049324849902 32.45152532509013
83 76.39001921199127 75.2082515874728
84 88.992864520636 15.605613096608991
85 -54.07024470473034 99.76772902094703
86 81.65689799899994 -82.51162377502862
87 -11.022249785442682 -46.42493901420561
88 66.15848431596848 50.177725512468356
89 -17.986531693711555 -47.070009417399405
90 44.963326674780745 37.80055557902213
EOF
