DIMENSION :90
NODE_COORD_SECTION
1 40.864688174068334 65.59288129792978
2 23.021110663537854 -13.952026924346626
3 -84.60194341958223 60.607214496116114
4 13.673571807696746 19.295048999633607
5 -26.15459351097907 75.7917555492981
6 51.90108898407695 60.2368653996343
7 96.45275826356524 96.96826885218744
8 38.62036873600519 42.812611483174265
9 -4.991852953732348 -87.24122397036243
10 -9.812880589889232 82.97848781181088
11 53.147103933194785 16.246325777813155
12 -48.18322359738198 32.51892943142883
13 20.69659953368243 -80.95027801064666
14 -5.741800889771625 -98.14559564748863
15 -15.988251099670833 -13.856446976613796
16 -3.368416987382332 10.665431655838447
17 -33.51380536048991 83.54381621439563
18 -83.80634990565603 -0.43353343969576486
19 26.89364257925834 -53.98133085748391
20 -75.10546348330465 41.72727761195162
21 17.944617049122243 18.272665437486296
22 -47.05752812422092 -69.74631122012367
23 43.41894882106385 0.5921301079752794
24 21.193880576200996 -14.696534272251
25 -90.53877171564 38.72822734948912
26 67.03809672278055 -75.67280845164201
27 -95.89705715867647 37.833413237504004
28 -27.452590118754586 -30.511812098377504
29 58.801512213289215 -48.44398116769235
30 -10.985183024241763 -71.7705751124889
31 46.76315291442796 99.93672965244352
32 -81.3967002304945 -23.88045895794197
33 55.0429250241543 3.5398552855581187
34 61.68210696786696 -4.475960953669514
35 -69.10805875380714 86.29131842329144
36 67.52700756169307 -20.6879947106477
37 47.54830868495668 95.78429543526565
38 36.4131194560303 -4.277533000021137
39 60.64482050940504 17.35264617456886
40 -87.26958139504791 -71.3211748766132
41 33.6331736865215 17.001133650896577
42 -18.39641046915675 57.253677146689085
43 99.1007704894435 -61.67927360214658
44 -64.40044916857775 -81.34941472138397
45 92.58307416547177 99.8061216095546
46 -86.54262028114874 10.983161998669871
47 46.450715724047114 -8.468160967998955
48 -70.62294808200598 -64.70377057099759
49 63.677323090445014 -46.06777889948117
50 9.254966300868816 -49.312469588434446
51 -95.2294507162247 36.46981836581065
52 -70.64430592398317 22.05279419254522
53 15.875301900410335 -19.734443602093265
54 -86.7389366930687 76.89091667000196
55 -97.96518559659827 46.30330754132754
56 -15.460802585466737 -44.22996063708988
57 -93.17835344890908 19.610441010328827
58 95.42767378073128 40.46945327436302
59 -1.9725902607221428 -40.1449372235783
60 55.92657051452349 -25.523694967663914
61 78.82647644149984 -59.91039001758362
62 73.04876328401593 52.43004607830446
63 44.80547615650593 -82.09030782620898
64 -23.423776838189298 -51.72819517446783
65 89.47704801437376 17.085962521630677
66 -44.477090691209334 76.26972991458771
67 24.372790587822934 62.765985250715914
68 58.606130773194934 34.755592031425124
69 24.53692946705432 9.632072785105123
70 22.380039611418837 69.32183888839191
71 36.2188472197771 -70.0598579392068
72 -17.71370496734606 -89.60750423067812
73 90.78906197532538 87.15370058423935
74 94.72864442890057 89.49524712394529
75 -42.620046961785384 -89.07386596210256
76 52.37968937509402 -80.7737881777165
77 -63.52106649314253 10.473546430751355
78 -89.72041695799773 -66.18710224764314
79 -52.321492442154984 -84.08057652278846
80 -43.11192460447835 -69.65511747282267
81 -2.985952657514275 20.981519934809654
82 -37.897131844597155 25.15595490264326
83 22.796780356858235 15.410334878335476
84 13.358749181016606 -54.49468391846624
85 13.576049962771023 -58.122250412325705
86 -88.72643802942648 -86.3802944132506
87 -32.15860054527124 89.55328271357317
88 -62.09133228163031 -51.677812892745536
89 -77.69833385459995 45.394628271442826
90 -66.43690559413247 8.887577532995735
EOF
