DIMENSION :90
NODE_COORD_SECTION
1 10.357772147308168 6.929522828161879
2 -7.728366068438405 88.80501037711934
3 -33.445542638687684 -28.36837038945383
4 -52.02807122025306 -98.06265629091267
5 -40.940399608394486 -43.20967203107023
6 -51.090290091572555 97.70874633360447
7 9.22989343568608 -51.97493546405967
8 40.43211194481506 94.47986013228012
9 33.13592200320599 -38.19629814357619
10 6.633736998251692 84.72698555417762
11 36.543327434361544 -42.22435628437198
12 -74.33377693015512 22.529798581032296
13 -42.79367764855435 38.53116892269267
14 -84.16755221120327 52.13821883668086
15 -16.931416777117008 -57.61615690825768
16 -11.732612030035042 -10.046374404777353
17 19.692930515749936 31.062073016273985
18 32.35918711676172 -40.82631349000441
19 6.21800979004567 1.734771316300666
20 -48.334439835263154 94.51410671417179
21 -13.633413018027568 11.585267455280984
22 40.93222786946282 -16.16525427682302
23 29.506652159710256 -6.813319672398578
24 48.92163122833307 -5.838490862377313
25 66.49315410319235 60.220942506116415
26 7.111732169841403 41.50954124947867
27 55.994699246424034 55.622793212967224
28 20.926311109768477 -92.92268532244631
29 29.23611270017753 78.01907089492332
30 18.009628166140914 76.79524900215432
31 74.56435538281724 37.372808147953464
32 -72.83994204224805 86.87656653886091
33 17.971794557802156 -62.96949135066101
34 -78.11135342943791 94.93214432258688
35 31.68746776619858 56.910253172799486
36 4.170301966996433 64.37519772942119
37 60.17345528738676 -78.64283219733011
38 -73.19322624280713 -50.744293876895966
39 -8.65987937268784 75.23198950147955
40 56.92216976486546 -2.6714891688286713
41 -79.47955060560102 63.08741001676154
42 68.46334917224479 -48.926909098582904
43 55.72042853089988 8.826069416569823
44 -81.82097312911674 -80.45285051786466
45 -5.1112626465435085 27.022956956276104
46 7.403092179098607 18.37010575265488
47 69.42584242904292 -37.86574014366586
48 -38.93094482120043 -69.203288070475
49 -7.121006019349025 48.10353948634153
50 65.73428162084284 -70.24493941046985
51 -20.25385723760121 8.415391553643786
52 99.99407719549217 18.887333592800502
53 6.5385881382702 75.43557407570444
54 63.51732702920788 -99.9543549121129
55 -24.271580180738255 -2.0840940721040084
56 -34.963035314196674 55.359464992739106
57 12.93363898694362 -73.16892493369483
58 -35.01996030080166 -56.09485946729027
59 -21.3297202774436 -77.74628660405334
60 -14.976187834844652 -43.827930832614136
61 -91.77259161052422 -92.23692818010232
62 -5.28422449689873 -56.06580596177342
63 -93.30248185983618 13.921721892176137
64 -35.60287204757809 48.79952304546285
65 20.921319618011964 -1.356211423534745
66 -65.97924680717617 -10.375592797337305
67 -13.91747755956851 9.817231220090946
68 -10.943665016390284 -62.85653373037896
69 -98.08519614572859 -35.66817525738438
70 -42.47320393983938 3.5799979637128416
71 31.95962799698944 57.703467088961304
72 -53.67819421337898 5.6658387267436865
73 39.04025122344751 -10.225411025642032
74 20.28570086616446 -78.58624357715165
75 71.09372661762643 -5.49053613105805
76 -5.821346217806479 -45.850660153128246
77 -6.270679994425237 95.69223222302656
78 55.461554924909905 -58.276376560010725
79 -70.64167551085737 -24.625377927759274
80 -35.04339187069915 4.4916120227223075
81 -92.53319225072829 38.20933161863718
82 92.78718886154678 12.55599206724871
83 56.57933122165525 82.34410041995079
84 -61.39787277511552 70.93933203753775
85 -24.311583092185813 46.34061059257587
86 57.9410456967974 -29.23782165754602
87 -88.59917642212677 -8.378630007773964
88 70.69907360585188 35.16852626428195
89 -63.22141256999048 1.236853236591216
90 63.00069997139451 0.6541361791777547
EOF
