DIMENSION :90
NODE_COORD_SECTION
1 -91.5703567910183 59.06862798152204
2 -96.16555342897183 -18.345377557349906
3 -29.218816238405694 -45.1107451825655
4 60.88178246379897 -73.01826558076678
5 -46.029559365252084 35.443353224350204
6 34.92901903995042 -16.154157991694817
7 -48.78249135432504 -8.61767324215728
8 33.03656953663523 -49.40552612248488
9 20.1866439616538 25.343521345345835
10 82.55099397299534 -49.797956473751825
11 70.69428706708052 81.4670530297484
12 80.9358593945212 -82.89319859141611
13 72.65434708271104 -93.05669233803435
14 7.358963536731551 -35.34672410330954
15 77.69928123039728 -40.218200312839315
16 -85.81834700387405 -8.430815527266006
17 67.64238089911024 48.281098996686154
18 -98.15249876636778 47.81981952893136
19 -56.07693001903527 90.2186610464747
20 -52.73074888063929 73.3469973348187
21 54.40359054065735 -86.43159446466149
22 3.66449244344993 47.613711710945125
23 -82.63788798829935 -14.407041272851842
24 18.89204282661028 -56.460311488414014
25 47.25374303392783 -46.55343475387208
26 29.692573816791167 -33.6728770319736
27 12.787546129843719 -93.03631743359722
28 80.83868457614042 -24.160099069170442
29 65.09426988810588 -66.90256314573087
30 -8.948984182775234 -59.38624325016719
31 62.23593044587855 21.511016131230562
32 -58.361251651427914 -47.76125268345539
33 -13.964899522516788 -97.88565036219701
34 99.17423444170538 -59.230390557005165
35 98.17823038032523 -52.122736850485715
36 0.1131801628083906 -25.01642779067656
37 -85.22613629372628 60.03955521335715
38 23.12325598483301 -94.28074142171654
39 92.02330056402636 67.87738165853611
40 -46.01422300959197 -83.80562219579323
41 10.387664660887125 21.474427225674006
42 8.286292564523848 80.11399685799594
43 -79.38797401364968 33.48543474210254
44 -81.28802275080855 96.54518988092903
45 -27.80628775479812 34.668688382340264
46 16.624765685658446 -30.051988835011343
47 83.35850604774194 -51.99686961811083
48 41.681165434492385 -65.58335915344605
49 31.33507155920529 -42.505144386756164
50 98.62096983195266 -16.901110093653244
51 -57.305599322559345 -49.68324219588285
52 -53.05124224336477 -43.07404771187746
53 -54.25227984100602 44.714223029328934
54 57.08365524808946 71.1987010664871
55 -89.5272001789449 -18.851243077841985
56 -4.345672542420417 14.240649189606899
57 -53.83476290720153 50.4405749502902
58 -87.03222594357882 -60.758133791844585
59 52.987778672181236 -39.789841779278646
60 -2.7179558741075454 -11.417804338627647
61 30.81733514346402 -0.2920826166618866
62 -66.63538328378449 39.3361249501784
63 37.265944818457115 53.160149053731175
64 56.919594785906924 -60.674173778087905
65 56.478453413342436 33.048460455813
66 31.818635123819377 15.002804729618788
67 -8.713790288300856 -42.72095606531896
68 93.67192813545248 75.60281463412201
69 -76.47723179647762 -22.012908990053347
70 1.1271599902046319 -87.5673558164054
71 -99.21599132387426 -15.23916716481304
72 15.386029941151435 -2.188553114701449
73 2.6417245844123585 -48.64137700315432
74 88.77928048206323 -74.8965360654352
75 15.29627786023569 -27.46832403238851
76 -15.157025891880949 99.44290007999217
77 0.8804719415775821 -53.6459693946749
78 75.19013101581865 88.16587499981358
79 -13.896621926323533 97.50045499248517
80 62.57350958712507 70.62837877151841
81 -85.35062705093002 8.201950272550022
82 64.88685170060538 -10.996685861412004
83 -91.27574843707218 -73.85223746235683
84 -38.54656193313173 94.81361662394335
85 -32.63315144525242 52.39167290339128
86 50.80244496784135 10.372654472148966
87 92.6210568014323 77.35950404479718
88 98.23502622314365 -20.032876757448562
89 79.38986999085336 29.3439079751042
90 -38.166209586903335 72.53161959542979
EOF
