DIMENSION :90
NODE_COORD_SECTION
1 20.1011381566735 78.61500704569931
2 -0.42646090808489134 76.96849993867636
3 -5.822796807135049 57.01569760888219
4 12.354199920864815 98.62455227136445
5 30.650140809661252 23.262929840233554
6 23.13474295876965 36.92827716093234
7 65.47966489305784 28.4368070347696
8 15.847617138805688 63.52613609351528
9 -17.60780562918707 90.25965478155203
10 -46.33662196211117 -18.234473605371363
11 -30.46421831111128 -34.06289600596031
12 -11.972762139423466 -3.4711961300199192
13 -85.21963756184299 -85.1087860223859
14 -70.1086541182026 35.81548908097062
15 9.664645212079975 -95.36123308398716
16 -97.14886718800511 46.56392679036034
17 -98.28270023843008 34.35694137504066
18 -66.7545257182253 99.11806735944583
19 85.85694052581482 -96.78222907878246
20 -51.117901425885194 77.90883472006885
21 -42.19836400863181 34.361602135020775
22 55.90112886533208 10.333816826926096
23 65.8955954870367 80.41911697577677
24 42.39132482358215 91.48291483201578
25 -7.513070987312062 -17.219701216014954
26 17.725007539468507 -0.7282456166577447
27 -28.032859420593 -65.65204713876957
28 -61.820627269216 -37.29131483784749
29 9.809514525141495 -95.69763198462861
30 92.26333286674924 45.43524291023863
31 -94.57994143477654 23.442809149344953
32 23.270659113740308 37.3440456030643
33 1.3413974781313982 99.96053640804678
34 51.93172377141997 8.992161629390054
35 82.3263295438538 -61.9627752195322
36 -71.36225698135948 -23.30803676096005
37 30.024549274214934 -34.548440631475756
38 -7.437054728676017 50.57569392324538
39 2.5024760969618143 -58.58400413420917
40 -55.88835640235572 93.59386755249835
41 52.54273399915772 12.154645835208981
42 -52.53115703519124 -93.67813155130835
43 24.646324538892927 -90.72767917803586
44 71.63443082055196 70.61297217206581
45 77.88725590327533 44.7538736803032
46 51.17269226082806 34.550246420662546
47 70.2457258577351 46.47203224505711
48 2.0103789857254526 1.813791241603255
49 -90.22725009741404 99.37085215400433
50 62.968175204110565 -99.50618211860353
51 28.915504519487115 -89.96873835200239
52 -49.68812460696683 -50.45588970615582
53 -29.440659730852616 -3.8861174997748122
54 -89.53869421931573 -84.51541523151407
55 87.81889809235906 -82.78630680418415
56 -64.90361840522013 57.625612652717564
57 -45.66259896218992 9.949907361142479
58 -36.748511756578914 -2.9991376949145376
59 57.829688808412186 -32.34628767031158
60 -63.409320179469475 -87.64049083513254
61 -93.16884461809119 13.805412182950178
62 -3.091995989082392 -34.01729052980555
63 19.09133621316184 58.41167842979871
64 18.998637916796014 92.75328436759261
65 -20.222621222436544 97.80263331511787
66 57.39814893227896 47.821628850858104
67 58.62931053023533 20.86758419464205
68 -47.91120754728482 -98.62505883361167
69 -42.564558281005404 -81.46276249435324
70 86.12327027752175 -6.569117440788801
71 -77.32708049956894 -41.64066166262781
72 -82.78207180159576 -82.75908475615745
73 -97.1150387251267 82.3037455282363
74 15.71899528162129 -13.197428033213171
75 56.342832792618395 13.47191788554018
76 -67.05303296184648 62.1439384550566
77 -78.23271616293412 -83.82499379511366
78 96.77583056646102 -44.542164610403525
79 -46.639401764058434 -56.11633010181023
80 85.4053847582777 -78.1729313750583
81 91.12709070353412 30.8418728604413
82 65.6364585413802 -49.80368405324824
83 -11.563620697259338 35.67597163375737
84 98.56042257819976 -86.58979774453502
85 51.01032649501067 -70.88058321519205
86 13.425914576926374 -89.44876862560807
87 -45.008844062411015 -66.98746654691101
88 29.54730739422638 -59.52475267493911
89 6.47474055709354 -35.97413002751158
90 66.47094572053405 -17.64376174917659
EOF
