DIMENSION :90
NODE_COORD_SECTION
1 45.0266081438138 -4.082854384151474
2 9.587053747285594 -22.580182410921452
3 75.2580439810757 37.07477819910517
4 44.425837547506745 18.13640857203282
5 -55.93826468686676 -86.92092868675229
6 -34.467017412212385 46.69101469115836
7 56.29599457961311 19.453638314131155
8 -84.02607939703014 -71.18524315207307
9 -76.53028334091758 93.90868193033526
10 -6.172069672722145 -45.706488463704616
11 -65.49059774347424 -2.0952099725930537
12 -92.81506875521015 90.8298574189293
13 85.31310151411802 65.47690821203722
14 -22.504787563769924 -1.3381362396555971
15 -74.62615571662485 -57.89713859711085
16 -88.23827553203733 10.461494189182389
17 -25.518511813236856 -17.30999131547574
18 24.41590837917809 -82.05067050633892
19 38.488667065103925 55.29250617865665
20 -68.68025364010299 -25.173507671416417
21 10.352942417675038 5.960793517385781
22 -38.811829192964886 25.03861395246838
23 81.14390927841222 80.16401872336235
24 33.82764489599995 96.0508356518819
25 5.4305101248314855 67.51511428737967
26 -60.06182736440571 -41.273124597233156
27 -33.55955397197958 39.06729491720071
28 23.827641718053087 48.569176150339075
29 68.61006318047447 80.23988865437963
30 18.238956271086693 -32.508642938893445
31 -51.38035620006658 -12.529594639689591
32 9.591920588088001 -59.04190832789433
33 40.73577433191966 92.97881645637523
34 22.29346787012571 92.24178374394722
35 58.25868560566175 9.569098720536545
36 -97.62864845959417 13.709239876263823
37 60.09942275596754 -53.8178290269119
38 53.53798576061794 64.46586249795061
39 59.987908250579125 -65.04661311546934
40 -67.10729341333027 -95.65128173691213
41 -94.46021387411025 31.816799513317164
42 48.822212499924234 -13.825933743933746
43 -94.61366056742249 -94.76245984507419
44 -79.73933039456222 71.30887526302209
45 14.798399656880264 11.442626178493015
46 54.322270989289734 -91.94997961975444
47 -96.28827256963233 -30.440321569764592
48 78.42090504954137 17.95881215146889
49 -74.21209924395762 -3.6380615209492504
50 -76.6571243890577 72.21267858622602
51 83.12127343932826 -62.14272084036694
52 -4.659620675799374 8.199798420145527
53 -61.570773668244016 -56.25234918167921
54 -1.8351035448630881 35.996570858317085
55 65.03934590320574 -29.175204540157836
56 70.06123970241677 15.031910407559735
57 44.71390970070223 72.65683397112775
58 -13.90539898540996 -56.84363501607368
59 24.32842713270402 35.459635150835055
60 -57.21553599795779 93.4981113490141
61 24.647721795648508 -46.16426215553226
62 89.87078992346557 58.90202580587328
63 -42.08049549595947 5.102811816743994
64 -96.86044540136953 19.411994731838703
65 55.73191106285128 -22.777401862429784
66 -97.41389931245634 -64.82926813415668
67 -65.44178237673185 32.88043669229725
68 -88.20347870909546 85.27548213195183
69 33.638279301598914 -48.945597965349364
70 27.278718334475727 22.54191251318285
71 48.32296331862764 77.45234608990509
72 -79.42361662042121 -5.207259369184797
73 51.73437912719109 36.48393782033054
74 31.35075351971176 -4.798430377263088
75 48.57120577173612 -90.02586699451112
76 26.21647272927588 47.38649923017488
77 -62.88495204186535 71.61334676439907
78 -4.030471492880608 -94.63781111859826
79 68.97029944812104 -18.821219239369384
80 42.94676668415744 54.12306959678986
81 -9.203470063818159 -11.149582770726127
82 -29.391984831396115 -66.45555497977156
83 -71.73100683824899 -22.515825230283482
84 -70.96650464589267 76.45233847138988
85 -70.2705531264094 79.49388852066662
86 92.88067585256078 -48.873016399991286
87 -74.5340636548824 -54.967236694658084
88 -47.55368974338523 -70.83111044743076
89 78.2869009286714 -90.54597619367861
90 -16.168990620000656 -38.42947603968625
EOF
