DIMENSION :91
NODE_COORD_SECTION
1 -14.193069858182454 -89.98735512927838
2 -83.32814712671377 -63.64102010704107
3 -24.407098534714706 51.424336609232085
4 92.41968216461169 -55.26190727684281
5 -56.26206745758668 40.80617557554925
6 -10.090332211668596 48.19929080415696
7 91.66713796101357 -86.70585075833992
8 -29.2563083654626 -73.8226521054981
9 -72.31424335835723 -92.10352920475214
10 -6.248812220314932 31.678166134317053
11 -51.362894675428116 -26.532388676214353
12 23.29631900332025 17.341476184059502
13 84.52231459859249 -32.202974675511456
14 -11.840198314274872 43.036801201104
15 29.208057634195313 81.19065496109039
16 13.828675902526186 -84.39090029120808
17 50.07502789529093 37.21255202886334
18 -13.621163876641631 -76.69537997350422
19 -79.56341024712972 75.79284961478453
20 -77.26331582698958 70.57155852177851
21 50.78337105622532 7.697485719968242
22 -80.04215401444608 -6.655842759890973
23 -91.61355236055242 -55.605951170961255
24 35.262444589901406 -59.417075674540776
25 9.51798243907507 53.63730673922319
26 -91.0819579432834 44.757781611791074
27 -55.47495934462201 68.63690018204863
28 83.66281439302759 72.12495902701698
29 53.21865683522202 87.45884448257507
30 -2.786830819391369 -56.937515783234495
31 -93.48306180439465 39.35151019582506
32 -71.4984061432397 -56.60670484410488
33 70.00742211483114 65.97582317118307
34 -36.358005811489534 -90.46104799855624
35 -73.9294050258087 -31.941541663002695
36 -85.7785602437594 -36.488985419391696
37 13.43294759983678 1.7759337798688222
38 68.3687393740716 -1.8387355078689467
39 6.494532158909379 74.21646823479904
40 84.15185082966659 68.77595469890741
41 -98.49741674282457 -16.444345804702778
42 45.20768181730213 -65.98664754164764
43 2.6192589185184687 -22.879065281127126
44 90.10942803022829 7.347928969268878
45 -91.84178965962484 -40.69094765816237
46 99.82811874358956 -70.40144819732141
47 85.74114518567575 -28.64040754867851
48 81.74664588888982 53.78216562579556
49 -5.147781036880119 86.2768792836896
50 -75.96395411993804 -54.55152953506675
51 66.24454957070873 14.731553067847457
52 -89.19453555852456 -55.184838124688
53 -20.120178454895537 -98.4378710733047
54 -13.71128825772172 -88.56258630419187
55 -3.4416150829996326 7.536001072758069
56 35.431918203480194 77.80924996816088
57 -6.876046461193525 17.318387719699217
58 8.598342659503587 75.20863764183267
59 -72.89657307667736 -7.863276751386877
60 -40.291986863822515 63.26208287229639
61 -86.13095362658807 94.41715544922619
62 -10.018719552296119 94.11865126475195
63 -62.11341144299176 -48.291203902037296
64 93.55717686592027 -27.212662567702964
65 39.33986889022489 98.50044413606048
66 -13.391227595778261 -62.89414707146535
67 18.398422469928022 -62.92635368891193
68 -31.820527599196197 73.97284423301016
69 81.62174753777225 92.32486443970399
70 -91.184316154526 -87.11026789212077
71 18.470096492905668 -99.47125231756793
72 -7.827160021904717 93.5223958558509
73 40.61835117012029 68.30347528685715
74 45.123356470355446 -9.0931296026248
75 -57.25392687190134 65.57818288067693
76 -16.503352677943695 -99.91246635544913
77 -49.29663289210775 -24.84836257766068
78 73.43288724103775 31.390027409484105
79 -88.57119781002947 -88.52967395542466
80 -37.56623324803636 -51.80450834731023
81 -51.277794868328705 -57.456878733381764
82 -30.45493552510709 -9.003470650779548
83 -40.04842444200367 -98.55105237481736
84 -59.29258081318112 74.6795814985278
85 -38.999861976335424 -42.31730065244752
86 73.16321050725654 20.392238403115442
87 -99.76407677281567 -66.37609941095168
88 91.9090884231718 89.0183085581809
89 -42.987033846519026 97.70153478527749
90 21.535192950733915 20.197325200693086
91 -83.81032571241826 -56.63230314640513
EOF
