DIMENSION :91
NODE_COORD_SECTION
1 -46.263264134312635 -32.35115308203463
2 25.874469081585886 82.19677367667208
3 -86.65568968333912 20.552717850820002
4 17.47040414825254 24.006421935863102
5 53.71414919461694 84.2302962330404
6 -23.722188545545706 -88.50862059382416
7 -78.0370776718508 -89.35876739430783
8 -74.06356076458376 85.07248324819739
9 12.45211203559397 90.01263225175555
10 -86.94661136912707 -82.17294500925894
11 33.07407292736667 -9.286675648228197
12 -40.29433211397784 -77.79824377061102
13 82.49181905114972 -9.228098507036279
14 46.44291308117246 -60.184922021777766
15 61.2634223141917 11.90878702485496
16 95.30328635068426 -33.66690919826843
17 -46.741497573104155 -18.0081599158528
18 1.457055345219871 -30.933787331850056
19 -91.49914255221792 98.11392376823744
20 -77.55613675614705 -8.151289990522997
21 -65.45220741076163 40.03001014462859
22 75.57138978771175 -90.07322550625273
23 60.74333208017478 -7.519554263176005
24 16.894536529940396 -3.004895104628318
25 78.15906278158823 74.96602137144677
26 -20.70409726637787 -2.814119217307919
27 -22.237212611436917 -51.170385083267455
28 -67.460116120983 56.72822101772033
29 10.33199288894484 -25.961830949132334
30 -5.225738692955815 63.16014480005225
31 73.85538896865634 -78.15209108828742
32 72.80468892970424 64.38921176532827
33 97.64259460625274 -85.42532258758936
34 -62.430853650149665 95.56204986025642
35 37.088435905876736 -40.019573211890844
36 -48.409146435962256 -71.38298648889466
37 19.01498847470495 -24.67416068477479
38 -43.210168647867576 -22.44169637510494
39 84.74103314553534 -45.07169948135326
40 3.884748767384167 41.9039954099413
41 66.50509888547006 -74.8967364645593
42 58.71834504351742 -48.575669602940884
43 2.594926092108537 -48.34363163033228
44 -43.80878307471807 87.20090162873225
45 -52.48735450813151 -82.36748084579276
46 89.09037126511427 -2.7987701587816503
47 65.73164379305416 72.81733751919609
48 16.95046597622563 98.97739394846477
49 -88.92246992575102 71.52540172609599
50 -40.81277473869691 -32.23854618333819
51 -11.507735299330605 -38.501273476867205
52 -2.9058527515813353 -54.85562174643317
53 70.9170226305651 -35.721911624165
54 -49.104926577832586 -28.310632669154884
55 -98.74399051804168 96.19877170358487
56 -79.1031649522283 46.24441241761832
57 47.8598502072513 -80.7986039277641
58 -14.112268854567048 -54.61693996039121
59 1.693943577572881 -18.06237765069396
60 -62.7208433881957 -1.683562784839964
61 -95.66645096996955 14.189447480190935
62 -5.910780740242274 5.783554929102593
63 -21.845965787069787 71.41003413422538
64 -8.281145428279757 15.841069654164656
65 -6.438707772270476 -8.767054771449835
66 -33.42764443629112 25.137722491850937
67 -47.16620759149415 -79.91420525304261
68 -31.074024596981985 -38.827319012600995
69 -3.875584872064124 95.5833485639456
70 -71.95035910157435 -80.79885313042482
71 -57.60325679771003 -70.8358120051813
72 66.43851816097057 -23.135395404513744
73 66.54692641349305 -76.52586018267272
74 -85.88731498413536 -9.712823720714624
75 83.68905744941804 80.28866928048359
76 9.294687807503863 -12.70639489718701
77 62.55824649017836 7.305523827109582
78 88.37639440772418 -83.43158835416256
79 -77.78754420837137 -84.07191595322251
80 -34.061914064307274 -14.010065452418758
81 79.6904121807288 -82.80129844790667
82 -15.315768568062694 29.036885128978582
83 -88.9902326646083 69.33063039994701
84 75.51208899664766 75.07921574562675
85 -36.134000473629534 -92.17394643251839
86 -90.46928823246661 -32.470822002271575
87 -82.38070613550488 97.95679766912573
88 -53.30043048880708 73.24236393036196
89 -75.36696191631074 -10.576543366459234
90 -10.142510232106844 57.22276381278908
91 -13.245687047898741 24.297599831507483
EOF
