DIMENSION :91
NODE_COORD_SECTION
1 92.93577554282689 -99.93818169765167
2 38.10297146548976 -0.7030529386001376
3 39.87261528516339 60.15648303026231
4 -28.34570840426798 3.3338701827630786
5 -48.78040361931157 -60.11244899361834
6 -55.36929003520852 96.747059315647
7 -94.83358943696246 -95.87879853641877
8 -74.81848600875895 44.32685126677612
9 17.548159580643357 -70.13497367875328
10 -15.165067231126102 96.64720066032643
11 7.784585474223846 -78.21650188827846
12 -65.3205960491035 -99.42632193759306
13 90.1864421260004 -68.79287846736375
14 -27.770027566120547 85.71693333484535
15 59.946670461226375 10.111069314288116
16 -77.93302202270036 54.108264157014986
17 -34.01444116754769 30.953279378484496
18 91.81084518159989 40.412893274174934
19 -33.079371151992916 -66.07410306537484
20 -15.276876982220841 81.28580784595923
21 51.78356733704487 -74.91189624908567
22 -88.79926298269147 -64.98615901603128
23 73.70809449163866 -57.987591136026495
24 -76.34319665841649 26.37691066768477
25 -7.33582523145742 27.990562242933507
26 62.757968886494496 -43.29963325423605
27 -47.58438329690118 -88.49072380496929
28 47.71486778307133 15.359381676794825
29 27.229593223732024 74.62000885741219
30 69.29870159235 56.53545173513362
31 -34.53179536223976 -88.0088051345742
32 51.48370056388728 63.814126105831804
33 30.04382172158563 31.84524690139625
34 36.09159723743619 -84.74784705417615
35 89.821392575615 -69.35316657632671
36 14.54096561263259 82.83122872902337
37 51.40258536854935 -14.677072660324981
38 -18.21928569734385 52.75470141959599
39 -62.67189213902593 -50.040775317339524
40 19.71369802582923 -63.167427535811036
41 14.586169173741737 -81.6684720373676
42 30.89286355777375 60.23919077772436
43 -43.583438568434694 19.294873810316233
44 -62.000996980499146 57.2171934231456
45 80.75143834208873 -51.03289119548036
46 -59.41430851420672 -16.159838054853864
47 50.235429295725 11.807769725431783
48 -22.19641527726938 -34.26433622702322
49 41.619242251046586 42.10716814333301
50 84.29274970787756 -61.29067784202411
51 96.42256425911606 8.064612581417109
52 46.15839645495703 -88.50030979254223
53 -49.886498610482 62.548798988783176
54 64.92176195682333 82.4326341099229
55 -96.34649523044804 97.79746655770518
56 19.564624407555954 75.53325068344017
57 49.10817893496167 85.7274182354754
58 -19.73761566132619 -73.30796431993396
59 -9.874005150614963 41.19014329100685
60 72.12726209879858 46.77147957323032
61 -91.56155332188625 -67.57768839884525
62 13.259686821765342 16.078030567872474
63 19.13681923694206 81.10445811090366
64 58.63255457795893 -76.5864640290863
65 -69.6677783606529 -56.144761785071104
66 69.80958165732994 52.95942964942472
67 -23.0928457045803 47.65274636836773
68 0.2255026924355974 43.535750240278844
69 33.418402457596585 63.5883633072973
70 36.73251160756959 -2.683544931464027
71 27.812698577587952 -53.47721946842044
72 -29.65622357088131 -1.1287477501460899
73 -24.532016614008057 -57.37225054414616
74 82.58159537311764 -79.55652951455949
75 32.17487450179769 72.46139040101477
76 -71.43584835205552 35.66238383329039
77 25.02434368268871 34.13866440767873
78 73.9414820010428 41.42760165080409
79 -38.2307437508365 -60.676981984746625
80 -99.98214650846013 -3.50792045090256
81 -57.92105761489772 94.17894338286797
82 29.874196601929356 25.30947347483759
83 98.20758835310747 -31.910509772026828
84 -51.96903599773375 7.00053168900665
85 77.94869092406168 -45.14328694595231
86 -12.83180809571391 71.83234117030383
87 -50.6504394780517 -75.73281460671527
88 37.646204214875155 -38.60666894044928
89 54.51119333295341 86.31862420923821
90 99.04690734632766 -26.314162831147186
91 68.90062120933513 -53.932055804905744
EOF
