DIMENSION :91
NODE_COORD_SECTION
1 6.136261263333225 75.56660268601203
2 1.6035024525711918 13.705551079226524
3 -89.98152612684135 62.354497237527056
4 52.9778205948314 -80.77676817418791
5 88.87830960449767 -19.108936228662856
6 -12.59455150862425 -14.185590870137062
7 84.9814686207342 7.839163681235789
8 -20.8222886384346 -16.4594307382786
9 -82.74404891762256 86.98456610782824
10 -93.3854948651259 74.44995571609098
11 14.579368253298014 27.434585680056813
12 38.9249225771629 -16.319869292180186
13 -8.4157051567976 -87.59732039642132
14 34.692999505050636 51.44984109875759
15 -5.497565766604382 61.38299139797297
16 -75.47116135688327 85.79495058031284
17 29.919892039340084 50.43286200711714
18 -48.598047863656 -61.557764732088735
19 55.917398969792146 88.44531334873619
20 -75.59974750358711 -39.99613067220202
21 62.92102525883732 -28.292236485059192
22 -94.86536761129558 -44.28541801624477
23 -99.30973546668918 94.70707133211945
24 -9.264291187061673 -40.77757760399279
25 18.222136516352066 -17.944734699141023
26 83.36578675244311 69.48321189704771
27 -25.048588540555187 -75.42578977597483
28 43.39571928834454 -45.402221995263425
29 -45.52135534469346 -48.00834919586321
30 -88.12710610101723 16.470133305932563
31 -33.840752001522944 -44.63489592466245
32 -42.36691200605258 31.453884714166236
33 -44.76153365897122 84.26403815735173
34 -44.61438965818822 -65.30687684408609
35 58.81860111657943 -13.094971873569321
36 -66.67245617294917 99.65316037607016
37 -57.20359344190411 35.848417456655966
38 42.31968158559735 -20.624454381565954
39 -65.9897907512713 -12.470700238593196
40 -6.616982108946431 -77.71910612206838
41 -77.8122537973093 -39.19051168941727
42 86.25160630739822 -47.11803725976043
43 -52.112560869244426 -12.098620421836472
44 8.943728552056427 -83.44128935302702
45 15.477200133765564 90.4285653741675
46 -73.20974754799086 27.585924265860257
47 -25.703423719448026 64.05214700940991
48 99.08539263582017 -69.10678479241233
49 96.49956284301257 -82.99419756118105
50 -37.49830360589843 90.57611288409413
51 46.676884471442776 1.0466312399172892
52 -97.36223425507451 51.966204972550145
53 86.20827322196223 97.7429893736651
54 -1.4564578362792417 89.10713812350784
55 -15.60330116887205 78.68443122663393
56 69.7948078082446 -54.22739418560556
57 18.78810084726888 45.11313821613885
58 -18.335048345331302 5.701195380981218
59 38.68180602372996 70.64005639311785
60 -28.83135743009558 86.51240587816426
61 38.68827019912368 20.12318274298599
62 -54.771337816157285 -58.193162885294726
63 43.29238657916591 -1.5505051793932978
64 71.9436712048444 77.24287676272371
65 -61.26774347370814 -5.124059235765202
66 -63.088773208592805 38.92117252344232
67 5.104681930295186 31.749197293811307
68 68.78701621872932 -83.80275322687712
69 99.46045205354176 0.8376947637484022
70 -48.262289563498804 16.081654826606865
71 -80.24623595992544 -23.826241308221952
72 -62.82846488008562 -87.32380863287008
73 -60.13796689749016 -70.7824673216816
74 -56.89289122920243 -47.36625882546288
75 47.493535906501194 40.31854617666738
76 86.76772158225484 6.4182593048232945
77 39.652213410724556 -0.13517618956893784
78 34.46478075914544 -4.819277115685111
79 -65.5696964253282 23.173500536497244
80 72.56069037308924 94.35561303540155
81 -56.74883793423122 -34.9090626060069
82 -95.72195886979455 -82.37810370843724
83 -85.71388202080321 -86.56558473100453
84 -40.651515210965286 18.66123312254257
85 -94.37916756593545 -35.178416721502884
86 -33.02872603823248 -86.8146057346822
87 75.84814528991029 -57.90214431238394
88 87.27802059309658 -80.00610181275573
89 90.11596709021504 -0.514044733396247
90 22.476744676099386 47.36184718629468
91 -68.73964501880133 -20.253922228839485
EOF
