DIMENSION :91
NODE_COORD_SECTION
1 -78.08875081936233 -1.038418775873339
2 29.726056163331123 -37.47171158175655
3 -25.09446005996911 80.30342370834737
4 -69.21211138727253 81.557757443176
5 50.659053553484085 -96.84117154159684
6 -9.983801334601424 77.6208457075528
7 24.777598664908382 -88.00727376792754
8 96.87829921694197 43.71158720467133
9 -83.41692567588694 -58.27550372450665
10 -51.58950468888555 -75.0002743639183
11 83.89635436590913 1.6744939922582063
12 54.257619649538384 36.80788381121562
13 19.701039548553 71.93984784112988
14 65.63024794927418 22.938507743819244
15 80.94316595494774 42.11279679160381
16 47.20403547336895 -44.93530881889447
17 -47.4264370084585 71.66900924826268
18 99.46260836776958 -36.06194949588533
19 4.0411212465549795 -67.98271011618142
20 -91.2883367858101 -85.54410980605745
21 -69.20323156826957 -97.88374345081084
22 -47.03137583004051 -10.831033572432005
23 -10.030452943041993 -67.27250061862011
24 24.158842770744116 28.600197007122233
25 -62.77224605183302 68.78890120396429
26 40.5257399877824 91.78374232247629
27 50.9395647099617 -74.94416723822795
28 17.888945393921702 -53.277050304510176
29 -9.900701715331323 -52.9280365792355
30 -55.638946503518014 78.00472119586425
31 74.08691162461122 57.69551624133885
32 -39.63989861947375 -92.40312675136944
33 95.17989324891852 88.82091897636971
34 84.23154299437078 64.89422560906351
35 -21.16166316859045 -71.40029674580923
36 -56.48002776959791 -86.63190284817756
37 92.13550275278243 -23.621223952337274
38 -27.09253680550978 -56.28695059731823
39 -32.69226404222614 90.73806160354408
40 -77.93809564277517 77.17370648220293
41 55.24918758497196 -59.57629345245115
42 80.11530629564282 -12.226403885190052
43 52.878349920781375 -76.362965650899
44 -31.781337882599843 48.45700388863037
45 -41.345073512904065 8.053498927008746
46 -22.40361360114416 33.69386865556692
47 -97.87275497804688 -37.88997611668077
48 -62.24997788692317 69.88682746178367
49 -33.758190122872335 97.51305246633837
50 87.93746966872607 -85.04138312596363
51 75.24832268620395 23.583803038656754
52 -5.219551114539243 69.78704970891764
53 -43.61507065924917 25.971241112049753
54 9.829605163252637 76.69384311034682
55 0.13011379261035927 -74.57265543588802
56 93.14313544455203 43.982678635739376
57 -58.34085331480927 46.75329684702976
58 42.411410348486555 -49.439052963024885
59 65.24461328970483 33.68934152070622
60 -38.113375718856425 30.968607173668545
61 93.69205226494938 82.43502425915216
62 -18.646907118526528 -81.32324988483987
63 66.5033906714389 -65.34931705008162
64 -7.3997032224483235 34.307454306689266
65 -66.68769617536827 70.20507825232741
66 -90.66253583206532 -54.53436224286088
67 93.23726329896229 -29.401900749809528
68 76.2149362321039 96.16260225058443
69 96.14964811770045 85.90157931228254
70 -46.405855678223574 6.35009379276454
71 -11.544298910865365 31.225287809113496
72 86.93465688420346 -24.127241700180562
73 -66.15714918098206 -36.87073898184814
74 33.14323936484641 92.18585788063277
75 -31.457668488696427 42.06766627118665
76 -39.04357349326275 -62.52570976387024
77 61.01176397432283 -26.136544495389714
78 68.4047841713431 18.347955130308762
79 37.54267616036344 41.37714594514617
80 -32.36657124095359 0.07752831351230327
81 8.149829520189215 -13.052851181467489
82 -24.169894664573405 -82.62611628992518
83 81.20045059472483 -13.15696750237818
84 20.73853906082701 55.00334380843569
85 -9.406750392267412 -29.112667101244696
86 20.211443660036437 -55.92988119029647
87 -24.101356356172147 83.56539130282019
88 -72.515883033188 -96.4137745378239
89 53.72301646536576 -42.64305576254475
90 -52.6739782620965 -28.011663548143147
91 97.66163187790798 74.6871172153283
EOF
