DIMENSION :91
NODE_COORD_SECTION
1 54.411754961480796 9.274379587486152
2 -90.06060859983629 20.848038374438232
3 2.343838614791707 71.51083204734545
4 20.492362625081157 93.03134965078524
5 -10.077711474755134 82.72117859654512
6 -73.16209519390435 48.49484597553001
7 -24.495425450788446 1.378435417999384
8 -59.76419738115417 31.772790352913802
9 67.08119899308127 32.60593422355669
10 -71.01533739695192 64.18426083270018
11 81.94298008585756 28.987287032515553
12 64.53297712665474 -82.61467642086093
13 -49.308665404142445 65.45722654331993
14 93.05199641008744 -57.46413631073244
15 34.3232403070333 -41.77431927296795
16 55.59657704983013 -13.540766312681669
17 77.22413344770715 78.35155332162282
18 49.706802058570304 -52.538003928222125
19 54.253556478814545 -77.50330478808296
20 76.27971587901624 -23.979981275911726
21 -13.290067198758663 -53.44530826117362
22 47.76709243862166 9.326307564718235
23 99.81240991275718 -57.736913407828496
24 47.231701448537876 43.73501200638697
25 73.43928133438487 -57.4282832402794
26 -77.47889152386733 95.42504530793124
27 -1.7859863906072064 78.4540076159376
28 75.79458419218733 -22.85408538947506
29 -9.3684294887521 -21.98804459517693
30 65.86531788000008 27.697359197698574
31 43.76915484962825 -1.8602173851365507
32 -20.703369881475766 -29.166558903269717
33 -5.772817404785997 9.675159903580209
34 45.91746515138121 -48.42912980456775
35 71.29772801265452 18.88102148931469
36 75.39904628276449 -99.57965885320297
37 -39.040577817174935 1.265102988720173
38 -26.238978133804068 -90.15127394888734
39 65.14913247427515 -51.84173555071943
40 62.15217700880032 72.31908139914844
41 65.8625048325654 82.13687682210156
42 -35.022827589556016 25.544417177384958
43 13.986889998555796 84.28847811686748
44 60.417416682041505 78.13034138046746
45 -45.62819739810009 -5.51589671834553
46 93.62073037316779 47.570590392497905
47 -28.506395677359038 -4.765406788887532
48 -58.68891730140724 32.59872255714782
49 94.17263049748186 -29.62760776594469
50 86.29605968186894 63.1881407185779
51 -66.84736626108274 -58.285629851661945
52 -88.67345941494196 -75.96822774834695
53 41.953846667574766 30.025176546577285
54 53.9894061160212 31.121766799357573
55 -10.737336550638204 61.0148379130776
56 -22.209224299345223 56.08863949065076
57 10.222438582895023 -57.23171718550057
58 9.313813121267927 39.248319297683906
59 64.34140991545607 77.91853441826427
60 -32.68830689488493 9.844671656150325
61 -30.664550008693567 -57.96056340702576
62 -33.177122941781036 40.764126346809064
63 3.074773618606528 -40.85218989901058
64 19.872410039515515 5.038049959440798
65 -30.094607419632993 -64.13105958966909
66 74.04959180435694 72.73759710358252
67 12.967614339923642 -22.266521893179657
68 -68.77126531333889 -10.595121592697183
69 20.73547180118493 4.237805308100491
70 70.92657211563875 10.953288967663966
71 -76.1475152541903 -96.28600914740329
72 -33.73384622730656 35.008867493658414
73 -92.55915619672581 24.719584615553345
74 25.24385053200575 -35.04621727175696
75 -25.587534904230964 87.57146655383067
76 15.972521186432928 70.47188572510032
77 -13.087849022520004 -82.18787039072603
78 -58.19948809858562 67.1855139494821
79 85.87446019086505 52.81075295721038
80 20.682718024060875 28.011679655890703
81 42.7776022304966 53.3655440777697
82 92.90646014438065 60.15489442535571
83 33.029129691443615 64.08783845328716
84 32.251555211805396 -65.80705833644507
85 -62.980179843926344 9.5125857538453
86 -32.109503602968246 -64.49908775176223
87 -27.266283935000388 -12.706194739573377
88 -62.18886602005942 -76.70199621108202
89 42.90374953863946 -74.4922396576994
90 -10.728971513368066 -71.1095167728506
91 40.05409179453454 8.000603562665361
EOF
