DIMENSION :91
NODE_COORD_SECTION
1 98.94775592729658 -87.20809348760743
2 -52.81020956827229 -34.47412315581309
3 -18.584877281732176 -72.50140316356467
4 74.3208127347439 80.1309181273748
5 37.10177942012976 70.30821911077666
6 -2.40965938403113 -41.79480728254721
7 -31.426782640135187 81.65259622048603
8 44.15235940297771 -48.86652389073942
9 67.42762765478548 11.222652712559494
10 -86.82627497361655 55.46496889387129
11 28.6626997859492 -7.010652131686996
12 94.0733512494331 7.8656984172055076
13 -13.618730953166946 88.24463345064433
14 -41.78485918200305 -65.78532988324196
15 -57.50281415873668 74.2320721128371
16 46.98548188033351 -36.28591734612492
17 -42.04567459600017 -69.64927130526095
18 -7.337108751294579 33.92302427714094
19 -44.92669869736412 -20.41996229662486
20 3.2137462945685797 -41.08679893398885
21 -60.00814671565544 -20.312551109999234
22 -81.87525341674593 -89.71586038827391
23 95.76664570193302 -73.05537809642712
24 99.60926024193307 -30.435407915775187
25 -80.44444094995916 -65.50787377144074
26 62.00127097431874 -49.43426905461345
27 -18.59870531269361 78.15656590877973
28 -38.122810017635175 61.54090779921373
29 -32.51137231391334 -35.561879275645055
30 72.42240733497971 -20.45422870001721
31 37.3490690482991 -31.449332414867186
32 -52.21400159373382 -56.81841659520674
33 -27.661474987751447 14.810545402139283
34 -53.35650922758606 -65.0562809566238
35 -78.1851470803906 27.334175139301436
36 -71.08567253012515 -79.31376422145564
37 -36.20610177673951 -34.08112707021816
38 65.55701686976616 41.25266223241874
39 -11.53580326034691 80.14509540895315
40 8.591706514491321 10.112070641513654
41 -14.208073064995034 64.15256623090045
42 -43.023636301769265 -39.12142646285233
43 72.549468107215 -24.79326746304342
44 23.68935128923306 9.881569542761497
45 -70.54768625331047 91.08603133196524
46 -39.652246386830136 51.492941404046036
47 -64.30925114057212 -75.51537249398528
48 -72.08265989633023 -12.293351806658094
49 -14.005797578246543 -12.960853260397954
50 15.546667127344918 -91.49494421778317
51 -45.53218248970929 1.2522306880215126
52 4.284341032926633 85.83558272748488
53 29.792241009723853 95.49959756678848
54 48.41499938543495 21.56013211394506
55 87.979363218901 85.47147341448661
56 -95.62375336293223 -1.471052430371131
57 91.7280496995495 44.81329105540959
58 75.69517898349986 23.969598107095052
59 9.525789798122489 -1.605427787562519
60 -37.8901441553239 -74.32922047131288
61 -67.00661327744604 -66.45092573671383
62 2.0175053848908533 63.97975232279151
63 -62.42823661655692 17.793230222027702
64 79.61791922930604 56.421287794118285
65 -20.498836682940308 -64.05597092697342
66 -68.40303509059791 76.78503415921281
67 -48.85518094062255 15.221576890841021
68 -67.07820687302954 86.81728124181717
69 -72.93932293125356 93.83556380069848
70 67.29578303728144 -13.807800798436446
71 24.82622923700093 -93.28099400922818
72 95.04793388671902 -74.77338366688156
73 -22.526771950159016 -88.51339512612186
74 -80.29209107009933 -85.15841263500876
75 68.49044460962062 -41.640754398109195
76 -75.75552378764661 -10.437107850773458
77 -84.29560978634636 19.7100795448673
78 -1.0782281349090255 -68.1081700454222
79 -93.05073273319687 -61.948166479778145
80 -85.04580903767041 -49.83333544807493
81 88.28919932510641 25.698952875499998
82 11.61748313720119 -82.92588994651899
83 -15.342881052171407 -44.99770253883209
84 59.19999931066738 22.259389621601855
85 -6.873480547044707 -85.03186934126505
86 36.15475010419502 -29.977640383739995
87 30.633550603745846 78.23728951143408
88 16.03937886905254 -38.1236122650467
89 40.81877926889399 21.814370814050292
90 -1.6921944280526446 43.78556281275564
91 -31.240710806126984 75.60090714596018
EOF
