DIMENSION :91
NODE_COORD_SECTION
1 -82.13928141892531 -10.496742152164856
2 62.04374949949576 13.65480747654901
3 19.417402513885904 -65.91919007193269
4 -51.4305128155941 1.4182909188953374
5 64.84722647982704 -99.54763543047997
6 6.035317455201124 12.960507816069324
7 52.51400206989635 63.621524198082426
8 -41.30628983174067 -88.3300346404344
9 39.72137364485121 35.34929549872086
10 -89.27112221264477 -65.11067704879585
11 -63.1523894926663 -79.13137401620081
12 78.0713436105772 67.21065874115283
13 -73.33556067068434 91.11660777546905
14 -25.340170709694632 -84.00211197897478
15 -80.82676641878983 8.600728452764628
16 -66.49663101905875 29.303690873659548
17 -12.356735830172696 -43.07030674994867
18 93.87285256927953 48.88715182295343
19 -51.861487916807135 -32.79654685004793
20 18.177980688539975 -25.172491650796957
21 -57.32911172602271 8.871018360594405
22 -84.43787440962099 -66.73156456217338
23 65.21941487353567 18.328800753940925
24 43.97405200662752 -14.883649452992074
25 -69.7936039113445 -24.553763440174166
26 38.452188699600924 91.05528069058181
27 24.62324614416977 6.369521437002916
28 70.58351074643647 -42.970076481041744
29 -92.14987348823458 -9.631651389418323
30 82.57583978708857 -75.6124827278734
31 27.31516449113323 -20.845372261359657
32 59.108788172319294 -59.84164997872603
33 -96.50943459266081 99.01615834026433
34 1.1052145202167623 -54.506367613904594
35 -95.67550443391919 99.2723813618106
36 -52.208396257385445 -45.93139788194394
37 -22.94084799762544 -65.02667416630848
38 56.8923414246276 57.29783449316196
39 -65.51292090157736 -72.57304210385622
40 -2.4706211918853853 -10.501319848083469
41 3.049225428310365 -66.94578649952521
42 -63.624543623074615 -86.32206475026148
43 -68.22009029390948 -30.764958098766897
44 4.83546585670922 -52.594182476872334
45 33.955403980222684 95.22281954578867
46 -76.49276037172345 38.28041588176029
47 87.40429589520326 26.868653211852674
48 29.899490906429946 -80.22507410132525
49 54.789603985149114 -24.18898932805402
50 -93.63869090354501 30.798836363055102
51 -98.22617800139585 -53.04963995936522
52 -62.59594326976965 66.09356178276275
53 -11.169998716563526 2.4423291681307404
54 39.073182219410484 39.62187168261096
55 -8.436684898200326 6.107228913892769
56 97.75399871648304 -10.600396261812818
57 64.75910496161526 99.06760260698164
58 -68.22805674964661 -70.24274573035308
59 6.9751538603374 25.589689367864054
60 46.37456472816601 -34.192008774422945
61 -94.65272236686396 27.518659617583467
62 91.15890130312243 24.937830864878023
63 -55.62095473877056 -43.638394673469726
64 -51.26540993468625 31.422674116785288
65 -52.16209084162664 -86.01370200282665
66 -15.61054036344818 -47.1840064646301
67 -10.518362475101668 -73.93222867857571
68 -31.248879149907836 -19.459916383701042
69 56.19049614384542 76.82889356773788
70 -51.08553192444039 -27.847263665258666
71 76.18214437408338 -10.714873035302517
72 88.231585251279 -20.949635455971944
73 35.3378683847269 -77.88224419332757
74 20.93728948848606 10.907610717155805
75 -3.729759912292124 72.46387952365069
76 -24.99020847607673 -53.057426084899184
77 7.613869724898819 -76.67440071383042
78 5.142844767823391 94.1357909737246
79 -54.87744595189448 54.964841419046934
80 -52.567925691733784 -86.17979353057015
81 61.507628700368286 -48.435690033802544
82 -41.64512531555371 90.59851832941433
83 38.55385283625216 -22.400796212151675
84 -67.15024061477853 1.3331284070394105
85 32.900814357153564 72.77827851818765
86 -90.22232736832794 -43.00679797569309
87 -14.02065561835333 20.077000778630904
88 -32.22577190063835 -63.56765296285716
89 -71.05600080157808 -21.700450240249353
90 90.4785549414654 -91.29064487977838
91 -44.95577350584312 -61.22949490817076
EOF
