DIMENSION :91
NODE_COORD_SECTION
1 37.3508336030948 49.353746770793265
2 -45.27155134394629 65.1710648478867
3 -5.232711483553686 -3.983310449853448
4 -87.12323919748546 -93.8011592744968
5 -98.19208711992395 -39.762919415703045
6 -47.09041131847766 32.64415739415986
7 46.128737989668025 14.591585404392632
8 -20.878828249406453 -56.36000169551794
9 7.537142231188952 8.28647106285041
10 -83.56166176907078 -88.74330809198901
11 90.3650192110484 -70.71181106454041
12 -24.093466043018523 -11.723408892356971
13 30.46151147358006 -72.62133604200898
14 84.55667595825659 90.8979654985429
15 -11.396696446751719 40.060373647036556
16 9.907990802346774 86.2814969380438
17 49.34711834248208 -77.97471610202615
18 -17.78648386703152 -35.733305814271915
19 32.82570437714409 -31.0591408177378
20 -28.34353692023737 53.24975226287211
21 -3.284934203110069 -52.40465140429047
22 13.057351012873681 52.12831949031289
23 -43.422739490414266 -3.016317856468504
24 87.25318014167769 -6.617184544273471
25 85.00971885312057 48.704286723027536
26 66.16170935640693 -73.2221342437141
27 -36.49149977234909 -69.92368793114187
28 -92.35478526956413 -81.16839717890616
29 -44.32043658581368 59.675696424390225
30 46.639862973268265 -99.88536993121622
31 46.408655736383736 -77.47235605001748
32 -29.381662465241646 -39.39560513797253
33 -51.173107573425746 20.98212987195693
34 90.304862290015 92.7349426718826
35 -80.61411204540923 -62.661894617061755
36 20.66338607013533 -87.55402376224204
37 -58.917409855433036 -84.42888449685017
38 72.53128365571487 -49.550781345612016
39 -64.14926982351872 -27.941829168972475
40 -78.12760312968527 99.09420372978684
41 49.36229794822654 -21.017310068424507
42 71.47487516249868 -75.37040307740025
43 14.958977803390397 29.141468936854295
44 49.02083118840267 10.320268805647444
45 -51.839870322835615 87.16466756373146
46 95.80635406601871 82.79439467874536
47 49.17033851161628 59.69880963603663
48 -8.007971544178332 -7.841107687748178
49 -1.9637249394843792 -24.108030913816776
50 37.11562155680613 65.83561232929728
51 -84.42097316275725 -40.44070236226289
52 58.700219187757284 -63.26528360210941
53 32.95468155698197 95.69611317600362
54 57.14262561579113 58.295775156396445
55 63.67259221200439 -53.455136505018345
56 -88.33165665795151 -37.90884347322081
57 -95.87291983032773 -43.78869266189931
58 69.99117197765011 88.10033922601724
59 -97.82477447417388 97.86438926071776
60 -76.58314766180814 -76.57209433047223
61 -71.98038143470555 63.843210929787745
62 29.481837939321764 22.151889751567083
63 57.63177811579837 76.53374058107346
64 85.81984356142706 47.15341164795632
65 36.17833278975715 6.666769023318949
66 -18.199661788812293 74.19242644178084
67 27.38874272756786 -74.27208648579351
68 -41.41528103038068 29.15853908914221
69 74.52974624170918 90.45926020220128
70 93.59753778139549 91.33997448241723
71 -0.3714966354048812 59.97157067330164
72 -7.988401091267775 -11.282333068335902
73 -50.187242839383075 -20.22515481670257
74 -84.30261798533529 -64.29426031530545
75 63.11299777301423 32.07418243268694
76 9.188821335406232 -80.57652682793561
77 -29.201811772473008 47.96690986225866
78 -7.431035711971745 -72.5019103366598
79 79.29313076998426 -95.28392091193561
80 82.78067857628142 -71.43832581422834
81 -18.04786877709192 -9.935639965800021
82 -22.280955401782805 -33.98040105129864
83 -60.55981799895165 -94.40839562214745
84 91.56373225339308 6.331950938995817
85 -62.80055307132621 -97.59178943901216
86 65.1611723879154 -5.036576495486216
87 -20.544598206874312 95.01567476652048
88 91.86786595585926 -83.67868696544029
89 11.44353682750365 82.95464858879532
90 -2.8822148598785873 -71.58478575643005
91 -24.985921078211888 24.899936387025903
EOF
