DIMENSION :91
NODE_COORD_SECTION
1 89.07841479707213 48.636149299457685
2 -2.50121596053323 56.15089123555305
3 -41.88859232436242 3.966881206482782
4 -10.299626202773695 18.0048314938183
5 44.35556571028411 -72.90075881092125
6 -13.908200579425525 -23.710010960256113
7 -84.39870460928285 -20.651607336187254
8 -1.2109406734740276 -53.62623814682861
9 1.727285665413163 -88.08206145794755
10 -23.4122146733514 13.250932843073684
11 17.321734286740707 38.9839163364058
12 61.33055683397467 37.8556802938148
13 70.7120297744869 89.22979035193305
14 -83.90176805671467 -25.469741388167193
15 -94.52175880882707 -73.12149661451267
16 63.19537502434872 89.62224271033335
17 49.62752074122139 -11.068111795791367
18 -85.37377558736956 67.47136034798496
19 57.95792023503776 72.24161193654689
20 -96.26566211921516 -82.41410206409645
21 -75.25823927492974 22.200097325676865
22 33.90559204902371 -44.40212304184765
23 -83.28974078070097 -75.74632474109293
24 48.71071395253426 -79.37491795049398
25 -69.57736884976666 -19.89545236638432
26 97.59015254225397 -87.04272468531806
27 13.454545939462022 -37.617999065801186
28 22.16063441432034 88.5227917161717
29 -94.5577689008522 -15.27249540250584
30 20.449307772456635 -69.61902995501177
31 -47.12977166608183 98.65224636877096
32 59.837946625267676 32.5247850817868
33 -69.40772147148759 -65.81003601155464
34 4.226245625511254 77.56717827927923
35 -36.57359700430274 38.28166608617394
36 -3.100200327959328 67.42367140996933
37 82.76679796305743 -67.00680387250901
38 -2.1850417606286783 74.89279773879716
39 -23.993248557199593 15.080481952989459
40 -87.51080345898885 24.075118611032707
41 -9.331674972204127 49.08144214670841
42 69.41239812540923 78.86050490456392
43 40.486104216430135 -31.972456538060285
44 -96.12921890811432 -78.74754077794111
45 -72.70608743127119 -10.967897386728936
46 -11.698039756533092 -64.91258619717254
47 -59.58507610991548 75.42652640753599
48 12.776087027032276 75.74588077472882
49 24.357164252392735 -67.22043112351182
50 -36.07542875844045 2.7414280722060056
51 -84.03203098478183 13.04902036248275
52 -23.38547552048209 79.61255710585479
53 43.80255208201504 19.279033017427324
54 -60.10640966979955 -95.6683806018547
55 55.31332726842501 -47.32940317209548
56 -72.79369093764616 -76.51613964633677
57 -8.431724986895944 24.516472954844673
58 90.60988197844887 4.758894619788265
59 -35.441850138697205 -32.59373341985969
60 9.69364923509653 -5.164044939524672
61 -91.2460953245727 23.271072591084547
62 18.133159103403912 73.53310727105455
63 -23.57272601216127 -39.7485476401561
64 -55.71362254120926 -69.86992941297274
65 25.349041111532998 76.03634954759573
66 -3.034032628939997 34.062954837183185
67 7.831001295482864 82.23480346974753
68 3.498333544822259 -50.27141810427666
69 -88.32069350484404 32.50621312082234
70 64.4065091180261 -46.07510055507766
71 26.478318992528244 56.58908720530496
72 -72.46931880168134 -45.506732076246315
73 -87.27418817718925 -6.96777648199884
74 4.126556812618958 80.01727892403377
75 -63.30827720051184 75.34634808400358
76 -49.54151148659287 -87.02807024256585
77 0.47445285412047156 19.45826755304263
78 -79.36927837994168 -27.493988638814912
79 -55.41998372605947 -15.236297582103234
80 -40.12324508891587 -81.92035008815128
81 29.451219468015495 -63.26102896414096
82 -47.74667151961045 41.46796620658168
83 -87.27477961544454 -74.01412276124013
84 62.66216610317338 -57.819087819944585
85 30.59980765512529 -83.25200103967585
86 -79.65089783089847 40.13839760383121
87 64.53991272947991 47.35088645239412
88 79.50682066788866 -30.521129193483574
89 28.657740665239373 -14.317416904262586
90 -37.665993353851675 -81.33139907975661
91 48.45123607303984 -45.255036337704645
EOF
