DIMENSION :91
NODE_COORD_SECTION
1 -34.516382001965496 91.15859247542431
2 53.5715367221143 38.22655356298773
3 91.85579584118312 11.669831706107331
4 77.90084590336778 -92.25220677558129
5 -74.91315729784746 -48.36538235490271
6 47.88369921560985 39.88930068902471
7 90.9692070409572 -78.93852152798274
8 -66.10769357831931 97.95941499028277
9 69.31951142047333 22.738726721848394
10 -7.84811308280095 55.67493236701935
11 -50.06156877369512 -27.200295642884214
12 58.64126457599937 -70.32708536134365
13 -35.84561602905359 -47.779904819291175
14 -23.106715020472507 -44.798705335006915
15 87.73359394394583 49.53167951002061
16 17.68466639853324 -52.98908789443737
17 5.665425896978022 -98.67394436205585
18 8.956250946205955 24.385763462607144
19 -94.69129555342401 -85.33911690503926
20 35.90637160155177 47.41233121840003
21 -78.38888583543 64.27020648629463
22 -5.948538826821419 11.00283199921141
23 -3.4095728569684525 97.51959240421684
24 -17.850350900529705 73.85136729603772
25 34.99282187488714 51.335789039494415
26 -92.76524563161203 61.41601902655319
27 -60.979854780616314 87.87970262138774
28 -59.3905996413574 -24.816102807105622
29 -12.75544648255402 -10.479433566095281
30 11.49785604434311 64.89036080256722
31 86.30544825777119 18.708209203510634
32 -45.83954134523136 -23.97242248544167
33 68.71028813301496 44.629438280154375
34 34.62328763254459 -28.10831763761408
35 36.037355238770004 66.0735455242062
36 -25.221841909191895 47.581901319422315
37 -45.934865143806356 -81.2789145926164
38 64.4596604456506 -97.22102164178246
39 94.82951949304771 45.1090704929735
40 -93.79255554061426 20.79443072168459
41 90.33663718291504 -73.18514961922187
42 -27.22635815493932 -86.70392046727937
43 -86.36435198805215 -69.0600699147553
44 74.03674415432135 -66.72052279969421
45 35.18239019970375 -93.235862295823
46 27.834854894562028 -66.73111405630878
47 -84.09860490620271 83.47952640356289
48 -91.66708165043343 51.39546044031883
49 93.08025794610165 66.20253193786033
50 5.889878158309074 44.91444880293568
51 -8.79302087314153 5.001894200415435
52 73.9934575554202 58.88723390235765
53 47.087449024409665 -79.53101530147461
54 -38.318272376812935 -82.83192375109954
55 -22.94323390555735 -90.60380088842297
56 -66.02776666050798 -46.50042334563573
57 33.82469143455785 -74.58182212552522
58 68.17094717069517 62.43478812929993
59 -98.5279060649197 32.00959643573313
60 80.53502043681488 42.968147111920416
61 59.34174537674201 59.02245723639217
62 -14.385371516360806 32.171311504590506
63 9.043535149664407 58.98474666562515
64 -80.29892227563107 81.79411163220817
65 -96.47949158931499 55.671478049399525
66 70.15958665054882 -82.295083383442
67 43.0989299029921 -95.00182256734386
68 -55.973012126626934 40.208715295839795
69 10.671985986831302 47.075871930153426
70 -17.89404874165095 -27.30469261539139
71 -93.35665322151499 -81.69418063736369
72 -21.110948394812596 46.73407189655373
73 13.983365347055425 13.681164471525193
74 -96.00257841205759 23.645822960662983
75 74.72729002246814 42.00186825170468
76 -62.57954426430834 95.74634361547035
77 -8.528616146193173 -99.50179927544231
78 28.694411430560763 -15.129792381389137
79 -19.100619527753963 -89.6026795683843
80 69.25948262177758 -38.55233660417474
81 1.0983802469995112 -98.74368746940756
82 27.586372372678753 44.32122488073543
83 50.39974108750485 -90.57564391483137
84 -61.73500341390334 9.652974965222754
85 92.70711408932439 64.78550714500165
86 59.099525537695854 -63.31272072025027
87 -97.2496216457283 79.97287714783343
88 14.35548238428241 48.79805262424415
89 44.43072550801568 27.533888793676837
90 -72.34374960095622 -29.8365785033661
91 96.39876514898634 -6.934600111674925
EOF
