DIMENSION :91
NODE_COORD_SECTION
1 14.627842978582109 11.575002408323101
2 -78.76595880684516 -73.8733939852462
3 53.242377044203835 -76.69713697998748
4 38.07092080226485 -24.22341056732951
5 -21.087734045212073 -91.39860501698591
6 3.242454219279665 -6.1274561226939
7 -38.26134118350302 -21.644643304248362
8 -70.50981052043805 -83.19631748188041
9 -85.0806654460359 -54.47059212451164
10 81.51469242885909 -4.874998224577112
11 56.17261956006709 -92.501411315976
12 74.11798728633744 -69.40599323470964
13 98.13571202736921 -54.998906870287655
14 -31.084376031753337 -98.5973302332815
15 79.04710752921662 -21.63104839643269
16 -83.42718392751836 8.935924711286034
17 -38.37540534241997 64.85614351779489
18 -76.25452121033369 63.17705325660651
19 -74.09828706538792 95.2978220286422
20 37.383696624431366 38.9193646985747
21 -39.11281384170597 53.99831064786122
22 -66.21838764189793 -18.767300769479036
23 -79.73661136190071 -57.340307253094934
24 -24.26564352736571 16.17225345132394
25 48.94148863359669 -62.67321895428572
26 58.38915908420631 31.506393206926617
27 -89.85755860054152 -53.26162913944623
28 2.8543801370902315 -67.72092647125766
29 46.7745987341778 71.13875146749277
30 76.35673897500155 -52.688360119833646
31 -3.7697861846701244 -77.48253750114127
32 18.71357806247238 65.28779939235929
33 44.3248027011667 -39.59059031719341
34 -62.88643646662611 -87.14538400250345
35 -48.04533839345755 -78.19854791801488
36 -5.3241598199143 52.21145762853601
37 17.149711089134883 79.35566778380317
38 -37.015903052447015 -28.052101991453952
39 45.55008529931598 49.073598394335164
40 34.7687050161916 -27.56942450604653
41 93.9366776851038 -13.310230676973418
42 0.13656942774429126 -94.17180971554755
43 24.29729993272325 61.49687941139379
44 -21.77510312708884 -79.09725604614039
45 -39.988272976170734 76.9691367070329
46 -34.11835970786005 -16.01569570915298
47 71.09042286172809 19.4642573121387
48 -84.04791266679037 0.08557577209873557
49 -67.99668600764568 -40.55135279615145
50 89.97731841472708 41.90163686368413
51 -6.513390518213953 -95.89547606679547
52 43.587155967916885 -90.52071666740993
53 88.81707584910905 -94.15842862909905
54 -2.403435703010402 -10.37057669594006
55 -44.605072624863816 -31.850042136273345
56 -76.20888440079736 -38.30486262023178
57 94.07789568020078 58.39551872370046
58 31.613682866038914 -94.92304765374402
59 -88.43933556790044 36.572031085312716
60 80.44106491531252 3.956050729162385
61 -4.804507247530637 -60.31050816843195
62 61.8658522851149 -84.05490230869373
63 -44.998754943763686 23.39144851013171
64 97.37535018226106 -26.064444413792557
65 -65.79021124950609 55.558451775217094
66 79.04598579584373 -75.80071985536614
67 37.55012600259863 -18.931243168547923
68 44.34817516764983 68.84138127156098
69 -44.42767056788188 32.55153042515394
70 -79.11683093981831 76.99025528319072
71 -26.33520321590055 48.88175686578745
72 -97.15003529805549 -43.35005579561333
73 -53.98002358298972 -18.669777559752163
74 -71.7330152396271 -62.07115781923693
75 87.65523086326036 -83.30401290658038
76 -85.55031328029159 -91.60205050870233
77 -8.302870728684496 27.41272373787389
78 -21.028082248982187 -37.37904913602728
79 -85.51105316297074 70.5345319479664
80 24.315386052062422 -19.56264214210846
81 87.68275369767696 0.6707448646312173
82 -3.3619115534126394 -67.63089997644092
83 14.329048183673066 -63.64661469113795
84 42.56922570995167 25.56001114788606
85 -14.921576160380297 -75.01499374782532
86 82.66461353672457 49.94666791453096
87 10.961348625371613 88.4286301979979
88 -3.8668019675941423 -38.10187606681224
89 10.813661960154207 -0.5343262482946614
90 68.67180743999705 51.351188669178356
91 14.266977007492287 -61.238303573170924
EOF
