DIMENSION :91
NODE_COORD_SECTION
1 -6.278125544936628 -21.49311173369736
2 -54.67519414466469 12.643987625257353
3 -62.811540486550534 -62.557139039388396
4 36.89659109991348 -26.091068136778375
5 -23.36168694022129 6.535484055039873
6 93.26367385158844 -18.958670023718355
7 8.220497286167188 -20.6254113086016
8 65.3025182254539 55.641717771907
9 -21.97052373069404 34.89270185778281
10 -67.60774970304192 53.521979327315506
11 39.357206659206696 -98.28023614166624
12 95.28506983994953 -48.156563086491964
13 -36.74263125503896 99.31343928683944
14 -24.180346055489935 -27.164174360555364
15 37.071329770917515 -2.7959468466154647
16 92.209245151023 -85.95051835736388
17 -25.95786390745323 23.732359774532938
18 -67.26233570789347 35.757245307515376
19 26.86924574268113 -23.052564295253347
20 86.04810815299012 -31.9634206024149
21 -50.96660745102817 42.870875051765125
22 -97.18898089704649 -56.77354140036517
23 79.9474968895635 10.122766929101672
24 61.409072536457984 33.86771669943701
25 43.46602570542851 84.94380416870607
26 -10.62127908176329 -18.100468177985874
27 -55.988061373403376 56.93705480425044
28 -47.30065542261168 41.79881835369986
29 -79.44328783311062 -56.60810128045111
30 -33.37730755388439 28.51336008873767
31 75.91569667903087 48.84178760820265
32 -95.41323110500623 60.45356579030425
33 -62.70258246423799 16.546481302738997
34 85.85990091921829 -81.52817573004818
35 -76.2277559000552 -80.12152589807326
36 7.912355495446931 -96.32753495852012
37 -2.697892831118878 -55.86752520453264
38 -43.88569528404802 -29.940615017634073
39 -43.80016316214943 -56.93428416967061
40 -28.78931320283023 -67.55747107817105
41 93.36295152648995 -80.48392009534993
42 84.1248272743905 -94.31161978875045
43 -13.646470539402173 75.73401871226835
44 37.99452030758681 18.3137569258071
45 12.372218289720067 -93.39672126459604
46 -91.05439122395865 61.58625217491539
47 -11.598967870043424 67.71460845987173
48 -90.04022776393596 84.7086745889174
49 -74.73381874117953 40.29553061771699
50 16.2948106637115 27.328980451684586
51 54.09869450817507 -63.71147892703944
52 86.26717536117565 92.53120374467812
53 34.64720989643942 -60.59119932057975
54 67.80818621787134 -93.37305749002445
55 -12.87619532479738 61.80216291339019
56 79.05683368992337 -13.518911829232366
57 -97.25963792237131 -89.03776474790361
58 30.353690765619888 40.76946227023603
59 82.81950214891944 7.855648858010085
60 15.351965736934119 -31.51985543370958
61 -67.65932479668714 74.74271549511397
62 -59.43661800044651 86.13432893412008
63 91.0085482213592 19.970138367032007
64 -14.491981271874124 -85.38342323538689
65 -76.59253815238438 87.05153924943022
66 89.73886460913184 -12.831532266524675
67 9.532170746879814 6.640425812441592
68 -51.63652315069407 2.0135977917404375
69 77.9617887045084 -7.4605121616749415
70 -35.71350457082711 36.24608506767771
71 6.170275769100456 56.67903321544986
72 53.24857117616526 62.02863492758229
73 75.94346735591515 -16.963500485497065
74 -73.1613624192595 61.81048011269169
75 16.599235671979613 -3.241951673425646
76 89.00812350905005 26.189337048108868
77 94.68373413662252 92.28224650386053
78 73.21721408172812 36.205820038419006
79 16.04356263312927 -56.94500952998269
80 20.194849468147652 81.27264599469945
81 94.64991930592302 -94.53616712499155
82 -49.60423851444919 44.6050873089915
83 12.277630871140417 50.908915793492184
84 20.589274096313275 -0.06679063679008834
85 -55.881659084131186 12.466872931941865
86 70.61631300140283 6.44047385082942
87 57.633787757453774 -83.6069929077374
88 64.20256893389794 -36.71267655662409
89 5.4316654715354815 -16.253816249774133
90 6.817265460894404 -9.25751728281567
91 27.67303963629213 -66.290046274139
EOF
