DIMENSION :91
NODE_COORD_SECTION
1 -66.18827660492829 -21.065774166077716
2 -10.818491064006082 74.95526201058505
3 59.301820679376874 92.23979336813656
4 96.202361656009 9.45764719889128
5 -98.31125082672713 -66.50120363749419
6 35.191779064154275 29.786780174635254
7 70.5630247958888 88.48621304835845
8 -45.73308184592315 -94.0470731019182
9 -70.98023810870552 76.0929265584727
10 -91.84189546658148 -30.844631092140972
11 -94.64146345907922 -84.07571487980468
12 95.88036647615831 -6.041835934077497
13 78.98765297836846 50.74427754956008
14 -38.019829009314954 -91.69958368302662
15 -54.70025042042555 27.409148862886695
16 72.08119252570009 10.473133382214272
17 46.51207893265027 -26.276734416899544
18 -78.69545209507223 96.60883856013382
19 -81.05854982890398 -26.3107781327693
20 -36.75942040784002 -42.10590372436407
21 -48.08959674401487 -60.0869268783977
22 -42.49935544446313 93.62924912185017
23 79.45764057292621 -90.53511230376101
24 25.47908473223717 4.423699517099294
25 -66.74754746213425 48.283583767028404
26 -23.192871366164766 79.22912096205138
27 -26.410689599238708 39.254328585932086
28 -76.91817848779583 70.57704030811277
29 -14.934594847566586 -49.62434468928451
30 -69.1950065124484 64.30133814111448
31 -25.479504357369606 -68.02728778027685
32 82.06845472294037 93.19020543152965
33 -58.955002333020936 -24.29817293391288
34 9.373514427269185 -81.57373097293952
35 1.3387184107772896 83.13103176186397
36 -49.92579088380435 8.33748250852318
37 -51.57065194571315 -62.03018829388891
38 26.285385922875193 -19.104327249885912
39 97.73622908573805 -46.43918734625054
40 -2.3018037164326017 -55.4365042051314
41 31.691621040412798 -23.965011537941834
42 -42.40273628224751 71.50467382884241
43 -7.391833711855341 -36.42905487458099
44 -53.52477552618322 -32.163420700684824
45 -6.792208533127692 33.488157008430534
46 42.99196047537163 -32.481968303549834
47 15.203986297188592 -28.55709788034872
48 -41.37255237592841 -30.37045422018707
49 -51.44424664942788 30.78476740050101
50 -89.77142289944683 63.217013067136804
51 -12.51168241559067 15.170594130409398
52 -26.247974148877674 -60.465825168809914
53 44.10202605011142 33.8219464840912
54 32.8567334134392 -21.56696126320344
55 -33.63241536883848 -53.6489255405658
56 27.601047880114066 -86.18437220612233
57 -45.4676873276316 -27.13050408910425
58 81.35129803761839 -67.52555892982673
59 -41.56144479169064 35.132413447967366
60 38.11002921787235 -58.68693051609009
61 7.982148716952182 -84.2388580541552
62 -22.176309716640958 -50.147500701597856
63 -20.08484322338171 75.12491197403455
64 -6.168818586130584 58.09269702321632
65 36.423915463945605 -50.74767902171151
66 -85.53383568179183 14.213063547076814
67 84.3897355579021 -32.818022757380504
68 -70.07230083915725 -87.74047717434068
69 98.96642182984831 -27.549315934051407
70 45.88519459951061 -63.12001312716211
71 31.085057741795424 10.956853510899904
72 -73.11463958414666 -69.66597589901751
73 75.7233664500483 -43.77437620507018
74 15.480314746576937 -43.583369964978644
75 -83.74674530958335 -16.858509457258464
76 17.097628179266763 -33.399956814973834
77 -20.093126718081123 72.50305595856821
78 -73.97540709795163 -64.3883342690561
79 -59.621969022699716 -68.70620243108223
80 -65.51941363465339 26.8301002322072
81 85.80237821419854 -52.6483106970482
82 14.603028704961133 72.29548725449885
83 -66.16369416957463 62.15952233388333
84 92.27384922811243 -92.20560918008893
85 20.28113299243988 -58.23292604358106
86 -57.934895901109186 90.39338125141424
87 -86.32438871393218 -46.60501338570795
88 24.183808068589727 43.95976858159196
89 15.506521989799012 14.059627518199378
90 57.147741805240685 -72.37819619648285
91 -5.836568965652717 -32.40300621399017
EOF
