DIMENSION :92
NODE_COORD_SECTION
1 30.301977467339327 -23.913248698295874
2 57.55190051725128 56.70182316365538
3 6.4608671900374475 24.828212329232485
4 -93.0014238808029 -95.10039135985508
5 14.331948972942385 -7.393446934994458
6 91.91485515503695 -73.84498395435193
7 12.072641373189171 -25.112955267361997
8 70.22961233389594 -19.89783417051501
9 -42.02075160944152 5.608897898960194
10 10.598828048726077 -23.76348568502415
11 -87.66161464111883 -21.212688107903617
12 49.47069025148326 39.87322698371122
13 -96.09962461698625 87.54665062476789
14 -98.05199157127878 -51.982366318030834
15 -87.77424704399695 65.08785543606254
16 27.406244177056834 -11.110656168076716
17 86.88270502418854 33.382290722242715
18 -13.823079625748733 10.755435712264429
19 75.44980585618717 -82.07657443284826
20 -59.79213528552172 -31.107623250332182
21 64.50490664635308 -29.343392531740804
22 48.46310420135845 -46.08972776109175
23 51.257714579261346 -41.75355745541509
24 -13.072940267771685 90.33716972367472
25 -41.78999601487099 19.130170546113362
26 -16.571025077536433 31.275170379273504
27 79.20418497678534 70.34469338170206
28 -0.8947180301633466 43.10418105520691
29 2.4472363885604977 -46.09622489903653
30 11.169078825018758 73.62324837751913
31 -5.426140160348368 52.54113628414672
32 -44.24254039391342 -72.31669788146431
33 49.539048494842774 75.92416824993322
34 -25.0209912951655 -63.72050073023572
35 7.1069488810203865 -79.01792449364977
36 -21.11463479708408 98.23509425588054
37 -72.07057076004764 -56.218733547145064
38 -19.05774904434554 -1.9769165811236604
39 75.68431726906007 45.41999091062806
40 -5.323001748546986 58.93576106194453
41 1.4698247817153742 70.70311859817161
42 89.53114905464304 77.72649224801756
43 -48.37169464772681 -54.10278810917324
44 95.54821987656155 -94.98797793560938
45 -72.60107780252036 -59.34510873479979
46 19.378329661048355 -14.86227727026592
47 13.27552912338767 29.236763158201484
48 88.18298032922246 49.87220356327441
49 60.672509170417214 -52.55190623562724
50 73.37474755549997 -27.788170569920197
51 64.4778878709945 -5.753456260743732
52 -37.271704133259995 29.739743928216797
53 2.2997109919724608 -89.23367909322684
54 -52.749341615699265 1.3979832337464444
55 -80.31194312288257 84.54317115357549
56 68.30026051580384 27.195433586680622
57 39.34179966466834 73.0137206737736
58 -69.20423664697684 -2.711609861352642
59 48.28568117908341 17.90167447312028
60 29.957361077103258 5.034540808534757
61 74.22985408104478 -69.10748608807913
62 61.874726055293166 98.03525736045461
63 0.8005944474785025 71.03735481997347
64 92.29730785083501 -8.154825187291252
65 91.05752715770294 -94.38428787088525
66 43.39439051768997 -27.05793076154623
67 -10.310826799685998 48.72596869180049
68 24.83366881331142 -89.28592246574362
69 56.50516760778973 -94.338608190332
70 -16.621103823702768 -77.36453997900364
71 47.320262163896444 -83.83138027276517
72 -25.691475805642156 -7.533916181078084
73 3.0515030570657444 85.9746757946381
74 68.30893690944714 -71.77613295424055
75 33.82675268831946 -76.49256765593032
76 99.0974098141966 64.84356804339853
77 92.12921414327693 -42.476242206721324
78 -70.11855522118842 65.84926778436991
79 17.479147210059523 -98.60155796370422
80 70.86279742194529 59.03202603128861
81 -95.11941604776925 51.116160805135735
82 -84.65405886696644 -46.961775500261815
83 0.2373809143402923 56.547804075073
84 -21.387618115457315 -75.06184652367727
85 58.16950325646647 -10.61851345751738
86 -78.42621940824304 -56.74147640561842
87 11.137065206626517 46.117676423522255
88 20.3183415118434 -3.3734257868036366
89 93.50605912328683 70.82695541109518
90 -96.983438143314 35.087584224250094
91 40.16649716160137 -40.09206625527884
92 17.253962066099973 99.3215452749094
EOF
