DIMENSION :92
NODE_COORD_SECTION
1 72.29876386962059 -51.84216401899218
2 -29.827910875273815 -48.28543025573497
3 -76.90801690145045 -33.99128611644177
4 -26.618339618444992 27.421962058584697
5 51.21853361231189 61.946559641400285
6 45.19504792524066 -33.06483105052031
7 -37.846821076301 -99.09966735813343
8 -16.987943830537745 -11.312340930706412
9 33.250374003198345 75.55295749812524
10 -73.75215146413218 -55.85989327545444
11 80.80873441913914 20.62221737795676
12 -97.51199784434147 -91.50237879048761
13 9.042565726045154 9.514169983314005
14 96.28854216294437 20.34304271331031
15 20.336714393340245 -29.022806326023897
16 19.704257331923984 27.052785140817704
17 -64.11250000553082 84.67389959930557
18 98.98004587541902 -95.22435203199895
19 26.809045757132992 -32.87274371544282
20 8.441732505003301 -35.08073042040307
21 -11.98898160526933 -56.71375329692583
22 -19.525759365637825 33.50283650358958
23 -99.36989420269401 13.995494594874899
24 99.57664690265935 -4.601292165446139
25 23.52437586536 75.94234208885857
26 48.83521780245067 32.39979470926295
27 30.31607149167698 -71.80606412196042
28 -81.24304736897885 52.21350525605021
29 65.69499850103327 8.225939581371122
30 -88.74203925395352 -95.10292963669438
31 -66.82877423256213 40.383511659983554
32 75.70229310674804 13.913346300995073
33 46.19239934803039 51.004323331885246
34 -0.7613434996535489 10.899977782292794
35 75.51749185543787 -93.02760503169117
36 40.28377425351974 56.40908294695711
37 -92.03459251258799 68.26063789528277
38 41.85294348173156 -46.71142063921545
39 -4.866577065357575 10.058971887782448
40 90.53971772882562 -84.95965444951159
41 15.406982676165711 -33.62594014464723
42 -2.701699351393927 -61.595510398392236
43 -1.4410624090577073 74.52568476813389
44 -32.216225191656704 -52.41691314051069
45 69.46291836395352 58.75389374444953
46 2.856861743112532 26.930718679547994
47 -44.077979166029735 81.19003285858324
48 -76.03852070320298 -60.39667572131886
49 -24.659385541371876 -90.26600834670828
50 -46.56513551463839 -58.42914322716539
51 -34.05636797773309 -95.08110828116799
52 96.41168812804247 43.56331046952542
53 -39.52580267382437 -88.36638645031911
54 -31.164941414301467 -52.06618826510705
55 -86.22287860315987 -43.387462981274204
56 -4.811031348240149 93.08640781446965
57 90.40224737440664 98.89108448855421
58 59.91820347048986 -24.969618030762362
59 -5.661688363158859 57.96447894202373
60 -61.896661943865716 -16.213098702793744
61 -19.785628527081897 -46.82354933123165
62 -46.18994739735729 -8.212133350832488
63 -76.21737488644429 27.903473434974856
64 -81.36651306040537 62.07098807592217
65 -50.777135832629305 3.3893638591588626
66 88.3099389010631 -94.01098846358624
67 11.785373023297936 -90.37609854824508
68 41.86982244553283 -86.684751663317
69 -83.48426184602857 74.44850492774933
70 35.657297045503924 -97.95847914739193
71 -82.7184650786583 17.110743856664357
72 -86.35645507053873 -9.171255193153868
73 -14.952666300464372 88.77873278328667
74 65.81235190995105 -16.015618696341676
75 -39.6787165817243 30.065481715940933
76 17.997978833588718 -22.994865508199297
77 -88.07723189849173 -25.59775586899707
78 9.407179270895384 -59.862745957127615
79 -87.30254409895272 16.139106425719277
80 -31.84153736464384 18.07091170272308
81 -87.46748913075899 83.5400063477025
82 30.52349171327731 -4.2008267776631385
83 40.0012563522873 -90.62149764623418
84 -33.842971024274476 23.83612868574241
85 96.19328462614405 -24.37033605854475
86 -30.546735016631786 70.40283821083062
87 17.76242042261964 23.792465417676368
88 56.268124699466284 73.8537948765914
89 80.95157592389293 68.66622411436322
90 -34.40142589734738 5.530680013250105
91 -5.669865719872007 30.943588984725295
92 7.411564660330129 21.394219134750614
EOF
