DIMENSION :92
NODE_COORD_SECTION
1 -82.88246231433895 39.883513937467654
2 56.05729456814103 -63.952522897401856
3 -42.218234412314985 67.47000073902797
4 -83.12555643020414 -24.183811927927465
5 -33.894498156110075 34.6806407490906
6 32.8459656670577 30.483713442268765
7 24.095011996177163 -8.95629853153332
8 11.622508394769952 15.084125380572218
9 52.81971627261191 -42.2726649157702
10 58.91688693113656 -57.54684772932217
11 -63.75610193033745 26.6029340610624
12 -30.219085814902115 -36.55047582504072
13 98.59640258132114 -62.07884244206758
14 22.751817905614487 -45.32366397450143
15 -30.65805825608892 -83.58364465058223
16 -14.360967800738436 27.75641742900119
17 -10.45560050992367 -83.05589651427874
18 -72.92637303472355 -3.8702596661179314
19 14.38888230500109 33.29568768372826
20 94.54434817625011 28.504865248309613
21 -51.14400214427266 57.62230751850197
22 -32.50441139844405 42.510651041485886
23 17.018286547339585 42.9410543814939
24 -76.8356296700149 47.758411066278256
25 10.155366005856465 17.4835163443704
26 -36.815109017136805 34.43875597806874
27 -15.139133247241674 -72.81283300763792
28 40.590752249351965 -78.25852649136753
29 -10.459173525185577 41.41857611620111
30 99.69653609263156 -70.19913778243125
31 86.179763016898 47.056647172298
32 -4.557963101725676 -80.46707885573542
33 3.977213198735072 77.35314028570369
34 -5.866101058866562 -43.35506126084765
35 12.43407001624152 -25.473280977379147
36 -25.878890229522327 -0.7379040335202802
37 33.6946194377405 -31.16406758032184
38 -57.207804789218606 -16.970335720846563
39 27.426814548409254 71.91555021775363
40 65.38373014047616 83.21353729267506
41 76.24968948629842 28.44970858439575
42 61.4411134001524 -29.764139415560138
43 -24.30632861034303 47.79445542548365
44 -33.62566275609457 43.24661381204825
45 89.90579275214984 -54.048732715118874
46 78.40285635610323 -74.25404937600803
47 -27.21135384606829 -31.667761146535696
48 15.285382609562078 -62.063608534719926
49 -26.01170862070245 35.046679857228725
50 -9.418153230901453 22.397740012843585
51 -49.87701859501199 52.97789985656897
52 85.79646733265912 92.84191657358133
53 83.87114313792591 72.70805502805871
54 42.60233109030639 0.11877892434326043
55 77.01352513673194 33.387982909175776
56 -71.55051068194167 65.30818080628731
57 28.251111851502827 34.938023950289875
58 -60.78984716313918 16.647517808268034
59 -67.40315679473028 -95.49518475149677
60 -5.883907305966261 -14.791931896204218
61 -53.63416844571702 82.8882698601482
62 51.09494315489087 -36.35243663542107
63 -49.73471050414551 -53.30816250284598
64 24.71365869799847 13.030432425858976
65 -87.18805550460034 3.2382782337753184
66 24.28894447241916 -85.37880108348132
67 -92.7187039633017 -52.167656413323996
68 -53.673951721638005 -93.27932054228529
69 -32.38038866317248 -43.25941162501164
70 53.29878812741964 21.02853672760179
71 82.22614899690689 4.297857642040441
72 49.88543257149803 -61.32000034604892
73 -80.76038782871237 38.838845992193285
74 -71.87362227185596 23.018423192829914
75 -47.06052447239835 -70.30764760986325
76 94.57135444276477 54.32956465782928
77 -81.90071544668635 6.264787194274561
78 15.335236383909972 -8.822540021665432
79 -42.39429112639752 -49.721372350732594
80 19.083358740673788 13.645877689326198
81 48.383578264310756 -26.47945563945227
82 -16.68152596619153 -34.29669474685282
83 91.64377906647715 15.993048992394264
84 -4.056598491625067 -92.9263787679401
85 35.6974327716911 -66.84758227435822
86 -68.07531914254028 9.408562953002303
87 -36.943734666106764 -94.04505721062262
88 13.98429086493391 87.22216430015351
89 18.265779454659054 3.7224032966181966
90 36.59799389235786 40.96149425533167
91 -21.105726072645155 -42.62315972962254
92 24.18040705347397 7.751990658813739
EOF
