DIMENSION :92
NODE_COORD_SECTION
1 50.18759219434733 38.847613466526695
2 -30.202875795045173 38.84801599141724
3 -75.74989510691827 96.97388128099851
4 73.37072543563369 -0.3276316215370798
5 17.71789885785644 58.980868934104194
6 -13.55002287739677 -40.90398628227116
7 -9.755257905361688 -30.959808415177292
8 67.7776106872605 81.63658784266866
9 88.1758274010603 -77.66110688993615
10 59.94409683514402 -1.880289551318512
11 40.07369799680998 -70.85860878843455
12 2.00463028882956 17.478508773729757
13 90.03501246355745 -8.478213099201824
14 -91.48446487002553 46.282734306562816
15 -69.7943048237597 -56.32413025676841
16 -11.395399162481382 98.64505996307824
17 -11.371579649578251 53.01141458711052
18 -60.958635338413615 16.066416639768335
19 4.533089065563132 56.75421866676936
20 86.8750352168284 84.94615241768685
21 80.40742780844087 17.5965507773208
22 80.05916106019416 38.896908412508566
23 38.6614397238514 -78.04630149876073
24 28.583891523578473 63.66819372978199
25 -69.57401487367822 -84.31673085930802
26 83.98807868872137 84.39663368358524
27 -54.997660636715786 74.66114395730199
28 11.725098344516226 8.06502859239535
29 -49.29385895547902 41.39686875388966
30 -41.29210840261657 -81.53370427305732
31 61.32569004371604 -76.08955163781062
32 -52.539876003823395 76.63257204993684
33 -32.85885189922968 -50.61847861057984
34 38.652160373672814 -33.39630618498968
35 95.42771013839246 92.62094516208424
36 -4.5981687354007335 -55.4266061226657
37 -27.407566652464027 58.20394004910739
38 55.57182342129491 98.86563029253546
39 48.57091613656084 -14.857078387611367
40 72.39684800563765 -91.14252849690882
41 -86.16334842263413 64.26729230468894
42 19.125443401318094 2.8790929462320918
43 90.3523241135492 -88.98350842927711
44 69.96276815815654 -41.71458989705843
45 10.019086620853585 20.141624475921645
46 -32.54763882451324 61.3080533927066
47 7.656121904410384 -56.1498585207105
48 -34.46367140576561 49.96034578933893
49 -49.730324032297666 -18.7829663806788
50 97.88502821809595 -99.81794394082758
51 -99.65293325748279 -55.77490252471024
52 62.688925532497905 83.57478432985772
53 -31.862148740072357 -25.414136211260384
54 37.956720662544484 24.492850562563916
55 46.360863869554436 25.53187390962694
56 45.46562338928635 -85.0813744075854
57 40.502468417565694 94.06009946591186
58 66.86093724140378 7.465386602825205
59 -91.15225339437745 -8.354841336835335
60 -17.996017459129575 0.014663403292189514
61 -91.38684743373904 -24.76964369818711
62 -52.48131422376518 -50.09064287924168
63 -91.97444638096624 -74.65664469236123
64 62.58889314409308 -88.71227690097956
65 68.91915420328206 -45.52747863244848
66 79.40995898587556 -23.94246119925046
67 30.398501532774333 -43.621013325676515
68 -92.7002778828518 17.173790533091932
69 -68.65790011413262 65.80848924924129
70 -67.67440616138292 -17.70277853299784
71 -2.002029041045162 88.10625454557606
72 -71.59403510178737 66.57529332845002
73 -7.351148402376566 79.52707747801387
74 -28.804198194053683 -94.79905583884386
75 -29.69853613491283 11.571940660851212
76 82.6677195144604 69.56886578498438
77 -77.4193341481017 36.47150355462162
78 -67.8483955235909 25.262813058646017
79 1.4860697350200525 85.97594822265785
80 -1.302847772567219 -84.22824027691118
81 -89.60498281041957 -18.10041992451505
82 -40.02454854354192 72.74659964016732
83 -74.32734643733227 -85.59223106817073
84 -85.46271728189404 21.77322820216783
85 69.47618623316228 52.82291932254756
86 -32.90279713722475 -47.94804760986804
87 -7.183002656880902 -6.23501450716752
88 -89.3857016892351 -50.962912391485894
89 -52.328967911184286 -77.2685814372631
90 24.291817407926743 -48.99511681442004
91 27.90416919402341 -32.23975189955226
92 -26.78036271782547 -16.318279023549835
EOF
