DIMENSION :92
NODE_COORD_SECTION
1 41.00605670889891 57.60921162114778
2 43.23493285418826 -48.52114580315325
3 -63.89761991595451 61.92281845726711
4 73.67812675107876 -80.45621384831476
5 58.44206626770051 87.14838330572078
6 61.07259788101172 7.752651795428122
7 26.532550147222622 -70.4989800044373
8 98.3583779416152 -64.06815453281934
9 -64.67727657264422 45.06672910508175
10 87.1614240973584 -90.9886520416322
11 77.30985201059676 -12.82820038831764
12 -85.31822949072374 -88.52380604847978
13 43.17315100547697 82.43569133442355
14 -77.86459914690813 -7.603439003416341
15 -85.48653049476856 -30.536294686146846
16 -91.71385323338231 -34.51886000701859
17 93.5049002929421 -92.07512216926467
18 9.455616248681736 -76.98768837389082
19 -72.2591533614324 80.79942399678924
20 -23.499388427661614 68.18597226593675
21 83.28353543046788 58.86928394144718
22 29.599134447992327 7.292651936995526
23 -5.097366094210898 -25.93572237870015
24 13.28757213197737 11.340847471271658
25 79.71502937323714 -42.93446698928764
26 -2.956713895547793 56.13739755152173
27 -61.08537381033792 34.60679370008779
28 -29.19166848253421 80.50389975267308
29 92.00728990743187 -46.79660829203851
30 70.20162647572718 64.2221658584318
31 88.94292763872477 98.57766939178015
32 32.76846701132709 20.46578100850178
33 -72.23699024217298 13.838730861687523
34 -65.53221325524584 21.888965678228374
35 -31.14143524239772 -15.486622275284006
36 84.69923108684125 -64.79212217319439
37 -18.33986310144695 -45.18567923656916
38 68.52350739492894 26.023641084020994
39 -14.442152825684062 67.07062945428805
40 -83.66874171596956 13.800487278876886
41 -45.92383344323616 -24.965435450302692
42 54.06705382533187 -93.67368510482154
43 39.804680927084746 -28.1820177112688
44 41.21679046080797 23.647186868098217
45 -52.687444508333826 94.50051243317918
46 -60.88167757470644 33.381240366528885
47 32.25112926513992 -80.00916964133626
48 68.75668728787076 -37.5183712845844
49 37.075470469459844 -49.48861890958236
50 -84.94315525523481 24.93211867350466
51 87.29242133570128 -97.88400437018316
52 13.78848662074094 -89.47697244914573
53 66.86912830327788 55.93883008019327
54 17.548927944338132 -83.2306779915847
55 -32.58730965940744 -90.58775496865826
56 -21.108261595830456 -25.803375253520414
57 62.95801239436494 73.48020916897022
58 11.520262841015466 14.635126081844433
59 0.6776936887074072 -98.12712397702452
60 94.56686631149543 62.82527428058137
61 -82.44586477326709 -90.20288662570016
62 70.33011107370956 93.5532800856455
63 94.03075351443604 41.936743547286255
64 52.44383590846823 89.69854760742484
65 37.8857137079182 83.44540148798018
66 -90.69650639834799 60.989135630705704
67 55.04815369698753 -27.34612741960376
68 16.67684033076145 38.92547799037189
69 -91.19660746459112 70.50297763697452
70 83.77745778701899 50.24661652235264
71 94.81028390478107 -30.748034847590674
72 -51.31871922543192 -10.52272876274057
73 -33.41967861339474 -18.198408518334674
74 11.817811002287783 -39.491804247722406
75 34.54473252717111 43.010033967792225
76 30.369272161014607 37.826176411527626
77 31.562356712449258 -24.331134287636786
78 -68.23751108928906 -90.07572667144201
79 -11.30237353174033 -73.65458065712687
80 -78.96005915702722 -89.4131490914348
81 -2.6754088854265206 60.0868556174799
82 54.74783460171446 -81.84195467326865
83 -52.91057884482247 -81.97957393894595
84 33.08076706674717 -91.43363272283443
85 -76.00952934470722 -11.826661046529011
86 22.374038685993526 -15.2077764891674
87 -71.18857169522562 17.374850273946294
88 61.6361869031532 73.62917680405116
89 -66.63020900285979 0.892130459145406
90 29.666012061763297 -19.996174452550733
91 30.519307152841208 26.490631558909257
92 53.399758514527946 -80.21670801969971
EOF
