DIMENSION :92
NODE_COORD_SECTION
1 -96.07455193313032 -68.88943051649177
2 81.84625544698812 -88.26699898276023
3 -56.61538505551103 33.10465235125727
4 -51.51563193473483 85.51400836059716
5 55.71807662696622 81.70600825378585
6 -14.838702431917582 -46.06995720992335
7 47.73852055869418 -8.216320691472575
8 38.98344291537205 -62.1436257361093
9 -86.45635648566005 61.141468304874195
10 55.87268940535847 63.533992651602404
11 68.36681832369223 70.00542638632558
12 2.321125575130239 -73.5914949421618
13 -33.27259751672396 -60.89541884289458
14 37.964592344509356 87.13702675946521
15 48.31942286867587 10.53547985415446
16 7.1208111373889835 -91.80793720946951
17 74.80393847982617 86.89033180743272
18 -97.21060420616003 1.405334635701493
19 21.64690849466693 66.66755037153084
20 23.21263584546142 -50.04132290087517
21 -28.62903471850757 -52.22749539567766
22 88.94750444242547 -7.256837465868543
23 -81.93390645435309 -64.04449917018681
24 17.500836269022656 -85.32841628366799
25 37.73071931195801 -8.677130470734312
26 -37.06868069291236 73.44366458344598
27 4.991315646005475 -26.40371522438518
28 19.42336650584889 -88.5727619595402
29 -56.02480715614811 5.5843913065785955
30 60.68958891221587 50.73283239298675
31 -10.412313906693598 -35.63005590045148
32 -58.83991278336423 -49.77688179586745
33 5.171495251075157 -68.99534191852172
34 -79.73155819803308 -84.88727313043452
35 -46.49741438166226 -17.956928280921815
36 87.74569799404415 -7.022019494420647
37 -49.696487492013496 90.03584338054341
38 -34.31466217636962 -35.58971259732775
39 -57.06838321424392 -84.85817613577014
40 -57.75626269597598 42.210762266101085
41 51.6262206522004 -83.69257657347838
42 -47.807847475853116 29.937955577463953
43 86.67528567810493 88.00086832342907
44 61.137864713932885 -41.21553200670163
45 12.088815957714246 -62.722133335957594
46 -66.91630084620905 21.17235131998008
47 -35.15735845243819 55.994441175066925
48 -34.903359132977755 -49.87875267528376
49 58.4829236578025 14.271614425747316
50 -41.792116752503915 55.35729376827294
51 0.8581664497035746 -96.1442282978078
52 -39.73184448162495 -79.70511708768615
53 -62.027792593180564 93.80754426342153
54 -35.66619529135295 88.43736454076458
55 99.42810927097395 25.99115381417664
56 75.26062521455285 -76.59300343980513
57 -34.34047937905751 -25.874811319961125
58 -32.46602296615744 13.728292284472147
59 3.122566594955515 17.694883439614586
60 -51.03466075575851 11.65319326612358
61 -79.15204682056394 40.814967842529825
62 -82.26300500526929 44.73040534824639
63 90.22950928947881 -43.828670216507824
64 -45.62192306773003 19.485375483339666
65 39.651931017745596 -24.541340162647415
66 25.606821905536776 48.49141507238713
67 -13.462929329284464 0.2704001460223111
68 93.57536149324676 75.27654113051244
69 1.6147086829564046 91.18639238065066
70 21.905044183662724 -54.07526965381897
71 13.700257873385496 87.84259914095475
72 49.001737592180945 81.89421869019307
73 57.98841983350789 -0.9436100241097165
74 59.49222409884297 -54.510361059584596
75 -53.15157536503374 -40.37999689448115
76 26.22429030683655 57.588884216044534
77 99.33298850079419 -40.83630662446485
78 18.124693947887323 26.639489211187907
79 4.08970735617045 -11.470662871236541
80 73.3107818839351 78.6035657432713
81 -89.90982214674864 -79.61583270396099
82 22.2030313289723 -60.55573122317342
83 40.56868068919292 -56.65654984152331
84 11.9874883833875 14.91088008474884
85 -92.21110698395285 -97.33999718809979
86 31.62838738915832 36.79367353110521
87 -30.266528231104516 65.57740094542478
88 -34.266871006052455 -99.51625822005398
89 -85.46180500897668 25.73296332283357
90 15.9230284184992 -94.41295875717361
91 84.46862659133521 88.5354458147444
92 -80.03493600821592 29.506047293668445
EOF
