DIMENSION :92
NODE_COORD_SECTION
1 74.8962943405923 -10.704821773059734
2 -62.09229046080627 80.55568605908937
3 75.16151315793078 60.24356869928323
4 -31.045624952780784 44.47909600943413
5 -95.96194585899553 -66.79044236585081
6 -94.22837428187063 -52.04209374690192
7 61.732022824297985 -20.1940953974664
8 -38.0094662914849 -24.119983257886176
9 93.04696087801287 -82.79672762076449
10 65.76602541469998 6.350131746188609
11 -87.94096438956109 -45.066661021958375
12 77.59906602624434 -5.77414727127163
13 -86.72311632588479 -76.53375367761082
14 36.74859691661305 -53.47365405125517
15 23.271839628365385 -43.82505291499885
16 -16.324017638265786 24.31445015816678
17 3.9905688911293 -94.91197904980999
18 -71.18393907703029 5.067100648432728
19 57.43894928322945 -89.1283543260088
20 42.07058520217609 -29.78696116588189
21 -98.84759850996289 18.770504650489258
22 -77.22862016526769 44.430790612203396
23 -15.155477741369737 34.77636606788866
24 76.46208266187185 -93.53595351985837
25 0.8525061281085158 -49.917772157775616
26 72.69887589777241 15.62551910742944
27 -95.52578944205672 26.91894462340217
28 87.17227006798629 53.82456657107798
29 -94.98152483528293 35.1603319925961
30 41.80348148118253 -30.132244261222496
31 -85.63321321020803 -43.37820195435567
32 -51.92953545700125 30.945776827365933
33 -52.92909877627518 -67.23341611602874
34 -68.32956507443899 35.63406324828409
35 -45.51229416332381 -78.42717569775314
36 -29.27302639146292 -76.60144142982983
37 -54.82094934231891 50.603647633288915
38 15.101631832907756 27.512176631624683
39 -5.219085217328185 5.86161002048064
40 70.97137958033574 -38.548461922038136
41 80.77284513089913 -20.20216420912429
42 32.684848375292916 3.2575934988696105
43 -8.944912369507435 -83.11471174366183
44 -76.98816117738599 48.007849316290475
45 49.96747723584275 41.45463311620844
46 -36.74781194503238 -64.53798285275491
47 81.36066175882209 -69.96971303853564
48 -63.7283536608219 28.106804908717265
49 85.55684971162842 99.19321584764663
50 28.38387163553068 -85.76013657174255
51 -54.48623526664422 20.036197297952356
52 -59.90061453105151 41.39677025030039
53 97.23212096570799 41.566246652627484
54 -58.886255971437485 -52.66092994131344
55 -99.57657518626182 -92.05197552136757
56 -88.4911777338672 -51.014496372475435
57 27.681583720440145 -11.728881098485829
58 58.992652128010604 74.08248949326409
59 -46.12178811563612 2.5630458125215796
60 -68.8951699399245 76.07414846758826
61 -27.771812202178296 -75.94096673039792
62 -48.333987757558084 -40.45393026412838
63 89.44863509600236 65.27858780689436
64 2.35165725696433 -38.21881322545877
65 59.660842967004555 -85.75199270521598
66 -56.878253550580006 -14.619858540022108
67 -94.83850986018561 77.24690975273958
68 19.339640594142466 57.56259202924923
69 -58.08414093853189 -94.2538214563622
70 38.764946755257625 -96.32000951682433
71 -21.3975697133437 37.74344455030189
72 18.206788667914935 -34.36560326663654
73 -9.735252792675709 -32.50839516855149
74 97.47536442801643 -29.68800030613366
75 -18.896966910605784 72.65471682180845
76 97.3713453961793 58.80399185042606
77 -54.335411132102585 74.21480144952386
78 -41.19586743916419 -75.89836068726605
79 13.668560885202098 81.99209817099577
80 41.73166435945325 -26.883678829775405
81 20.92725168035186 -12.569681316905218
82 85.46586244683039 28.289468887650145
83 87.30269146591439 5.337709205724025
84 -64.01039648059057 -85.27869575919559
85 -97.63626819480027 37.56351463654079
86 -68.71760185699962 40.66149994010922
87 -79.61447118788396 34.128713119913385
88 -97.74626301418078 -27.63131483307737
89 -51.44017423146019 61.11890264515429
90 94.73450838519304 28.760113954274345
91 75.76099591545432 -50.31380130762004
92 -52.92146478351327 76.93656194319806
EOF
