DIMENSION :92
NODE_COORD_SECTION
1 35.60675341369472 23.340799305431844
2 66.63938194945209 54.68583275204159
3 -20.780469120855003 97.83650137513587
4 -7.554874362767251 93.29853227977654
5 25.787210615382364 -48.68857859809466
6 -9.824110888540645 7.952287240814499
7 76.22597953820758 -47.56351477773493
8 25.646264665503836 -67.6926008896701
9 20.976517137238275 -3.9747452032934802
10 -12.471488194486739 52.82390904278898
11 -41.753177480626235 7.644200958056274
12 61.25457345070075 -54.86343816434513
13 20.83446313453348 -87.55637096028993
14 50.86827324117439 -2.3606991598066998
15 16.295147383967915 -28.14702955849566
16 59.551549907379126 -98.58863769155033
17 67.45096604626875 25.573394251728644
18 -12.599818336362716 -89.96891978520772
19 3.7083100762917383 41.33961829302896
20 34.12600375116156 28.487634209027703
21 -1.61799682985108 71.21187927440499
22 4.714191138382205 77.31502503437892
23 73.19872661614053 40.698176644898865
24 -92.33429063592715 96.23656433920377
25 -1.6206177713930856 -44.204136944230775
26 -91.69335716960344 1.0222891994535814
27 5.17667533220758 -96.91929189029389
28 -46.25237239414608 -12.0742110434702
29 -2.5293882346841343 39.26081561609561
30 -78.57171361898907 91.9809065379707
31 0.001324164627945379 19.151497723590353
32 -40.21712894736407 -51.39708351280006
33 13.045125015988802 -5.1833581581054915
34 -12.584723226553777 -17.647124113102137
35 56.816204270435605 33.660886227595995
36 96.2727249800958 -47.61227169435352
37 -16.396906239069864 -50.45385876069328
38 64.65930440464507 21.033076440905845
39 11.62541747587538 -81.45502094741522
40 -72.46803735253297 80.07933981622989
41 91.82310219441587 59.73252269298018
42 -25.62688184608288 -31.18376660875535
43 -42.73317585868246 1.4574899600420252
44 49.03567630244464 48.484551173302805
45 24.60489198639273 -75.17785883190334
46 11.307740727003406 -40.261800673598614
47 17.938458749581244 78.6399402931535
48 86.54590567672523 82.87363560238038
49 67.74348880470811 93.92874920802865
50 -22.422419068207944 44.997802710033426
51 -99.06561150902375 -8.963469094979686
52 42.17430178349821 -26.030191930258155
53 -17.10909491791604 -31.21449681901612
54 -50.25030700954096 85.86553337812148
55 98.24632921109415 92.55983470269854
56 22.53705861279734 10.878653555634315
57 64.46169502337591 57.05095603335687
58 -60.646530499347115 11.985261236539117
59 60.68720568245297 89.41367306753074
60 34.15841461102161 -68.63625871287391
61 24.1386117716268 -20.124656441629796
62 56.96699281852298 -88.52471656704266
63 -82.80703390432265 -20.620650577569506
64 -18.721101573993465 80.87466991311027
65 0.6345995150884818 87.6333288824998
66 40.0362465395913 69.23496621973902
67 -38.0411697192623 69.97148250718084
68 51.22463719523131 21.733822131569852
69 42.36739876592782 -12.27047441068838
70 54.583589174085745 -80.13684391766435
71 -17.933708015256315 -95.6302189844703
72 -77.50604598739218 83.88803947893376
73 60.70300206313854 -61.61696280110584
74 -69.03848563108352 -68.40531255539835
75 -51.742916970978435 -25.967109603565945
76 80.71746705319208 -1.3684937775507677
77 -98.57582872485034 -87.70279025712384
78 43.80817874906796 87.66120473890737
79 41.51035559697732 -53.099356957576816
80 -22.351986151188015 6.706069456675891
81 32.08035359243243 -15.879079910167349
82 96.36076792418774 81.48253823561396
83 38.079348590003946 -9.90905749478759
84 18.336587861978003 82.18525305258902
85 -7.124829867306943 -54.39237492672457
86 -80.71693300579682 -7.905090465680061
87 -74.35623996973548 15.997522064454927
88 11.650555716773866 -36.45180892971827
89 8.747732292566951 -97.62161470144648
90 44.163408917759966 56.22218972016623
91 73.2341048586537 -69.30519916081775
92 -30.709566868821952 -66.65020658195104
EOF
