DIMENSION :92
NODE_COORD_SECTION
1 13.967378930905056 46.30075243196163
2 54.472074024846506 -40.680065461034246
3 -63.275815826572845 -56.899470804045805
4 47.4550513252228 85.29263724916396
5 -23.41926265179528 51.84367931610413
6 -32.06219952899035 59.88612467969466
7 86.55231855382993 -94.39544986100812
8 -50.33844356110908 -13.419116311595928
9 85.67918434062352 87.39884261033083
10 22.835316605160315 -57.449795154507946
11 30.80868173054455 -83.03521412191479
12 -26.599147214930554 7.447739239243731
13 -77.09107671369856 64.24046685426782
14 47.68445885754042 47.73949070602228
15 -60.600346141796216 -1.3500494115482127
16 87.37795633147499 -71.31883470780855
17 -58.78750624169788 -7.900237479571317
18 -97.35672496878065 -74.54432347045754
19 -58.23078388582537 33.626387998586665
20 -4.763737217505252 -64.35019467196348
21 -55.2065998979075 84.9245676058753
22 -71.10290598845752 57.16303330099109
23 58.84725259663014 8.525164913895793
24 -89.14390716127667 -11.194362383878769
25 78.7120793777735 34.180452983031216
26 96.15551587655992 -64.74287115866089
27 -12.792708133421812 -5.94621361900974
28 -44.41082000127787 53.7203436513021
29 75.76952564079565 -46.40040297188464
30 -41.58643344725503 -33.47964820892268
31 8.08999057895015 92.55880560108241
32 12.585518273309717 82.06159409873288
33 -41.66533225723303 -50.71629997206628
34 -21.866773857417755 15.970554848325946
35 -56.051421053593465 31.645542841338653
36 -76.63128625361703 84.91553224669758
37 42.771947266190466 -80.93292449962539
38 29.00168980727682 57.50893968201575
39 -64.82746379170817 -67.23879417586005
40 -38.183881228221274 89.86172081161845
41 -55.87484347816527 35.046324529912596
42 -62.57755036824173 47.77359576817429
43 59.64572031874479 33.647597530898224
44 -29.299989540650813 23.20674119838462
45 -71.2860599907925 13.18272578311823
46 -27.10438553024032 -10.395227643601416
47 67.79525131883406 -6.43023500485927
48 -4.053945013142737 8.782760233958314
49 12.299101225223069 -76.11639425555259
50 47.443593449048706 1.5282704825749107
51 -44.21265868571289 60.22672584767855
52 -96.2347029608761 24.717293710539096
53 51.47301838375236 -52.53096805632009
54 34.23845433634591 59.66314003317049
55 -50.47364288736218 27.250579994971602
56 -84.18404087559901 -90.41962106176898
57 -74.06857731014387 -71.57005976667914
58 65.58718526001988 -71.54007874433788
59 -77.8866483452727 -38.7997122652298
60 47.55122599440841 -40.68451749895878
61 -40.71724518546074 32.38404633791586
62 -79.56885136164723 46.67572747913624
63 -82.57967205735808 -73.04372583135074
64 84.90937491393106 6.360318163251307
65 -23.948618473967983 59.63577045276588
66 61.515873855079036 -15.007601991188409
67 -97.56353585155708 -9.577788749027064
68 -15.497598325559466 -77.63614507360919
69 42.530901534482155 19.246407394820025
70 -67.61238984967477 -58.3160580374027
71 -78.95743788434541 27.440138824022227
72 32.45943902264429 -64.09420401790169
73 -10.856196865446037 17.52077555358045
74 -25.627319529590096 -7.260442852265641
75 71.86998519076914 -82.1747642543123
76 -52.91877680332932 6.624708723319372
77 61.9637190940951 -35.1833289778873
78 73.69609201730168 62.84848795900035
79 -17.09971051779374 -46.57352154461785
80 -39.53816777489616 -52.83886426704054
81 -98.9434630969806 54.58327223914537
82 -1.1045065849732936 33.652921459906366
83 -94.53815124334386 -60.88060473343686
84 -35.76605278877207 34.32186840255616
85 93.29658151836003 18.534834933396766
86 38.68681949488234 55.67521096034068
87 0.27971432314718925 -84.36276729232549
88 54.593948174545574 -99.12833011327771
89 -2.6858101855980863 11.865892736570444
90 -99.56216568384623 -19.6743364950094
91 38.23490133629045 83.14674070978063
92 61.76298391322155 -50.64129793838652
EOF
