DIMENSION :93
NODE_COORD_SECTION
1 -79.2108108823777 38.184985234736644
2 40.83523356535957 -37.692631283468295
3 -46.25258611727738 -43.36644198108623
4 -38.629430718268544 -58.12787496111162
5 -96.0257424758519 89.8368606027102
6 20.119371423423658 -38.746764983952154
7 -96.34475490021599 90.23580109529928
8 -17.57202586466333 22.793334791624147
9 24.790690142428474 41.30137595157868
10 92.82775771392119 75.3729752984282
11 90.68870337562478 -26.127233414366827
12 -96.44941907475184 95.49529855553783
13 -45.908789166144956 -40.46960981540582
14 -98.81337177938923 17.955092021699443
15 -82.30403177355933 89.23751443415654
16 -25.857843715210493 -1.7483536431365394
17 51.9390303162846 51.148220384745855
18 58.28119020778243 -64.80608742764578
19 -74.74622327219163 -41.60663019537758
20 -25.888250988237786 59.68552527200825
21 -96.3759009910699 -54.179478680968614
22 -73.89624624246204 -95.53373308329864
23 99.1009355066509 54.07760299736802
24 -26.79764378368003 -90.37433038326981
25 51.052932129425955 50.09434480221634
26 -0.6730404617682808 89.99348321472337
27 -90.72649892636831 94.9294481318368
28 -86.37721121308677 -6.949178562952312
29 54.66820238607377 -36.8843552357947
30 -7.54162547073453 9.794830336148479
31 -58.902151946628535 42.04867018679212
32 38.639019992954985 -33.97119355218072
33 71.0543589382103 -4.369508370022828
34 -21.967349513550687 17.83875750068735
35 28.197917140512146 -36.709055620298045
36 39.7812600646655 2.556461041396858
37 -18.614453056141798 83.67618884051913
38 -26.502452034439145 -44.701893824258306
39 47.67285488844132 -18.293687388166006
40 45.32298245421836 91.20672296287034
41 -44.12793300390865 38.36861025800732
42 24.45007582261158 -25.18439577960079
43 -12.398658370949576 -25.473035430736957
44 22.68821763433533 50.48907084349469
45 -10.638415307717224 -76.80800848319518
46 81.87895513113665 -8.31415427877144
47 -52.971196760938085 -60.88944096750246
48 17.44325222160144 41.82959985684363
49 -6.748570524553472 0.19736144318957827
50 21.069667865829828 65.86001435462475
51 -21.4062193004426 -7.754623801704994
52 -98.47087472343034 9.076997665434504
53 78.86812891684858 -63.484029714978554
54 -0.17160086938001484 68.67964759853382
55 -66.05025891890672 19.22356574020523
56 -46.6089627838149 -76.55938595494634
57 -82.5294988121793 12.593878522518722
58 3.681030462498839 38.24562065215349
59 -77.86148103558375 39.088639850379735
60 42.6610169969982 -37.23306843210581
61 -87.96745721296433 -76.44601001433648
62 75.7035093804732 77.32863993585721
63 41.07167639951433 2.4636056292880255
64 42.05003900061905 4.060665004405777
65 -34.03767450729856 15.091792887186742
66 -21.360195134984153 97.72751294678997
67 92.27602256707951 -11.634133305629419
68 -60.89411389394988 58.156741690672675
69 83.91319474022822 45.311019480961846
70 86.96371284262736 -35.01860953493225
71 39.05956187360846 16.41522727950759
72 -29.50703322837292 -74.55061394912927
73 89.84350276633629 13.905513286732088
74 -43.45924138621386 47.342291099395965
75 18.25406545061739 -59.15882511006683
76 -48.549639740536634 1.5846156559159397
77 -2.5188715129766734 50.09352502181349
78 69.54645582855036 22.914093736226533
79 -34.3094279578996 -57.30424458703527
80 23.084344018727407 12.02234369564961
81 18.349009999778048 0.7107157498854804
82 -97.70285340365248 48.86434811440364
83 -34.435919694066456 -13.321740037455626
84 90.15161924611976 -95.62560624444419
85 42.508011712916726 9.868092857859452
86 -86.35030425473991 46.61500117256716
87 83.84357907092812 58.97796434227246
88 71.98953185324666 -22.575430378707324
89 77.17325811511407 31.5811350191957
90 -98.37371383091495 -93.08155547443985
91 95.88381913626739 52.54121342061978
92 -60.75048172969781 -24.26279925902604
93 -21.639676756769916 66.77635708663288
EOF
