DIMENSION :93
NODE_COORD_SECTION
1 -26.990400565434697 -60.18949549667529
2 99.33127881293206 -45.37611683355851
3 18.01248810638552 26.576246814514406
4 47.47453428705799 61.086425360482195
5 62.6772847143057 72.37651709921832
6 61.514796882925395 -28.7529256726925
7 38.51344038359602 -92.38921881181221
8 33.534371717910346 93.50693702500084
9 -94.42853520595438 -0.813101688195303
10 84.49831820439883 77.19976401284154
11 87.10561569861815 -85.8682840215702
12 73.95962059457159 64.30114073229666
13 62.10500427732876 -97.5514737597684
14 -97.34228033333075 2.0746268256628184
15 -45.262751177364805 51.9862513116029
16 26.449210919724678 -44.154510713690584
17 63.850473781933374 98.74938202402359
18 -80.26407261001125 32.38176560721274
19 61.03094667699912 -62.008397656045844
20 -72.4676795813462 26.90148654057363
21 52.315219238697296 -25.399733628600913
22 27.540457182403117 40.51388029265067
23 46.50724951473734 75.69278628437587
24 87.07770135502054 79.94148851146866
25 2.1524588554485433 44.01021115091572
26 44.428550426599315 47.65922411102753
27 -64.42766551812795 17.60721942803147
28 70.16872130975798 -41.87465719757677
29 -36.03533581619058 19.50185040045305
30 -28.76381264725252 74.56853418497298
31 30.42613028977661 30.362409789010428
32 89.00036150859813 -49.16579722254988
33 11.855482471699162 37.97295624795501
34 -87.69283198879778 84.08225843963996
35 -53.95289050537897 -70.86707562312668
36 -22.54553826770953 36.6676837942083
37 30.886431407328473 32.81043539038012
38 -40.7214526285826 69.32422564200749
39 46.40996304013791 -2.2170400813808584
40 -28.990575897411603 -57.189339317934085
41 -70.40535123051484 93.66301397702318
42 -14.721330004764837 -8.531888227275928
43 -7.90754514780096 -38.87929647848436
44 -35.359360553912495 49.67595275151524
45 -87.27209426183732 -94.72113964994287
46 -52.80592866060607 -79.01708339318252
47 -40.57230756612722 25.670774825422257
48 -28.632111237872195 19.729122504723406
49 99.35317085067896 6.814386899503518
50 -56.33856697911233 -13.736340835809841
51 -58.64197368716633 55.370985313878634
52 -45.8940269339696 79.40166264577627
53 21.494958689311503 63.020529659312444
54 -73.55906490405688 -16.446400216458628
55 -9.853100773587116 -1.4003428412444805
56 53.47479582167517 -67.00118604832372
57 -11.54030782893291 -11.287323133696887
58 12.827170334505425 -47.935780167622724
59 -87.89517041604505 -67.0602552816774
60 84.22520636898616 -62.49173672932182
61 -47.99761743892987 17.930570440618894
62 -3.246073711903975 68.19919677129198
63 -25.514196101830052 -55.91393188124507
64 22.936761505105324 17.215938877049
65 -42.508169251786065 59.19438290188768
66 -93.75095963393163 62.78862495669085
67 34.71035064199677 -94.69818885815103
68 59.64377173935097 47.035252286616014
69 -83.76941017043458 -71.73677337548459
70 -95.10434989059738 15.239754172809782
71 -47.928493852325516 73.8306062600156
72 36.04575808830225 83.45588604301633
73 84.08601026134127 99.80239480385143
74 84.95597384160743 28.5104798859239
75 -7.920059465811605 70.67045589886843
76 -57.041309598545475 72.01853767377202
77 81.58853460725632 69.36548523840915
78 -50.18598905890506 -61.188156199445
79 -16.395496546379903 60.11568610860479
80 -0.33685350516743995 -89.77827024308249
81 -59.34647113060889 67.09777633533818
82 33.39327754308826 63.94575039836451
83 38.964426350129486 -4.52676314120572
84 87.80573775103164 -5.23295585676064
85 -86.91707974960832 -85.43301590741021
86 -45.79406735724392 44.18425787732133
87 97.12942761105285 47.359510469745686
88 -37.49003122471994 32.048963290544265
89 26.002855316459247 66.12777095508781
90 51.689480443091554 79.59653741312266
91 0.18399455674841647 -19.015951877602745
92 -86.64715452644509 -59.20442010253182
93 19.393632018664547 -73.77386023130472
EOF
