DIMENSION :93
NODE_COORD_SECTION
1 17.826305917479687 13.989061963114608
2 -25.993475618672363 -27.113884699715356
3 5.435481222086253 -44.10456010730097
4 75.63596343867795 -44.205280000630594
5 99.90190836294983 -97.32175098567144
6 -68.02578372088111 35.775214543403536
7 -50.081082422871326 -56.56104320697439
8 61.51136066746926 80.35632951556025
9 -55.07059553905407 -23.019005577806652
10 9.947158125652237 76.76100455064636
11 74.70022512662382 -34.9264602637227
12 85.6898587057106 -76.31308173450563
13 11.858980914516692 -19.543433781795642
14 80.78380411172807 -9.13408953806561
15 -74.61735019773653 41.60981888378558
16 -82.2251422849234 -97.02403507591066
17 -6.620786530769763 -36.77745054409838
18 -61.000683694083136 -17.98190600743466
19 -74.89517639337082 19.464763135431113
20 -87.99163050626122 -8.940100988709077
21 25.01073561643517 -83.42505718396902
22 -36.68309504725564 62.28640578169518
23 35.71576528083531 1.9431456109803946
24 -27.608090802864808 -36.41206692300511
25 -17.848435818317256 -1.2174495156093315
26 58.772316400544156 -39.546246671735275
27 -94.27039269023739 48.64645902598633
28 77.43871524761988 63.7294785994695
29 -74.76966884197364 68.46198320273339
30 -98.97213129331402 18.83503766846451
31 90.21639436455894 -15.584470329957199
32 -87.78639453397014 -11.67075154004668
33 3.1236867901330214 91.93944008700493
34 -44.447841448652284 -92.75396974915667
35 -22.21486190539983 9.213043677454436
36 5.316635152118295 -50.58360601979519
37 -25.005902063051465 41.005565741779264
38 -5.678221587221316 33.02933571257367
39 -90.18455792385024 50.352304333568924
40 18.466890478865935 14.973903065316165
41 -39.295673909638886 -52.53036675867379
42 82.70120786835759 -23.956249081781863
43 27.093871399097424 48.47839089346567
44 86.34261422005747 -17.125525181766776
45 79.96478970609533 30.91928641141027
46 59.157240326134286 -72.47674909887066
47 29.01139709029198 18.708048087060988
48 -45.666090740715774 91.88916720375201
49 90.37012055625513 66.09209049214039
50 -19.53592820174444 -38.28814008523707
51 80.47810028566232 -21.66551576209541
52 -88.13565942060231 -76.32494750005725
53 -15.518909552458211 6.2651737898019775
54 55.055414511080755 19.180642704384425
55 -48.288588784655005 82.50336991682394
56 -31.062412696740466 99.64811900024316
57 -43.89176261392518 -70.93085169677073
58 37.179781334896575 -69.26693026389859
59 -73.94584416913699 -40.73370000568972
60 -26.434550906464267 26.647661154753166
61 -4.046627996809889 21.13263812624926
62 -95.48470064231154 60.805019805908216
63 60.97860616242056 85.41790819479115
64 17.733482162017893 -4.701539311034679
65 26.765244149311627 -32.03640681905715
66 91.9001911352978 -0.7343217639774764
67 37.432838527796605 94.52295513121109
68 -70.43954256248917 -15.023060206297671
69 -61.83433479078817 -34.52632016964901
70 3.835271511608923 -19.474481914720883
71 82.68562697334013 -41.46040170542462
72 99.30789975149204 -20.712430447013432
73 -68.69776955480964 19.551995960829174
74 -21.585361225769446 -41.14228354182403
75 -98.17389396690686 34.44509792165297
76 -63.10398169024474 45.955808580928505
77 33.48396523369249 50.09434396814959
78 -74.65914411474803 -81.16084987402988
79 3.07447936037552 17.270210428861077
80 -91.41779464714233 85.04377307797228
81 92.95618702339277 -34.105695232794346
82 -89.31915325386257 49.817294232212475
83 52.06001874867073 90.94855164773355
84 -49.541618018855615 -0.6050911927634814
85 13.970684852963416 -73.19758072489148
86 11.018765983436694 63.30926813389871
87 -59.777419077684925 18.387099593609406
88 -93.57654999644429 91.21393027628301
89 42.30764087688746 59.55964747183984
90 9.662089566116961 -17.760786430173113
91 -97.50607315303583 -37.8357990406704
92 88.28710345401763 -61.31174260808512
93 -38.59457893048956 -56.28859298209752
EOF
