DIMENSION :93
NODE_COORD_SECTION
1 -42.4428137686903 -19.07966585604322
2 69.4150634897587 77.2612227533726
3 -94.33879947990805 56.55721040298863
4 -90.74547306464407 34.008434548823175
5 71.57059765776899 -95.31218143173443
6 88.84589724951189 -32.76584484031176
7 -36.704974476391584 94.53518594826224
8 -23.788026023302123 35.700710531187866
9 92.7923097155757 -51.91112914535003
10 -97.57662720675908 -54.768581202631104
11 73.51063126714288 -22.5048638809767
12 -6.107687249507393 99.13068632971536
13 77.51722037964296 20.53613099512981
14 11.924435693196457 91.26410646149577
15 81.39450346921248 41.31849139713307
16 -24.70842534305875 -49.96789943635
17 43.56111494776346 -21.669274288818357
18 20.690038794312372 -52.865088966816806
19 50.40187916308335 68.31789855206313
20 -83.69962531693751 -78.05939894976324
21 -55.432677141685005 -48.03880742167897
22 85.26638616496624 -59.56799906740293
23 6.029860944281708 -23.861102033717742
24 -81.23758996982107 -92.87758081957553
25 94.96039804080414 47.58454243873666
26 -37.58022685822817 78.99409033262194
27 85.21564851089133 -35.95309299777753
28 45.23463304229688 92.42739498094741
29 18.202959841460896 -48.404315963414476
30 -13.318850733931242 -92.74706876571739
31 -10.883876740956808 -29.494310985522063
32 -34.39464922467232 -3.5274703275272685
33 -58.98793523072956 17.191501120725803
34 -36.42322694635665 -34.14047918480641
35 86.9250284015267 -54.046434158011024
36 -94.27357617411411 -25.43761665052591
37 6.191268456397012 61.835783597755494
38 13.701113707551983 46.00024668179475
39 -31.61601813795616 94.68365918210989
40 58.21596428110857 7.752525883957247
41 -73.26534281869749 -45.46869552975079
42 52.78828973942714 -20.190788717418016
43 92.64361358686756 89.73435460631885
44 65.58761749137986 42.46230652463373
45 53.85913500838487 -78.19472754473267
46 42.93832924923916 -41.717007614238135
47 31.131021313058994 -85.30371296948582
48 35.86278133380475 -2.956815433660978
49 81.62113413373027 -48.68558523487263
50 0.1544241097210204 18.10413005237119
51 52.07984686581685 36.34209057348724
52 0.8220100909744019 1.7088999723370364
53 60.77410154602907 -78.02408154460478
54 -6.65251782306153 -11.220484948096129
55 44.379183415391054 61.98513562059401
56 -22.94822667141662 88.23367417024221
57 44.522910220740386 -60.4694630238493
58 19.964219808670364 41.499985542763255
59 28.3975934143929 85.47351539772481
60 39.942940576079025 -4.175245823127611
61 -61.16847141495434 6.444053078581575
62 93.39504367778525 31.127374019807803
63 -48.56151808139673 -24.274445953572936
64 70.7971160003043 9.575509644273382
65 -20.059860314956993 5.053367460058027
66 -72.68204626853374 72.7152234344571
67 -84.51697694427432 -88.28693874762325
68 87.19717748503655 -2.094641270675112
69 -88.25200240087614 22.863468374734424
70 52.13474459567652 43.969475584387055
71 34.87699908412682 -82.20141693368836
72 -83.2018065197847 65.39274877044667
73 -14.28175617857832 98.90155308294692
74 48.655723864671984 -44.94468955485394
75 -28.38232917014392 3.3329231434548348
76 24.695031800626637 87.40746022323347
77 -44.03903629130639 -79.96550472830752
78 34.189237985999284 -22.843532147072793
79 45.89706725619419 -39.58085619259466
80 -45.47715583134975 42.948464308886116
81 92.15069528371225 46.15596359212856
82 -13.807771348866595 -28.8067623385911
83 69.55780252320878 -76.25065648373337
84 93.44674515118444 -87.9063748209907
85 82.93467793910892 93.14939885742481
86 -61.36194175187093 8.105388687138031
87 -99.88221704040636 46.420439508499385
88 -78.80312922452802 -45.53256914295647
89 -47.51193921467374 -47.46685240367563
90 -63.74212651995998 22.106307502987192
91 -36.97999679864799 95.63517024988272
92 -46.69488091733567 35.133078032572655
93 -37.127661184888396 -23.3060419843692
EOF
