DIMENSION :93
NODE_COORD_SECTION
1 85.64474118413261 -50.53228885658474
2 -36.74639027970219 94.25700307557364
3 -0.9079325550432173 37.888675145507676
4 -82.47407188138041 -88.7309062942947
5 74.61930307578402 39.22691206038854
6 -49.027946178795375 45.655099305542166
7 -42.0211719058524 20.96185283489109
8 40.989233793438785 -75.17553221905243
9 8.616712897513253 -31.106739412691994
10 -27.352413367159187 42.779251512585006
11 -17.006559709234395 -75.70615821105883
12 37.88577701564674 4.029870239185726
13 57.633304912550415 98.14562010631795
14 62.97604712175087 5.4253778502473295
15 94.22805282588982 59.75625723755559
16 58.478598716509595 52.12008591321967
17 -21.778364217203517 -47.28453125734333
18 -69.36809296972808 -99.812424577648
19 72.65476793412495 78.06586865425624
20 19.101970474154612 45.93214309885414
21 -79.35068700132268 -97.27351015604113
22 -66.75976161906993 40.73677330995551
23 -97.2357624448871 0.6214816377459726
24 47.47638651416284 0.3258191892268769
25 9.556398774235106 14.630319082547231
26 86.19875454802806 -1.3903517131832075
27 25.03091773749088 39.39014575323034
28 79.45176047646927 88.81752031302835
29 33.26758475046313 68.14476766901836
30 3.0062292041720013 -21.58593670669589
31 58.36120670315458 -78.75106035100393
32 29.83509884629214 99.33381330046106
33 26.915378298432046 -20.3992772988028
34 -85.24649717288865 -38.64277012092152
35 -97.31921775829149 83.18855272624398
36 9.958905810478385 53.99080857957378
37 -15.469386515612428 -76.89601099753034
38 -33.56666511896027 -28.997122963778963
39 -18.182673299940518 -45.21506595082174
40 -85.35345177638042 71.8057006390244
41 -14.743524665696569 90.91832264739875
42 37.72533966993731 65.16371554999404
43 36.83491500389982 -5.654714112122377
44 -48.76914816339743 3.2466452883981134
45 68.8423042664696 84.47589817689217
46 -14.08768982929793 -92.16465829189688
47 -70.02370281059625 -4.865415335899812
48 -66.71784401816694 15.527320585269138
49 45.573451285986266 -22.578514967198913
50 58.58408588726377 25.07794847180523
51 -30.63060888498093 28.08894692568208
52 11.702120219537889 -42.44766871137675
53 75.79341057660878 -57.903447137523955
54 73.7853211874926 98.75201626193632
55 -85.34587704563852 37.42204547142356
56 -34.16053903444718 -16.580272288092274
57 -95.82551630746397 -19.130426227420998
58 15.263305693747782 -97.9857394338804
59 73.68596243253299 -44.469141020547795
60 27.283963759065344 -36.613038742017714
61 83.89323923849082 -46.281239445812815
62 -59.527835123328465 -69.51992740477837
63 -49.52762465651026 53.60696473130497
64 58.9949208785132 61.206402967974526
65 -24.13301799245029 -56.52651935371837
66 -51.01035244262948 32.958755527291316
67 -45.501598270017986 94.3596682155318
68 -37.57969728879493 -93.26321538078368
69 -41.79243747970416 50.12067277650661
70 9.002743530971145 -4.332289389337873
71 -68.40230895783152 -96.74281632658929
72 35.26293626450229 42.73675277925767
73 -68.95135294256313 -44.417626574041336
74 89.51843487423872 83.83189503596256
75 -73.4748494976369 24.69214893976408
76 52.54984872239953 -25.25319256571632
77 51.90283724399018 50.37072923072344
78 95.95576901595038 -5.425176432111684
79 37.387539482133064 -20.522306888185014
80 93.66113735219471 2.9658558320660973
81 86.70479653008053 -36.473279813907865
82 -43.22447117949475 -74.99274147733695
83 72.08819443141229 90.08030910663436
84 -12.025471864565446 65.02866656882037
85 11.696634045653198 -12.751237359965046
86 58.80376673961672 -90.58005200110753
87 -33.05780220566079 89.99583457673643
88 -98.21808262739991 68.59042922812549
89 -48.68808969971183 -62.38243553663973
90 78.90540824711192 29.486612082034583
91 -22.38182007816782 -16.3253036131739
92 39.134146552570115 42.62472099255501
93 -12.7856829800252 42.823393932555064
EOF
