DIMENSION :93
NODE_COORD_SECTION
1 -93.2770980101196 -78.27182327089787
2 -89.55497676107123 81.26670811653901
3 70.98766552979882 96.04454046234457
4 35.75744041415362 74.82817448435532
5 90.7575388801124 -84.86710145235989
6 7.648759281896787 -10.749012015232921
7 86.56494558499358 -90.49440256920084
8 79.22745419897373 -15.881388198986926
9 42.05594846959272 -92.86585707429842
10 91.2179485306647 8.832556189574774
11 -91.25160578890153 -98.58269490301825
12 -5.520322111098963 3.4972557340261545
13 -48.34594123403655 21.684652933089765
14 29.469909743356425 54.772587520905006
15 83.79335895561695 -97.64016481948359
16 -66.17668130578211 82.99416196953732
17 29.232687747606036 65.07186074044606
18 56.448057825989935 -4.349568344538881
19 -72.87378409532039 -22.583184978129793
20 -54.9855267456695 32.34486327023646
21 43.34521346326957 32.73648122936726
22 43.43929218023192 47.66033463463896
23 -8.370095831754227 7.19433396838771
24 -13.055369576753904 -69.11790517021785
25 82.80006355498074 -6.406463548459669
26 14.497695312072764 45.32467360140669
27 -81.58758053726176 -14.204455641816935
28 31.913678472491767 85.04709689036306
29 -75.64573798444826 -6.737940355315516
30 53.63087357631727 93.02995667041901
31 -19.78557251108211 2.1570584984923045
32 -72.85639409224673 -37.573157762353304
33 41.87418829055673 67.60975806047082
34 1.3051177047690032 -48.70821011323716
35 77.61231351993905 -78.84658469427899
36 -61.81082177223227 -18.77663592104892
37 -57.8800361400885 -91.98113903953195
38 -12.074355042453561 -38.34484595529617
39 -1.8271219287754832 30.875873138087
40 -53.098150142793884 84.06147082412554
41 -37.6904605474597 -30.220608197851064
42 -98.05176981448962 -35.863876713626766
43 -1.2840421858018232 -27.508243705507127
44 -73.39685857198452 75.04111119182778
45 -85.38111538178066 65.01616696692827
46 -59.72158537244843 -88.88860939649317
47 20.84119203632649 -80.90937487842642
48 -32.87625388869513 -51.05943261779382
49 12.774404964145376 -68.44429806226175
50 38.61455353711838 -68.43823058492234
51 99.87519443799772 19.923510613598822
52 -27.635415256567626 91.4768276555258
53 -34.10604549235228 -80.86066527130744
54 29.390961497190602 49.57595438754825
55 -22.604582376084466 -23.558532944102012
56 3.036122622208964 79.5293175478632
57 -25.26743005729128 -15.611230173912702
58 24.9774388698212 11.020774745576858
59 -22.513120817548128 66.53968806683591
60 87.23212748374141 60.23325612678968
61 15.489292781594273 35.930324131083154
62 -26.208661598327666 -77.71576632928338
63 56.88809482516547 -16.586558920876698
64 -28.505843796144134 -62.15110152544532
65 46.331249382627476 -78.9158816035474
66 -13.021459631713967 54.99752978303886
67 -10.817611029953667 -94.56793289439376
68 -64.97696234852421 47.31289950925003
69 21.79126690855584 -4.475550545863285
70 83.3194818674707 20.642302149155228
71 93.19088204709266 63.43730530066688
72 39.693542380347225 43.3780707622802
73 50.19528612362808 67.31761205796946
74 50.01654456955106 -31.05053978554031
75 -34.2766199559223 -78.12783914982657
76 38.52853191846012 -15.752248188425867
77 79.27580288023154 -43.25658691110563
78 -32.98094170642881 -86.00432828005748
79 -71.15657466202276 -59.853375125056395
80 15.288878179337999 38.61105755805053
81 -54.87241122760669 -36.69339924656783
82 -7.457872140349124 -58.09605400267939
83 -48.19622841718181 -69.3535872734043
84 77.83527737142347 94.98527817906862
85 69.66196005989926 -18.655451619728012
86 57.43556889879102 -95.94561280704832
87 57.80849550581962 79.79107853458274
88 77.91835174774425 2.271631851615936
89 -58.28417999164033 55.637303687035114
90 -33.94081161746536 49.71150862067691
91 75.75803073432812 -51.45235592892175
92 -19.946808115707285 20.430660490009856
93 -33.02825774114022 18.426380374988
EOF
