DIMENSION :93
NODE_COORD_SECTION
1 22.784164393265357 77.15360697077139
2 -4.6904210550807335 99.37185524518512
3 50.90304371352326 74.50847500925508
4 -10.967823188761372 79.97749618568591
5 -70.82558502813811 90.44557539607533
6 -31.137591917082048 12.11917987057052
7 11.692028794782686 61.26921498581987
8 -67.95709488068364 -24.759984214245705
9 -45.834113842040395 -94.8022288528295
10 10.820231890882297 -97.39659365884943
11 21.14658740350943 -37.24043523538714
12 -85.08325795978429 56.32075437482439
13 22.309487098180924 81.53323874278473
14 -47.85023095447703 64.9762187816799
15 -30.032212910943443 -23.877439124651715
16 -51.238167730711794 91.16424252455855
17 -45.914565321883536 24.91957495729625
18 10.752201290385727 67.54457676128249
19 16.411987165589764 -72.87584719060416
20 68.47659238368175 -57.44139514376654
21 -28.036525636394828 36.65202296815758
22 -70.9915716772777 -89.26019751046647
23 -26.07544013548106 -86.02261459665677
24 -75.76830132322058 67.59028606100111
25 -52.85087678768245 92.620337283173
26 -12.638178281536412 25.28443421679725
27 25.787739431242173 43.90341926623336
28 -83.43223889078864 -47.000396969222265
29 22.172218315498753 41.76551094816867
30 91.59489992221623 64.46307759653888
31 -73.06109335955362 78.83560033283402
32 -2.234983631078123 -34.6565643037201
33 94.47397718874936 -34.36725363681954
34 -18.543930087336207 94.40351135424635
35 -96.88446947746785 56.67287083662666
36 -87.85881099656523 -55.12867776993207
37 96.14887870367508 90.42685806524602
38 58.29272793019064 36.274289451493416
39 -92.51700420074691 4.4887074528978275
40 97.93388192900551 -77.97884948829001
41 54.99753680661189 92.97634426466246
42 -20.65306806766442 64.30510652059212
43 -55.09837426201214 -89.89807192054779
44 -76.57636515100985 -14.559272095795507
45 -27.953102031999904 92.01243917243434
46 16.369975416796095 -86.46382379105275
47 23.989097630296754 -31.584493188269278
48 -20.046001524925643 -19.558469982749088
49 0.6939331184975686 66.16931585054792
50 26.211987360739215 -98.79716890596839
51 -52.865500490579656 -31.07024204863798
52 4.5048182179891825 -33.2092459556858
53 62.62916544621817 90.11175609314463
54 -68.95705396933138 -84.33833317621504
55 -1.3796510079903186 -59.16395202355878
56 54.474966462880246 14.748074206620302
57 85.69618543967655 30.196497303365078
58 55.86125376334559 76.76440487068467
59 41.00869917910782 22.097341178266987
60 7.3308437558267485 -31.746797460713566
61 98.8434841200125 -8.92644947780552
62 -79.05384830646291 21.58579208394241
63 -20.05226256170903 -31.0781712100858
64 -92.22319691994123 54.17065106260759
65 69.32479309997811 54.633650400249024
66 -63.08971902848717 19.41170695772665
67 7.5549766700149235 -27.964176368263978
68 -64.89615413942533 66.49782092544456
69 17.304240061520588 -97.29177783408201
70 -99.99147211496631 -30.10615108560593
71 84.53338676554642 96.16227589741618
72 13.37274536582413 -95.55725845195498
73 -6.977481279744339 -35.07202875349667
74 35.359511582817305 -11.7229193171504
75 -28.823322381765877 -90.88892726584359
76 -62.912085147280415 93.2776881692555
77 -48.31965538423824 -16.85353877573681
78 -14.264090071248006 -68.39414181445358
79 -32.57999162019094 -83.1125838541413
80 -64.9817359595074 -33.12507815069891
81 11.195471791912539 -66.16514120030939
82 -6.420138515560893 69.81587016831062
83 -27.90765822595047 71.22451786880941
84 44.82123758002035 40.83081758599391
85 27.98944186839671 99.85413842824352
86 -26.10025207218854 -44.382801693136706
87 -78.4733012120089 65.94685359466084
88 -78.87363893947503 -44.915397756194444
89 75.96042550426301 -66.98905234540011
90 25.70456063273761 -2.9247741775304377
91 -82.31539145106133 -11.42976245804131
92 -50.26549240821916 14.938011167031618
93 63.79831732382536 -1.1965428969079568
EOF
