DIMENSION :93
NODE_COORD_SECTION
1 91.1062602859123 -89.99992200264528
2 1.622270703183375 -44.0097587158099
3 -77.2859978900755 -43.55685613115738
4 -20.815472793991788 -5.615078535625571
5 -8.001158573176198 -93.6324588152232
6 76.66581213656985 88.72332058006225
7 -60.6986812186251 17.976761804563097
8 -54.3906122854309 91.35145383960179
9 87.05742353343408 83.46877647921917
10 41.84112796131322 -88.87875009149788
11 98.68501680735494 48.831393687573126
12 -32.41681630689325 -66.18496490846331
13 -2.647214072529522 -79.37871227123429
14 25.076780826901484 -85.59217294661647
15 32.504073104345366 -60.55526569573841
16 -69.76901034214961 -61.438738316437025
17 48.60942193928412 -6.977876152047628
18 17.040900475314103 84.5319286896401
19 58.47331808577684 -33.86761968657932
20 26.9951544923438 81.7161624588419
21 52.5220909648082 -19.60247717488373
22 -77.58068115769646 -41.657838277043524
23 85.851589799462 63.78162351369323
24 88.67833319856916 -1.6404381577967797
25 -23.585317155536487 -92.15752592424369
26 -2.6124860938015644 86.36553289426615
27 -79.41964578277043 20.188370164297382
28 91.25847312333977 -90.55440688868154
29 -13.602404877575708 -39.743511917169094
30 -79.06732223215425 -93.90363084816693
31 -19.751072957407658 58.44332368063846
32 15.131993030071044 -95.0634024073053
33 -0.8200861033181894 61.7818183064924
34 -2.3178701770623036 79.70173395968132
35 79.04264176359715 -76.22621367157045
36 78.44147161713587 -37.94338639946893
37 -72.30738479040342 61.65035724895779
38 39.89430855395486 0.04960035735581414
39 -7.169830647853573 41.2472217082792
40 17.144049580242097 -72.42918832661857
41 55.6790523574025 17.84546506806059
42 -73.73136716157151 18.96603637059171
43 -35.453747619447256 -39.257067835748515
44 -65.52321119565138 -57.00301693088217
45 26.408998222417736 -80.01497435912668
46 85.23045885017277 1.6276322954366123
47 -39.97392465210676 -44.40198175966885
48 92.47526579824822 41.65546638534494
49 -19.327556068566906 42.83190353432681
50 0.3473563949650611 60.99544780714504
51 -65.55242279970713 91.33393706539565
52 68.20165040791366 96.46367440005562
53 29.20945423647055 -28.161880864042544
54 85.53302463463999 -23.80331095511994
55 19.53790846619377 -69.13017171925668
56 -52.661520133490214 -52.6184997985659
57 94.73229433242793 -7.871041384924254
58 -72.30497217229184 48.760415975282825
59 -8.29969230169911 92.62896760414682
60 77.80442839100044 -12.586129500158847
61 8.696106156061177 -17.666737048201938
62 -55.51736025197298 0.6134827353646983
63 31.217616034539276 -72.0555176281897
64 -43.951722087095455 -63.92335378526683
65 -2.0256496290645316 4.666182739692076
66 -45.20897639676622 -32.25700811372701
67 32.68872096098971 34.170672760921974
68 68.67739462347808 -20.767812596618242
69 -53.40469748639003 32.67059978611064
70 9.67802270342355 93.43150849175268
71 -23.145835519584352 -30.09387183152259
72 -37.92311139132944 -95.79922184620261
73 67.69583291673254 -91.97649629391971
74 81.34980211282715 74.9712568383259
75 -76.03285134518056 -11.265087586392724
76 62.67577168494526 -90.94582960580509
77 70.84869778954811 67.81355880649019
78 57.87157034137232 67.76359786507658
79 38.866196077382966 57.8920593931488
80 20.51634286537616 14.997536118720149
81 -40.08035293258081 33.69610624308061
82 -58.74033845798219 0.7099937287840845
83 -92.09424960370569 78.25967222920497
84 -1.2169892311337804 60.74602588701421
85 46.61054809865607 -95.66813196058585
86 -3.3887882589072262 6.800723299622518
87 57.90088950919693 72.09977962157902
88 -18.05310583939108 -92.1978081951033
89 14.84479948781663 -57.48441844094745
90 49.92768721578878 -77.19238389206902
91 37.242503605988816 -45.06969050094636
92 25.182327980251443 -64.45940049638588
93 -78.84871070193063 -1.5991734502262034
EOF
