DIMENSION :94
NODE_COORD_SECTION
1 51.868184671628626 -98.85515068631096
2 -40.537783158454445 88.97251795485687
3 1.2342179018763204 14.29963970258197
4 29.35645090359705 -23.127295104280464
5 81.86122976326931 1.6208074327494444
6 4.65094732349209 -67.46721456489813
7 -69.40205742783598 -35.34398091384551
8 -3.425266605610048 54.25579083910097
9 -97.86507263526822 21.817833242240226
10 -60.9549606801614 66.48067749637073
11 24.924023203491856 -78.81241271434757
12 98.48198989198565 63.514731860992924
13 35.489257547453974 -33.448908083552936
14 -53.49727494800185 -73.20861756575687
15 -41.99460457364164 81.79439787707929
16 -37.92189736807388 -39.98009882549831
17 -34.25302395446623 60.076798303287006
18 65.08685186362254 -1.492504009179683
19 -88.01282465750879 96.73737645120823
20 -0.19644625135492788 92.09839729143312
21 -49.84767283979448 -11.319501632984498
22 84.70835657142584 35.588575912186684
23 76.51468251368385 98.02462970383533
24 -75.89204868895169 -73.86124325389918
25 23.432363037345397 -75.91199152419281
26 -62.59110462596531 -35.87742703339791
27 -92.87787025773831 -94.67633847797316
28 -96.51416375209534 82.01061072995066
29 -8.822878528310412 81.60544396748978
30 -59.56109598944512 85.30528990113854
31 65.51830667519582 87.30571925591158
32 45.13600350401455 20.20552689421136
33 60.194873413255124 16.8944502869183
34 -97.71272878159694 44.59416063044682
35 14.425480700812827 7.328491130396003
36 -60.59934802054758 -27.894700815536225
37 3.4987295825497284 -84.71105853160088
38 -48.18103574291401 83.4426158743083
39 89.6277989567516 32.363465903203746
40 51.140523577160394 -45.216071545545255
41 7.580872504357842 -22.44037534046015
42 0.6768059387533185 -59.97876633965797
43 -78.1146461766458 -65.92583768742723
44 -6.797631737068755 -38.250450727532524
45 -0.36940839202056 56.032494760529175
46 -0.8963579055731827 15.331996042818432
47 -68.62971040154262 -39.0485425353754
48 -32.86509410612943 71.03252331583263
49 -97.64756014222675 -55.0323967928031
50 -4.6588012454883625 71.12182214174399
51 67.28106951440495 -89.58765461662273
52 -93.69039467190076 62.026009901188786
53 -85.95926126428688 -20.89569267640057
54 58.761818798660784 -23.99829965671627
55 15.291267382201639 -20.23171218180886
56 -93.39752011600768 -17.514797246362775
57 -38.43331999564879 44.27931768352673
58 -23.110615195821296 66.17760317673137
59 -54.51095972346791 24.96944233801858
60 -20.206832492349065 -42.908478789341586
61 -76.06574147752227 -45.97630820785304
62 86.46564019977731 -62.80049080078997
63 -76.53638176564058 -93.96894353288188
64 14.837567732593655 -21.01201778316164
65 74.06133371570232 -3.9548771803765277
66 48.71816926027063 -66.86528608680285
67 -42.80504603021835 48.04818921196522
68 82.17023077467366 75.69201895352973
69 36.4420077806476 -97.49827316778348
70 28.98628232169162 49.57169593352785
71 -97.5970882087718 -3.2948931514505944
72 66.19281107934353 90.79199779147046
73 8.346622695328136 -52.02642854553974
74 -9.138910895840183 16.860847088840345
75 99.01214617425504 -2.814472269165364
76 61.1047851346226 -27.166331881953838
77 42.215592426611494 -70.96178651707952
78 64.99594244698997 -20.001791005519493
79 61.38894039754419 75.39000785527651
80 15.232723515146574 -87.1972047628973
81 36.903344095128546 29.35649285547163
82 2.743569616040716 41.5585709754279
83 -4.9937027436025545 -49.633293982833784
84 -40.98567557876534 -78.38973993317255
85 -64.57141104112199 24.174825164624878
86 -25.223901180231806 -15.915875969675028
87 -37.80651479389539 -43.138216959208144
88 1.7935120894000676 88.98582665977352
89 76.88721336716975 -71.84973454918008
90 24.844269781776518 -61.665083063304714
91 -30.373690402265524 6.895657527909819
92 -67.41720905303936 15.18685381996498
93 -99.81599690442897 40.404542250844344
94 -61.167989325643155 13.807379223889725
EOF
