DIMENSION :94
NODE_COORD_SECTION
1 -70.3906651805615 59.145288765515744
2 -16.31589960373769 -56.51702942853652
3 -72.88762564964814 84.19273819584177
4 -15.462438736489801 -6.716635798242308
5 2.3910055585125747 45.670073205355465
6 2.6561703356206436 -64.72329423536208
7 -70.86928193088968 31.887045833675245
8 -66.07684239757998 56.776450382135295
9 -42.75331432202347 89.1590248924274
10 -25.61029269996635 -7.734477210335115
11 -97.72336719525194 -58.788015399148485
12 22.13544012359546 -30.85694062034821
13 47.93682695464605 -11.524119999865604
14 -18.434812949901456 46.0944616390733
15 -10.149666419555487 -68.66017976307938
16 -74.0169328021322 60.52158054148481
17 -75.56694536410163 -61.018348831616876
18 15.88652414042761 -30.366210770368184
19 44.14976630382316 94.1734999160991
20 93.27448083133751 -30.785097056030693
21 38.82882948366867 84.50398686045878
22 -23.634580055526925 4.744858015371946
23 22.450882887086564 -18.253122901782916
24 64.47260848197828 51.46918903999506
25 -94.19663712617105 53.64486993889321
26 -70.61452312245129 33.1733828302074
27 -82.3807483659172 86.16649736889508
28 -82.54254266245617 73.83323773542122
29 40.29500320449171 59.332981467890136
30 15.702370273544446 -68.02356764834423
31 -28.990742716839108 16.001066013018445
32 -54.44709221603576 -45.49536468912125
33 45.04031559207016 -9.473104437611667
34 39.5362926298495 -95.11066304520519
35 -34.6928273381792 -76.97502488939097
36 -71.02610865104586 -29.93099340078524
37 -29.36482109311882 -25.02452847553849
38 24.912924423077754 -68.96119214215744
39 44.97429226702283 -16.777948867703458
40 9.850213656419314 94.03856930529787
41 -79.22593598740556 -58.058449027392875
42 74.40921028510374 -77.59151428022892
43 -38.0535470594705 -14.044157291039667
44 30.98333731648694 -16.403766157018623
45 -74.67619316949883 -36.20465740409988
46 -84.53985741206098 31.463191239601628
47 94.2461155618671 -64.78738597690693
48 48.49226458734017 -19.048451566509
49 -46.111898812333266 5.383645451931486
50 -30.617119599210895 0.3381093288356283
51 35.16331951723541 16.823385848198356
52 -21.495128013414572 -54.28529647217286
53 -7.481027084123809 -39.918770634485725
54 28.274335832362937 92.99916003516009
55 0.6617360210165089 -64.4288028656454
56 -11.949099236674243 -15.30515983684721
57 -43.76855921107246 -98.56942449885887
58 74.93859893514318 1.780831002248945
59 -47.33396778956869 76.08990681451516
60 90.31283768949575 -4.471065569714511
61 59.977704741336595 -70.72374456695884
62 31.000379378288017 -30.29233049049718
63 -14.113113171063873 -8.539289780206659
64 54.39097501825003 -9.452489887155394
65 -79.26299115852136 39.30018903872241
66 68.36072132693246 20.005755070148325
67 -24.16017081422754 -26.5873206525105
68 -10.261138283781392 17.28337865948302
69 -86.62250288951023 94.86402526717794
70 -30.848724467195908 34.21032231933296
71 -64.28585763051771 -91.96643157466585
72 15.42544822846692 -57.97024459269804
73 -47.053693482499284 30.064899518686275
74 69.3433478210176 70.27586560145
75 -20.251817293147198 70.89709417792426
76 74.38009664983801 12.853872241723892
77 -73.95590843711241 62.91084297982249
78 -28.832029274938932 -37.90510650178729
79 40.76723276546454 -34.48700070594806
80 2.7767838934887834 -31.52752117571032
81 43.94031865742872 -52.47796046391704
82 59.503278549598605 91.83166023636426
83 -60.45975563834456 -40.993901929909995
84 14.713715923898079 -90.60465487692603
85 40.085505337541804 -55.73577502275131
86 -92.61458377817482 76.4770764892136
87 53.61165890753256 -81.06940962360791
88 12.34457186668078 -2.2568709350206433
89 -15.323321550502328 36.720479252187005
90 -94.20079590353045 -39.968952465271016
91 83.26457960245705 -94.87412578569032
92 -18.382313040430233 -97.85422580133299
93 -61.06767381943514 -25.592381428634383
94 -97.0951140672712 -47.28147079876943
EOF
