DIMENSION :94
NODE_COORD_SECTION
1 62.271537936930656 20.5200938369521
2 -16.220605352983952 -45.87223606551865
3 -78.26694004454731 -29.856512712389247
4 87.85712111346984 8.645494429117392
5 11.089121563729009 -25.212258381856657
6 -97.20224219338616 32.38639277977836
7 -88.71575829550262 -69.02861831464307
8 4.372534913935766 -16.698876768587965
9 80.15268961293239 -35.232546214846934
10 -41.13702651520506 41.36940050752443
11 54.456853616719826 -48.452161446304686
12 29.20204600482171 -37.68759260855805
13 80.92741717372508 -74.4536445474406
14 48.12070348174038 -99.44185691237936
15 -93.53718328963237 48.90004898567432
16 -99.33577311757114 2.857463308931358
17 -47.6280111030702 56.11712934549129
18 18.794527246102774 10.862582243825742
19 -26.47893933395575 -32.54082352724126
20 -67.60404931656777 -20.85621841427438
21 -39.52891937686373 -26.485882543991465
22 43.85384541540964 14.534367303513491
23 81.17053784399232 -66.72421837762701
24 -2.5234154526803962 73.35766354905462
25 78.49297134213154 99.3346404516798
26 -99.61658890876863 -84.99579671371401
27 -59.1135324606429 86.32362809708593
28 18.081942750901177 -96.50889838423689
29 45.628503364645866 -67.44814548907026
30 15.810791853010045 73.04979528995582
31 -62.343923587313085 -30.201872762340585
32 -54.175691048219846 -70.54764481446914
33 51.66764807550314 -87.47465618473922
34 -8.852011226535012 45.7006122937517
35 11.170030252412914 -94.68434128438497
36 67.93470947274469 28.866462575233385
37 45.36986087651866 26.115728139784977
38 -38.596557576218984 84.28571722389145
39 -46.71414868122805 -67.07999171373578
40 -75.55625452614451 -16.028045906489382
41 -85.81536979027112 -37.19049089585387
42 3.3207549495078155 -41.969086148041576
43 94.41955665904916 44.802197240758545
44 -28.482796802907302 71.01998441595336
45 32.978292510587465 71.7604360153833
46 50.60024346643516 19.611455881109578
47 1.5217803511665977 91.6399341972928
48 -23.897305003960483 -6.417810406890737
49 -70.57652225142334 24.653610394467606
50 26.759726873062178 79.06657028066621
51 60.29459569398418 -9.53703467986577
52 -22.95640347093355 51.17344661858334
53 63.707401946131995 -61.70139137205275
54 -44.20932227979717 -97.51793444390957
55 64.30533755424247 -87.04948364629308
56 97.81649259535754 84.59586324117672
57 -29.784737445147044 -39.142138792057324
58 60.76605331749428 1.8472218806018503
59 -16.346384443459797 -16.932860186692096
60 -53.9515478734601 -10.58982554177797
61 58.84496053047735 -24.38349905329926
62 -89.44396542510114 32.49229188996608
63 -64.15217124291269 62.943186051658216
64 -15.02970734080678 38.94086294324697
65 23.609445218728254 -73.79997259257307
66 -75.19208923695622 -35.48723414665777
67 31.54738887890545 55.90615640856876
68 -88.03782880772233 -91.77880674383121
69 56.18288950223348 -82.85409393971082
70 -2.6536031949822245 44.58676727462344
71 17.826922516080643 5.569182494898413
72 -70.65233377489437 -59.71555420328676
73 -87.95303997181225 93.73547771751785
74 48.150604892191865 14.59169538425553
75 91.6186727957851 -80.1171295534254
76 42.592686389779345 46.2076044242537
77 -73.10653105688789 -45.00766599060078
78 -35.936098097613154 -96.5735149536843
79 -94.0105739600305 99.0568033736858
80 -28.934613135002607 80.31372857046739
81 -69.06043682409573 3.753473360325785
82 38.39297127050247 -41.554332403938645
83 41.908098978823745 -3.7431113136480576
84 -93.48661124798328 -18.060749643039912
85 58.8118226321526 87.71943644006811
86 69.55223777424115 -67.08851756667404
87 68.16033738988205 89.9848718345884
88 4.414513892111557 25.17249161924815
89 -97.34458112944051 35.38971617792208
90 -71.09000972368172 -4.129662374087033
91 -37.933662289208534 97.04619271305688
92 -56.64266820356778 -32.030410804813926
93 -93.87537335170725 40.78966962710268
94 57.992398138695194 -19.140194726628465
EOF
