DIMENSION :94
NODE_COORD_SECTION
1 -86.34188118001703 -94.9875131035909
2 -62.39229118413658 -57.94583936786866
3 -53.08904833518091 -99.10484028818752
4 5.201674393840122 -60.14754862457892
5 -14.027477411511228 53.08498693227108
6 38.01766963282998 -24.99315646336248
7 -94.5349180455801 59.6612361007428
8 -37.79531579343445 18.84272022807933
9 -45.88378340925527 40.26500217793608
10 6.432783554391406 85.95109883549696
11 67.56895456914975 62.56104300630054
12 -89.85182130424248 -78.51684627974848
13 95.758877739842 -10.262167754406121
14 98.75433055427678 -53.758605219353605
15 58.41414649255364 75.54124378180859
16 35.85695711989325 77.17615810325421
17 -44.28912953179827 48.37626721019009
18 -58.18747936203754 -53.43988124661081
19 55.842909738109995 -27.699797729962356
20 -71.82881035027265 80.02758817521914
21 -42.75834664656679 -49.73001058839135
22 -60.793027695388126 -38.17058136293359
23 80.40798953725744 -56.20485329967588
24 -85.42086034295046 15.068422547611362
25 -17.20486904719843 23.18710302096092
26 91.2707490119542 -44.65575816252358
27 9.90760368550157 33.88461420215984
28 -51.69844798443517 -61.8492850008121
29 96.75826670245254 -33.125963832783924
30 -35.685833131498384 13.532790111451916
31 16.051720461343137 55.01238534123195
32 -94.01604024615551 25.924147738695694
33 32.939133411684395 -17.899941814765526
34 -5.695355853024338 52.750716397423446
35 -29.084033007075874 -12.160812625711287
36 6.153138303495481 -37.700612027087566
37 -80.5892813014691 79.35272681689622
38 -39.86116286421908 89.51521177292031
39 20.839360621430146 18.72835923753202
40 -91.40602690645832 -22.195496434128685
41 -36.623339593170236 46.09038126651578
42 -88.33669538980946 15.585304262489188
43 -24.57783317606126 18.991827000370492
44 -95.19701387455774 8.240703260866212
45 68.71525170278161 1.4581077009444954
46 87.59995587089415 69.29461745876242
47 9.280065813939501 -80.19745147343713
48 59.67478876985638 89.04365278073041
49 8.857892381290327 -82.62675011781586
50 8.532552943779237 44.54277507958844
51 24.210956714189408 86.6797179600569
52 14.577666186444361 -48.24343477724027
53 27.658259024864492 -65.11312784859622
54 -19.889533245699667 -71.14819179756675
55 69.430585890478 47.45298563510133
56 11.974594880485384 39.02143776317894
57 -9.091535577313863 -45.272718275146026
58 91.62601002437086 -88.10631277602727
59 67.53327022643677 -22.388103888914742
60 -48.25408481112103 4.494512388116419
61 61.15842971879471 30.931980267667285
62 45.121497531300236 -44.10464832263856
63 -56.16600419471689 -3.053112151466891
64 -60.630100885450375 14.092369918889474
65 -81.50526775358824 -53.525760377109435
66 0.18240863077529923 -30.67260577223125
67 -93.2519281184502 -18.61199492735419
68 36.11750533727937 14.97480806425446
69 -0.06482215067156005 -0.2094818202224218
70 69.57278033166668 75.28271088390701
71 76.86467276275465 43.94761616698398
72 -28.582475432915345 -11.329198991284528
73 80.09532935494263 81.11504835925399
74 -49.13084036894022 -84.0486711195611
75 -87.62955400605479 88.67339494192862
76 27.548381736188162 54.753764285235974
77 -34.21671678676459 -32.47221065115819
78 29.24934919553533 -15.40233980600425
79 -71.5205088471333 91.5178188873798
80 -43.187128788608 -58.52760289052772
81 -72.821081484307 15.622008509730037
82 -63.40784560230694 26.446500926170557
83 58.52593384228794 12.030391580496484
84 41.35203340837435 -10.256672586009927
85 -61.746180488619416 80.69771986094895
86 2.044471592188927 -0.11609618318830428
87 54.37532617154349 89.77888657130603
88 55.75442365774157 -93.08816078983675
89 49.088246335902255 -58.61270478260072
90 79.21184070365973 -60.62071564588347
91 -26.188840591412216 -70.59415177080746
92 -57.38288865553971 -63.31309397390006
93 62.741276094299224 -41.38058172783503
94 85.12885714510222 -88.46502433829819
EOF
