DIMENSION :94
NODE_COORD_SECTION
1 81.5832186448863 96.48916311405904
2 -78.79610926205427 -60.7163096288883
3 28.05895977194433 -36.13374952072419
4 96.87791456061808 -28.528919311660246
5 85.36845834057334 54.50969024623552
6 -25.272522572206185 -67.06067671480767
7 -74.32042716182137 65.35143453705325
8 -93.0820279064845 -93.92948349306762
9 -15.015416382588967 -8.668749200287436
10 -48.346296252419975 66.53035174291534
11 -40.9959993691704 -3.5823708206908123
12 -68.57278289179001 5.313351203509868
13 41.306209074474026 90.05414593721665
14 -49.89855770076868 40.04233991155738
15 -76.16039206491021 32.792305557784374
16 91.85306797935621 -13.353670674169422
17 -93.94969556775598 22.41080663745609
18 -83.39260292657198 -19.29477791258232
19 -34.01501033678416 70.61047172863755
20 -60.55370952284902 -12.83631698654601
21 -64.74475201162491 -29.587109296640705
22 -64.42747250428869 17.780634513063177
23 -10.53389523314054 -24.31986859381719
24 47.7652992375302 -12.405086528722805
25 -83.31192391466601 -33.288280312201366
26 89.86331499267271 -15.148331642163555
27 58.7787494675828 -40.335706026464166
28 -62.3366241385102 -96.75188138784524
29 33.83623028995996 -67.42163315679805
30 77.72399664071585 91.02137303568645
31 -57.20638176604842 87.08566841516597
32 44.91505374830382 -91.68484828829205
33 -60.859993617617135 42.40960661861652
34 21.156156445608616 52.42611924225528
35 -2.019780439949571 67.06046068370458
36 90.63791157177582 9.944837058842197
37 59.1219964235307 93.66601147865347
38 -49.07820565503147 25.470217940506174
39 38.605896463929696 -66.33268075084445
40 64.66601507348332 -61.509488946198765
41 -95.93024368912776 11.14841401845787
42 -96.67380953379107 -66.8120491295744
43 91.56616958699666 68.85786175390317
44 82.03128931528693 70.33811920762588
45 4.92789621430974 64.51900077762315
46 13.936853115210042 26.13931195453732
47 -16.497277151682212 71.81493630014
48 22.70903871332186 -50.27886697550308
49 -49.944029156868666 27.973287019633602
50 43.394666862567334 -30.754347572335988
51 -42.1348264610772 28.66484018673762
52 -85.21613429669459 25.928536592339626
53 44.50827603885489 -39.030777511523866
54 20.47366480324729 -4.0284247437264185
55 -30.426989114929512 -13.550119409818961
56 71.19228135529991 72.31214239282158
57 -35.508081785940334 -61.08033004157558
58 -62.454480995238626 -78.74079835961108
59 -45.06618036640708 85.26735546532552
60 40.19819471277117 3.499425061359645
61 29.659303365173287 -87.24548000031804
62 83.60509722376673 54.62120135699766
63 24.474150336536297 52.48132574955264
64 79.75757566419912 57.21825032744192
65 -34.10859229103822 -73.74132367469359
66 50.01330954630592 -95.20129473240824
67 -23.660803898417655 12.913407647811795
68 -84.0714607831595 -42.8604268730612
69 81.22797518057399 -29.9078233677824
70 94.1134514705636 17.390442574942583
71 -22.082402747666464 18.918781738537604
72 -4.516938955717961 -76.85543592690429
73 27.600951688823926 1.3986967127571859
74 -4.122594331848589 -63.140690931408486
75 -86.65240822052559 -45.7462733459155
76 92.87663029191248 45.42218910404995
77 -28.972595815424995 -92.09134046376555
78 -7.262217717071522 -65.67738195292137
79 -55.439263830655094 -84.35908569119603
80 -18.26794899793171 -11.196308937249185
81 42.91815248152247 45.44325519145505
82 27.762438979523594 -7.467680867455812
83 83.51949644732412 25.938680551089874
84 -69.00634209015458 43.74009786490623
85 -4.841633644412951 27.725585939086542
86 -3.6725438697823307 -10.548621448803573
87 23.304947433605605 82.82058718867185
88 35.90818032307479 -9.67095343159059
89 31.616393115118683 97.40514242707758
90 -73.55503188078218 71.83261056562887
91 -74.28921084832017 96.8714520105795
92 43.988527288033794 91.79719850159736
93 38.73706667800707 57.20198178017725
94 77.90196638611644 60.206220687706036
EOF
