DIMENSION :94
NODE_COORD_SECTION
1 -87.00001753790292 23.00616424517304
2 -13.883249893866804 -16.155559113520667
3 87.87571715429888 -9.92325939891903
4 -4.633559085104039 -23.317737558850297
5 61.48023521356902 39.1174725084762
6 -27.05763549393096 76.25617544626061
7 -67.97082183598266 47.332765677399465
8 0.6170100629438622 36.97428171358993
9 -55.44544991310127 -24.1409447683735
10 -33.26760566507731 -66.81008523472589
11 69.62000045797168 33.55666977556214
12 59.05237414399926 98.05044732476006
13 22.903183142970576 -48.529917026579675
14 -11.170733081364872 -51.4575563227224
15 -2.0098681816511004 -32.69653432425039
16 5.636782892631672 2.818321151195093
17 29.453145274135892 -84.45248444845741
18 72.87291748498984 82.8038096635965
19 -70.73964623673803 46.43262308186951
20 -34.562205890355614 -86.75041121414611
21 -53.208432741981035 55.67245515716738
22 -76.0567150464055 77.80436526439931
23 91.21164115473167 97.0012209321797
24 53.912562789834595 -26.648996089195307
25 24.679169391556457 70.79669556850726
26 93.77945068775173 15.761119034005205
27 -14.155206651195755 34.62049653120624
28 92.09892462045818 93.38773772129227
29 -64.67991065093054 -34.704203921421836
30 -67.76828572858201 -60.970311921032064
31 28.274492556469937 -82.81798083714442
32 -78.13249429874966 96.76542979269334
33 14.044266028813439 67.59493499169841
34 25.102814692772895 96.96803271391411
35 38.61412762327129 17.85974043153709
36 -43.60887017506909 -79.02278333470257
37 -16.94128203157581 27.27372378249335
38 78.53456566562483 36.3182707442281
39 -90.49243577175983 -2.7058197163658946
40 50.98772983707107 14.02188105645969
41 5.92390366289257 -5.443681271688902
42 60.096147742845176 1.5128040646257546
43 21.964141595524595 -96.13502139560279
44 29.49310146947596 -82.30047834529917
45 -29.588594492061887 36.09298279661331
46 56.73032446294124 -38.68898217019397
47 32.15313781410413 -19.041912266124513
48 51.3196152688767 79.19084915239708
49 -52.60075161794801 90.93946887091846
50 -40.286206108478176 28.172798297268344
51 -98.18602359162524 -89.86614781176311
52 54.35729505054371 -17.673537721963612
53 23.46104243601556 20.64034580442295
54 -63.212034849493136 86.77510128627804
55 94.9383909230286 -30.897816125131982
56 -41.12663193219799 -60.04769961823313
57 -45.194767209041274 -42.67739290756198
58 -98.38359443049367 98.07785162573833
59 -86.61919026580449 33.41115508352647
60 -32.433368747932604 -61.20245562117332
61 -59.77930213217171 3.7057894510132314
62 40.72517801676179 -4.654589994699677
63 -5.946781916592414 0.7551981704265955
64 -53.06715548737127 -21.74880014251532
65 60.68492391503412 -11.065167685592314
66 -91.91765168325307 -61.470167531828054
67 40.36075507600566 66.80918206346769
68 -74.90258054512711 -5.546370314266909
69 -16.708923566701927 34.14193087075327
70 47.47289870309734 -56.57775610342299
71 -89.46574653328372 -68.50536651836059
72 -8.728384003706168 -88.89072560629094
73 -22.849897812842812 -68.3563192962032
74 -47.17468619707867 -48.02152228736467
75 35.51602616761812 64.5843297834466
76 -68.01144154765024 8.426808294577043
77 -61.07575342285998 -8.320315296321198
78 26.646043808722908 60.225295695033935
79 -10.944867366799443 9.551511965878362
80 -10.724732819767198 51.59301581444936
81 -24.351887388513347 60.59893372568092
82 46.71818732991136 70.15346083366646
83 82.66832921995316 -45.43001205786909
84 -24.083028840984966 70.18655999815368
85 -57.50639100147195 64.40020169535714
86 -98.77948635649045 -17.996179339581687
87 -91.87694858586994 49.57135524809985
88 32.969976570389974 -70.06201720427852
89 -16.865031267107582 81.53265190003944
90 2.4231981284736435 93.35274699396425
91 0.09854708850916438 -1.734382223800452
92 -35.32070433628772 88.24213442838115
93 -29.629878378339896 -1.1369751947639202
94 39.116448717765564 21.40312380942663
EOF
