DIMENSION :94
NODE_COORD_SECTION
1 68.47493357822472 4.270894911942349
2 -9.54189142115247 -35.42384665731704
3 39.463630780145564 6.584349497258458
4 47.03250445253104 -40.68802642856269
5 25.940681614669828 62.077845387355865
6 -10.621399242258505 89.9881576880467
7 40.046452243180966 98.74220721801905
8 -7.288514552613876 39.457580502024
9 -57.71187283092052 85.50757639644107
10 -11.727443002550487 37.824228528700985
11 13.867315707100374 -27.213381163498937
12 -1.5303392813176941 98.34972608618983
13 35.09684879325073 -39.236249143981475
14 -84.86663559701917 -41.998968897472075
15 32.48614451709179 -30.613359538269407
16 14.4258488636345 -2.9161370013695915
17 89.3010327833168 67.80542344888198
18 -0.2097189539377382 -13.179531692942348
19 27.880518368915006 -63.956033045933516
20 -56.56983422035755 19.394526556079498
21 -33.28047995269672 -22.023241927754484
22 -42.8401597835677 11.899842753604844
23 -68.69685455881441 82.22388556664967
24 -34.931428713074396 -56.20625563290944
25 54.904734596196505 36.36578017510524
26 -26.707366486154484 86.87006091595245
27 44.03629482369402 39.91836796803628
28 -63.70904692126436 -82.56939939753647
29 -97.03329516598541 32.79836668497069
30 -95.62824284176826 -37.751813431570056
31 12.699451453727065 58.54753650155334
32 3.8190178479589463 -76.92169284282267
33 -57.97160447210603 15.37375147528384
34 -51.18081422111289 48.89052926377056
35 31.766435655791298 -86.894231895937
36 13.490188658405941 80.65490524186384
37 37.96870319471239 -49.55222261381231
38 -97.3337209160129 -19.5674264445218
39 -54.05172219108793 -45.54134763183508
40 -48.30619327819441 74.68396606596096
41 74.10922400678507 -17.029849601779247
42 -41.65528601649526 -8.878045913401692
43 -24.901991719478815 -19.302898556806667
44 -95.94414397968833 49.1014245813935
45 11.501196126986898 -98.91804769642727
46 57.05409972088833 -24.54923116142156
47 34.29372914702873 58.454832729386794
48 66.52848658379742 -39.185101442358096
49 -75.53128783520818 58.87965406343332
50 54.862450867408654 -54.00657774893269
51 71.75612634997614 73.09549076814886
52 -5.959443648138802 33.421670170415496
53 -40.93540676722978 61.251893646649506
54 12.695860671148495 55.85634564063497
55 97.25669791078286 36.67560395080335
56 -78.13452213936765 2.4916451218868048
57 12.09508138979561 -35.30475585305351
58 -29.62641909301675 2.145719574037088
59 23.67298947331797 32.58975122723902
60 44.8625762732552 93.82145604389112
61 -21.630378748903894 -1.9847774371178701
62 14.844744921280679 76.85955307458696
63 94.34701593976163 -74.19598924279008
64 89.74825840518542 -73.93396138690724
65 63.832020171736815 56.818861895337704
66 -97.2169929271059 -18.38969160774886
67 -81.09682313973485 17.584126780447136
68 -34.44679924670744 -20.84609177571693
69 -87.77082715295059 75.7049494252197
70 -52.30463344338416 -27.41563487872874
71 -9.8181213854551 73.62448900008908
72 -72.57817809276766 -80.10766696952271
73 -57.02634685235981 32.058347703490426
74 -68.29865102711526 -47.85548313372316
75 4.945157634873937 4.484281779432891
76 -61.08970645431755 -73.83125108485183
77 -52.143591793674915 -14.645473551824068
78 52.13890452699806 -26.518177447102715
79 -38.989513583831716 -72.7630176168679
80 -32.060660995372274 1.1545868732902846
81 44.26576369730725 5.880610121760881
82 -36.8468171894234 74.72299813325762
83 53.46909381553456 -12.760480630756234
84 1.5580751104047579 -81.08219974787659
85 -67.43091291634565 96.77917220163056
86 22.4244700328436 8.899621608534432
87 42.64497095616284 -31.072716225704596
88 14.67511795248582 92.8503234228902
89 55.31324475770208 63.32104366406651
90 -96.80844256705757 86.1854369567358
91 16.450868905957748 -25.458715173735243
92 -22.0867633990822 -91.68325513579157
93 -94.09981356060504 -66.68661691426595
94 -18.273270116693553 -5.192075910361865
EOF
