DIMENSION :94
NODE_COORD_SECTION
1 30.009278509673493 -61.42472023215922
2 -36.96264260368927 11.88885034779959
3 -74.3048514732131 -22.477393044378772
4 78.72430604157981 78.62490627895232
5 31.715624111055405 -91.89312242500058
6 -39.343844484323064 46.25402767095781
7 -23.13219055120959 -49.508395031481164
8 -70.63637253539324 96.98762332994426
9 98.48179303944457 71.1020396017309
10 8.10698703241728 86.91560040510262
11 79.08064926170496 -31.012751030561915
12 -34.612490902635784 -73.49195181539305
13 -29.138223286315963 6.181919306911226
14 -83.41537551498905 31.13283690322325
15 12.571226785270113 65.20376721614488
16 -57.8776509605502 22.088361459094315
17 69.31899302010888 -55.638292951380144
18 -28.82988697980487 76.81483389612583
19 -66.88998383136315 -39.6612067393789
20 52.73468332149659 76.36142688899037
21 -89.65794390458237 -82.44681492749464
22 90.10142601658598 -21.14918386145777
23 92.24826937669636 -74.91067415026924
24 -50.06527848597959 59.59653834996902
25 55.23877108555078 94.53064467624645
26 -26.05107188247993 1.692863085833963
27 70.32218735408091 -64.18583004579479
28 -81.08721230361212 95.31070699394098
29 14.264560213189114 83.26642897279427
30 29.851856662342385 9.597364953261092
31 69.86972280103524 30.269155503717684
32 -88.33508310932115 -62.00819387365264
33 -21.258320776612578 28.54236542014121
34 -94.02789820423443 -14.068628816070756
35 67.11620114973331 16.821344724140232
36 2.8638578102750074 69.33974318370701
37 -96.17466333736004 -16.256676771904097
38 -78.67849034442824 -77.04982906971208
39 69.18506330372978 -58.951515578381255
40 77.43176034015497 79.4319630260332
41 -85.42692642922248 85.73914639876486
42 -73.88101555206683 73.4522968874997
43 -25.310072840067093 -36.3700128747515
44 9.970743464431052 49.219536839844466
45 57.97364270086277 -88.23879205796707
46 -22.166405560886673 5.71822502832768
47 -14.635715113166057 -46.564348760613704
48 46.20763546915305 -99.23997089232388
49 73.59152877964584 47.17987923611068
50 68.07002174781823 -46.861004149468386
51 -33.61498937336174 -50.281612273895384
52 -53.390877630950605 -68.40654494565273
53 -94.51647673266655 -56.91093082264245
54 -14.547512048730596 -0.058924119979678835
55 3.0459970851486133 97.31719774149425
56 -97.67642894574296 -0.3324357607441044
57 -71.95651828181198 -7.395799894861341
58 49.663481978223246 94.41360606459571
59 51.43812100902011 -91.22335062518856
60 83.60574373420135 75.21866286717713
61 -91.56844051846318 4.779776636040438
62 -98.20644209742484 -68.95562482695397
63 30.791800879941235 -42.710867813153406
64 -69.11933429567196 -73.98572543816869
65 -21.755837376815663 -94.94716458295179
66 -13.8416422525804 -7.029283011512206
67 -44.8615831391822 -45.63391445755318
68 -51.39706993192554 -47.63614931542042
69 -62.91910062400503 -58.881435447653715
70 8.739226750984102 96.1516172566497
71 -48.05316602822798 16.144507745775115
72 12.067658226415048 38.30381355123714
73 60.664728766504 -76.85577276861758
74 -92.59642826603974 26.667245569275423
75 65.3912523374346 -27.765071437806398
76 47.32934165283888 -64.63683401889656
77 36.17157533504667 77.2277811308702
78 -80.93871617394994 -87.44782122817092
79 -8.093337263755316 21.017195348721202
80 -5.615131297286808 -54.68411354379388
81 97.42569153288247 -58.9926346287259
82 -21.08657761514992 21.568586209976488
83 -54.31183741432613 85.29021514381782
84 13.776963465007412 -81.67355683736139
85 82.61699350043631 -19.67212774313583
86 -63.05054992754624 -73.67442663143166
87 -98.20965050067143 72.18195674484576
88 -53.22572963012657 32.894564235600626
89 -12.803427166020256 55.8709469432396
90 -73.1507378835066 28.15099743096644
91 -85.5169211577149 91.2259877442948
92 89.28435775365625 74.00563473292522
93 34.60674862567322 -81.34540201126282
94 72.44620286345494 81.1219647234835
EOF
