DIMENSION :94
NODE_COORD_SECTION
1 58.51980689096055 -65.48927610674792
2 -10.344109513891397 -24.107131910485464
3 -62.49820765116543 -36.69130810183401
4 -33.09256068914294 7.660253537320429
5 -9.025204406939352 -27.192291023429817
6 30.526183766622466 45.81754360131299
7 72.11564665998736 -81.96745111204493
8 9.787814690669848 -52.901048731074155
9 -18.694603936440586 71.58515174204666
10 4.870446308779535 -64.72639776749597
11 -61.567141393594625 0.14097407591702904
12 -62.88649738326691 -71.37347298058017
13 -92.70429679647081 -19.187061769711477
14 -53.59107348985 75.02274775329545
15 -71.18100980382175 -83.89514063167314
16 -70.3483033727421 10.014573459710618
17 -35.46222675419848 -97.53457199603888
18 -75.47179722858357 -59.6335725416338
19 77.76675513172066 -65.00730528213228
20 -65.47739353865991 -26.46446702073871
21 87.10674280787774 -10.371754827485049
22 -36.1270894620942 -36.939170957473344
23 -84.58589556938492 -85.78079401847036
24 85.30994374650487 -79.52342214985771
25 -72.91401983869159 -18.884691363903855
26 98.76410699447206 -43.71879023086345
27 -2.5094083089032466 6.50736119446465
28 -44.17376152833135 -44.34406292741502
29 90.59864157063114 25.502400361585373
30 22.600555555998866 -30.958184792761713
31 -65.6518680524055 26.9700325243426
32 32.689161471957135 3.3479394714520936
33 -21.99821423717185 -1.5165688221477183
34 42.39917131760026 -63.522428947384604
35 -8.267451051371054 -90.78251431324702
36 41.86513916546892 46.02297183252483
37 25.899373186792786 67.4557818793242
38 98.63087533411837 -57.60611273487972
39 -14.047946885311816 -70.60294587834524
40 14.336514744578267 -72.69136792116484
41 -1.3696953861166463 -92.75916110817846
42 60.50809442264713 -39.50925537356444
43 46.09898391362154 27.07116226083926
44 26.048489907801994 -89.42165368859945
45 26.88788087334906 20.84606801708719
46 -43.119787527789825 -9.332649203450273
47 65.98097828268061 1.8399791904854652
48 -2.707932937846607 34.57364477797134
49 -58.87319599896421 69.17481554542044
50 52.89313395839966 -43.186361208876754
51 -81.5821086158315 14.614954955624285
52 -13.32064725812181 -42.53360609364603
53 97.41405540155753 -36.40985998029256
54 -67.43072392208309 -17.505192958825646
55 -45.439316522110104 72.44949547861708
56 64.86731253339343 30.767240560680932
57 -56.620158662202094 -74.76110476730291
58 -2.5357589020949405 -89.06482157238986
59 -39.111479778791505 25.832994065793827
60 -96.8136244947732 -5.5135520619822245
61 21.924939857812078 -34.957723156268926
62 41.55635867514428 -14.292361453208073
63 -3.4596208439403853 57.35451868772424
64 62.33002462637728 -65.04651791831024
65 -39.65941864153566 88.25919177757629
66 12.525431696386491 58.53488142582913
67 -16.362690144056515 90.6423476752928
68 16.261713057365967 -3.2985088241842533
69 42.497222227846265 -22.471437046211904
70 -80.42314099637704 -59.39129046725429
71 -26.748238808346798 -1.514336552136001
72 -3.5047110090026905 -10.176997675238624
73 11.75840188033905 -41.703067020398855
74 97.96742534219368 -36.166319624793886
75 59.68003229167985 -60.955386693013814
76 -8.094777266499293 84.2030569581529
77 2.275933847888041 -99.46243868883712
78 90.3890257728481 68.40129735911313
79 -34.32571699221012 -0.9450082223764582
80 89.22284403504574 32.036015687848646
81 -53.67726401970523 -39.33273622283529
82 55.36650908742121 -16.89898515097738
83 -28.70979632491482 -27.066191335338672
84 -10.625094287956543 10.032356575521646
85 55.3194386593849 -82.4327380146231
86 62.825965583763235 -85.22567188262238
87 -90.9933109200423 -43.308010143906685
88 -15.179370583837425 22.72158885877353
89 22.211172937405905 -93.38570998397515
90 86.9896571506325 13.318157029745592
91 -2.2262598951134436 85.56045864935896
92 -66.95640421392726 58.257688050820036
93 42.85063727137705 5.628215491700644
94 -43.246122234714115 -71.35618349519655
EOF
