DIMENSION :94
NODE_COORD_SECTION
1 -55.91744076801779 -2.3803809244596295
2 15.31753117418009 -42.36199475900826
3 67.3603715884619 22.19610305990804
4 -48.12272464995762 15.044124377808615
5 -64.18426834938063 43.559531771254825
6 -18.93526608076135 42.7868253009006
7 19.43521973671416 -58.33398246360164
8 4.281921255351989 -27.574088165890885
9 40.11123688115694 -93.66470824224335
10 99.68985925204228 -27.095891448700456
11 79.21300961044315 1.4970970400503631
12 26.359816947754382 -98.92219570929082
13 29.534182275915697 92.98070821924165
14 -29.13676147682193 51.37750691736329
15 27.82909135461425 45.24920160365073
16 31.59456266887136 -36.387200466769485
17 42.62651861016141 -67.48085076575666
18 40.222669719538175 78.60089286515418
19 -88.26383446556716 80.99543381824674
20 -94.98170724616986 -6.788320044343891
21 24.839667497843948 61.490036021231845
22 -72.59373904622743 -40.413594349324164
23 -71.21535132039043 85.482635033906
24 90.94301221411746 97.70113125960506
25 -3.3233389055451994 22.719924179673683
26 -48.978630394604174 -53.88985113990608
27 -53.40935139901806 54.73965493591538
28 63.95615262749067 62.6186363330078
29 21.69998626351159 6.2444718570837665
30 85.70577434202545 4.7978900218683265
31 50.84774500876347 55.03959645181584
32 -56.66353294544064 -30.32951645947344
33 -2.9385755240981553 11.2875716758017
34 36.437423630312026 52.55690818057403
35 -28.761085242103164 78.1223221362309
36 61.04664968737717 96.98905952988574
37 39.210072168014904 -41.796216072633484
38 -34.75106180182537 50.760308920716966
39 82.6047599968785 -45.41651491635428
40 -56.541168757902824 17.59570469169485
41 87.43488200172544 -70.70949864981813
42 55.50317082476559 -0.40999213538171375
43 -70.97561400388739 29.336288559708436
44 16.969224042321258 62.47541015540591
45 -2.1021066391196683 -32.624098958039966
46 -51.11396480755053 -76.05533810046225
47 68.46506458041941 -46.94774620751223
48 -2.3417846733082115 -35.33042663577231
49 50.81444633375281 -88.91092939073135
50 -59.72711517452136 -7.681180806432025
51 85.6570552737301 -6.512741771212788
52 -24.84789922902955 -49.20694316103291
53 43.436614571340925 -4.281476451906599
54 65.6246613002302 -39.94053556254249
55 70.84973647187093 -79.4009373978107
56 50.84270162385576 -3.6181896130123192
57 -8.503865120303217 -1.434701267238637
58 68.07009126157118 -21.593708533344483
59 -87.89466320491857 -30.637409391954236
60 40.62119900781545 11.477353520320179
61 -88.23698917836487 -42.30299943183038
62 77.33016186102958 60.7219020524779
63 -1.213457384191969 34.189225725687294
64 2.282325966172877 -27.145754281219794
65 8.376135241233087 -56.99111323418751
66 87.6411317995958 -52.68179509784123
67 -16.10584282552381 98.8563427894687
68 -2.2447536626242623 69.29696796199792
69 35.60211643705017 8.498424373545248
70 -30.66767303765792 -39.71476697180301
71 -97.08884566599194 -44.1466328388703
72 -49.68265700592791 -23.667720908778065
73 59.678564980629204 -95.34058047053809
74 -0.785023662431314 89.72869077966442
75 -3.190705064791757 -80.94943132572593
76 -93.05284934939277 26.823465954453994
77 92.39813170445217 -20.097988070277935
78 -55.061679183613954 2.8224084627501895
79 36.87461751134586 83.59686383193804
80 65.9727198515591 93.83260304984069
81 -80.91049531792085 -50.095126571064895
82 -11.530718142118815 -82.91799458760454
83 -0.9920033439702536 -63.047129319046526
84 -19.828372026584006 52.15714674356309
85 93.65160357058045 63.80568867633235
86 23.851888343106566 -70.7340113838757
87 -14.842926647875672 -25.03451164603952
88 -4.521101479958972 -65.05287270135332
89 -76.70270314283636 46.1363481034181
90 -85.59726480800573 41.31054155832555
91 -60.46421219129412 26.890190568479326
92 35.45909371785834 -48.19089267126009
93 -84.33720157628117 43.408968419233105
94 -55.5012310760183 -25.295732361005506
EOF
