DIMENSION :94
NODE_COORD_SECTION
1 -4.241317898104953 60.72058750722732
2 -11.33923227849752 86.96777300130586
3 28.56412394657866 19.979643999298858
4 -60.28776983569741 66.63556144002837
5 -83.66940343176915 79.2407431251321
6 -99.77544705950496 53.29073630108624
7 82.06989000329978 -39.66611180613408
8 82.67474300223068 98.04690395777388
9 50.76850056711538 78.51555640434012
10 21.360147424700045 27.83446285955435
11 -16.868733914990017 56.79522160146723
12 40.039220793238286 -4.464625348735268
13 -27.719316274670618 -82.88933912489122
14 -78.39429346784992 49.193931306072756
15 -22.094694897914806 73.28488941016022
16 -74.12831281334917 11.349597086818733
17 35.82716758742475 -84.26329813794872
18 30.636514792670965 15.20217941316713
19 -74.31520368448034 74.20576857773034
20 81.57014472732783 31.233595645259527
21 5.4049130710656925 -27.7076428869605
22 28.04104661979997 36.07453221223608
23 28.362413481549424 46.40074357137152
24 -5.1296440050806495 -75.18159601881311
25 47.60498295643259 -8.285433829288522
26 -5.904471459071601 48.64909010905566
27 -18.75504201611369 19.12128724014441
28 16.17829536529152 -28.437064074188427
29 64.09794248328143 -40.45790592647105
30 56.693317497965324 83.12960873275316
31 42.873959538059125 -64.08740668312768
32 -67.61452692987851 78.65046849651202
33 -14.296295611728937 38.098734532322595
34 -80.41473551550436 23.737102672542562
35 -28.49113498513887 -17.678579963437684
36 -91.67655873591983 -42.753106293767765
37 -99.29786725140907 -85.79761007202013
38 -92.91257573467078 -45.323657911200144
39 25.92907647728468 -76.66703694419425
40 -43.98626407033321 73.52709628645837
41 -59.9594252884025 77.30630496400696
42 10.412240211279268 32.82362650683416
43 78.2110972901485 54.4429871957025
44 -58.13058319238187 40.87558570468761
45 92.09467768985965 -43.02137275537377
46 70.7795873468082 78.54189302122373
47 -63.86298985610501 20.271438335215763
48 -7.995417137405553 -30.332264880221587
49 -30.361394032974303 98.62665058829523
50 84.46375943001198 -73.9703867454686
51 22.89055926280868 4.623811171101494
52 5.808006100555147 -58.96217728867934
53 1.6810366456526822 6.371906896727893
54 64.9328233957159 24.609558650009333
55 11.69709193157135 45.9065671870091
56 37.937188231836416 21.04014607002871
57 -27.1768959832917 -68.01760764615345
58 -52.76354470664002 32.363803505489074
59 63.06356455517971 81.80273698686602
60 -41.1109141856435 81.60944829866324
61 82.79456946387336 -61.23182724910028
62 69.79860207429144 -6.478848873688435
63 -37.72505263770458 -22.885928629399473
64 54.30372045410908 -55.27310776218617
65 -51.17553206125878 19.34662838020016
66 18.77112657351067 -58.996747333287104
67 -95.19682514747534 38.67594236254084
68 73.15698079213186 16.197906402667343
69 23.50246490667567 96.18356094197625
70 70.1047964317656 15.535662152049184
71 -72.7150134714897 -28.748765109093412
72 84.99882242429811 25.448018345688283
73 -49.212790927906426 -16.183560701931214
74 -85.50622718707584 42.73010172162432
75 31.724821404610395 78.30949738395671
76 -43.6068886116433 -62.25691603204508
77 32.81788051026339 41.66601992801117
78 0.34988068636563696 -40.45586560909498
79 -99.42089363730184 -38.40239758797783
80 -93.28460067904433 -44.759981936735535
81 30.185241866127654 96.34260551017996
82 79.96294020895874 -68.47542053235273
83 -49.621887722329646 23.40814540785236
84 53.46485654756478 -26.725614556080714
85 -31.681627124269312 62.35317003297328
86 -5.996643960251589 52.24081278642211
87 -78.45833119063354 -74.54811823166408
88 -92.75341286696062 -91.7089660717703
89 72.64341524226984 -59.884387631412196
90 -20.476736506571783 -33.68570267312168
91 52.044966917782574 8.240366295031293
92 26.580672855146446 -36.175941496812825
93 5.1705274938603765 -79.81359603274501
94 36.612447737230355 7.45053853429323
EOF
