DIMENSION :94
NODE_COORD_SECTION
1 22.940789308537845 9.035383337167517
2 -17.629519100565332 41.66862634909023
3 -70.07684625236081 -59.80530961039974
4 -31.504045004444777 -96.83824348486512
5 26.75922957713172 -55.28185933334369
6 0.9243210359123992 92.95050664712093
7 -27.521755546266434 -66.37294209784608
8 -25.886319325177737 88.24339926118739
9 15.857097010329696 13.838004174507844
10 71.08472966475233 97.6866747781734
11 58.69222983429083 -4.7607309777625915
12 -90.24946378482757 -82.30794670956828
13 -43.235249833233105 -49.81622231892684
14 -20.994447670651567 -2.8223880540734
15 41.78120420102701 73.18284160585594
16 -89.9366059497107 40.24450113041502
17 42.29907953160165 34.87422271737947
18 -11.115560449826717 -86.77377561409565
19 -42.37737366410415 1.8770997297601184
20 57.13587936445873 -9.288601901143934
21 -4.118849068352603 -97.06447430657667
22 -28.02160840676055 -25.44521623449026
23 25.978491802916423 -38.208991515312206
24 99.07522875775419 50.55561566626096
25 -87.17101429206713 -11.48594742527709
26 98.57097167212174 9.396225069092608
27 6.271747884570786 23.563358418412022
28 -69.61109532139412 51.59801943941284
29 -63.718328315154935 62.63059749287498
30 -46.95261074045904 20.665993678898758
31 -69.42784252461571 -44.632338601054
32 19.297260059482383 -35.74304866484927
33 -84.58894961598382 -32.61760495420387
34 -17.766195058821495 10.120720534542556
35 86.44791139755898 -77.57216270874937
36 17.13847681089689 -38.27233162248154
37 43.57729522151479 -99.50089281625792
38 37.156985472032375 -32.09004864547869
39 -27.660800058378925 -42.40892443046307
40 35.02205621818962 -98.49208022915252
41 -75.91544389895542 54.15910063038464
42 18.38065897786798 93.92719837160087
43 -1.8899971361823589 -68.13592506185253
44 -77.11292553451412 15.676032401027513
45 -38.80704317049495 61.972209343762444
46 85.07476303706693 -32.63344304313219
47 -46.565636222480066 3.8189005418449256
48 -63.878508237906104 51.32764022393022
49 24.04320570423579 -41.964751207446625
50 -62.0261433907261 30.8911481336973
51 -83.32662014183761 -23.225283027211674
52 24.898735746322515 -47.42262446082526
53 -18.84997029762272 1.966549568174699
54 -63.6190533393276 5.819607004690084
55 -73.10083763183843 42.66167092769649
56 31.38781634954458 25.531733604122664
57 -46.87928204635665 -26.174278026137827
58 59.37296915985132 -95.26308763450196
59 -8.277966805985045 41.47312062771772
60 -70.00674908998533 -22.360581844521505
61 -18.74496887946195 -7.17506151725631
62 -28.635826196022492 -42.06424184291666
63 53.5771756491211 15.2125350283371
64 95.78097178264787 72.82532117885444
65 59.68266252953222 -36.262023001502406
66 -97.81631059786172 20.094760540213173
67 -12.872996755595281 85.24122267893821
68 36.24659209181664 93.81449664773999
69 -71.30539844545198 4.9132536960821795
70 -98.1765269180297 73.59971465478091
71 -49.564441442396266 -68.06675544821177
72 71.58214673907565 53.052292003047455
73 76.92455082359572 61.79711370810065
74 80.01294855864447 94.91419931810415
75 62.57103155971575 5.543648348322037
76 98.59762917857498 43.626941960378076
77 50.03672539816944 -40.12636623373766
78 90.77652918174286 0.4056975311902704
79 30.292854070725042 47.19638307284262
80 23.453597534264546 71.60083162954703
81 13.57620188752351 0.9271678106008494
82 -27.86969433287672 38.03358618141647
83 -3.520541787009023 -51.10193732604855
84 98.36102901061898 -38.84326795660436
85 -32.36181113919663 56.53389712649138
86 -98.92582679453821 41.30514641933837
87 -67.04698602661236 31.483867508369002
88 47.40471852272688 73.96518676822359
89 61.012319463927525 -37.31134672496972
90 74.03556609585979 11.905934687027937
91 -49.64259787430265 69.40180756175528
92 -83.35352052637164 34.179381005074674
93 -97.54166388592192 69.47321428205797
94 -27.07884642763949 -52.58932667376393
EOF
