DIMENSION :94
NODE_COORD_SECTION
1 7.661575921532531 98.28098118478223
2 -29.31887679209578 -95.21928805462943
3 71.15529154535531 -42.17577246811048
4 20.71553574757307 -5.975434009500333
5 9.84354687685152 -55.98272709904468
6 -54.75502960378156 -29.419995153661134
7 -64.84841675793791 -70.19573845358234
8 52.12295417152342 -37.94274682012562
9 -69.51419733166438 86.30336414601712
10 -39.28317221550377 42.44593772442221
11 1.8187372557898982 79.24102336351862
12 86.66140625324769 -11.81122300396278
13 1.5873610323832992 -54.58509134920908
14 3.1639223918329833 43.327567571628606
15 -69.71907450899981 -88.18620455655667
16 -17.0565400686922 75.58795658234777
17 89.82115042671538 41.311545381914044
18 -39.76031493229706 17.18347357928853
19 13.814087547466187 41.39156417930971
20 -31.072694011242064 -72.71658885452099
21 -68.02042125621418 56.147012836377314
22 10.62411185102306 -12.496771354222162
23 -60.45921898042701 -23.158745959876242
24 85.78217836128155 47.440141759506446
25 37.082752728175905 -47.39798680439071
26 -18.8967433271432 -25.809312632202477
27 -17.634224299243712 -39.638221069701984
28 -51.779001661802695 27.951080550142322
29 52.80548998306273 -98.05392104155102
30 31.4441628770021 -14.784695422199107
31 -44.191397503959436 -63.74971703316869
32 -93.54337499108709 -38.25020512785535
33 43.879468851703024 25.734692437178566
34 77.22142852894066 49.43782440497
35 92.38933713603777 -20.993294798208353
36 -55.062176148668954 -25.749354893419877
37 -19.87327488575184 5.047906265611772
38 10.751687655419275 7.016483886874255
39 76.22385482734151 -40.31696993954712
40 -96.97866865556193 -85.6773343526425
41 -18.219288854271355 61.176740635383
42 30.29228136129464 23.800075579561366
43 -99.51520132022551 79.38335355237896
44 52.73614985332128 96.20333508337572
45 -80.24874388437293 61.66352941351124
46 37.660283246738686 46.11404448565216
47 72.38455019948836 -51.17885658291603
48 -81.20357466312859 33.758569220696444
49 18.489560918490895 -44.39740036413997
50 -85.57176199194522 62.345911594125226
51 -61.66363726801247 -57.160172268090584
52 76.01906149792592 -41.50484191461792
53 -40.890393350861 -7.8926224465863015
54 -63.14721490421735 87.73628428798168
55 -48.049959978608655 8.803020108290056
56 -90.69756962331002 -37.26812524683629
57 30.422102861333173 25.85030125564262
58 39.69243243602659 38.78164905592837
59 -42.48171648289683 -42.239333494222464
60 -28.67770424571212 59.335544201806215
61 -74.46267388873787 63.58170904379952
62 89.07077278809066 -86.34474108166634
63 11.65004142036905 -82.70274063266432
64 23.101343639952844 99.42828364105736
65 31.69302419854108 55.53400460226561
66 -25.458677192263806 -54.94769048652173
67 -84.29293792195145 74.96848010119976
68 92.60843471859121 -60.52778109267483
69 -89.03629766659648 -14.382709507469698
70 -19.489688338183157 41.8657147642395
71 81.69992958178432 91.2324349843222
72 -63.45605826020893 99.13784516460336
73 -80.49253484732732 -35.687200669870606
74 -52.82641116720686 86.09866564041775
75 4.29982441302792 10.781796338865405
76 -59.53265814069266 1.3623707714596236
77 -36.993252795533934 78.17030075808043
78 -18.876029491699043 -98.5797066323431
79 61.622255699670234 -48.81694272986792
80 -57.576649081828556 -63.995771053116115
81 35.95910731433685 -0.18423559669156475
82 -74.21475663189156 -40.229398773341885
83 17.43899749392088 97.7291686040256
84 -84.77714837315587 -61.499967980181715
85 42.474400081296096 12.375529945290282
86 51.829060227016555 -57.578997315084536
87 47.47453673194599 -16.58818153350478
88 92.5348534657276 24.930237831784652
89 46.23451630769674 -47.7767578683308
90 77.73101638149552 -78.10333572265583
91 -37.556795809851984 82.91955012736909
92 -26.054283102053915 74.8997211210449
93 -52.72799289846024 23.955776538093758
94 80.62213664826393 -18.833096938821654
EOF
