DIMENSION :94
NODE_COORD_SECTION
1 -72.33143580841673 30.03541040270059
2 -57.18163682037505 -38.982750573070234
3 -45.859272984952895 89.69427778192932
4 -4.350562873498177 -27.238688001625945
5 -99.15662962608845 -33.078638203433826
6 -52.07690461050647 -6.765864081993982
7 -30.03470930123045 -92.18361913276172
8 36.637117497547735 20.23619198567232
9 83.93391694720705 -12.157242663468466
10 55.768771357252746 -10.973186632186511
11 -60.49207145762128 -43.94648484130415
12 5.833737076173236 -65.68667486372175
13 96.35257374645101 -24.113554398497556
14 -99.49839077398688 -91.87353187115544
15 -97.47912439455008 -79.92141289635934
16 -98.85181134235994 49.12042054473335
17 -33.50962640919985 36.03909228758113
18 -76.9238243343803 48.24978745211308
19 -26.11842205499127 -11.941307653904929
20 -88.76244799492301 36.440065276893506
21 -83.28904180175793 -95.97699797611159
22 -81.3575063824604 31.782048003722508
23 54.00780596016318 -93.16411213197145
24 -62.75887829252058 -73.05520620017343
25 -45.14914012059057 94.54840296964977
26 -71.08390408759766 -28.084233616998404
27 -11.642812596176341 48.22755052072233
28 83.32551183008073 12.84087291756893
29 19.882358498249204 92.88849375054852
30 -10.312799640839316 -15.348842257706423
31 48.667474427542345 -85.64732745928517
32 -48.80298667140765 -76.6729930378954
33 79.39524333926875 -56.31650060677422
34 93.62532868127727 63.06468809656337
35 58.593803146148446 -39.10974236476561
36 23.737500153156788 14.274267081654529
37 26.55360463011391 40.87998366186605
38 -21.46443572958509 -19.748118513709628
39 -63.60084571003306 67.17609521590907
40 72.92010918734258 63.5334210634328
41 74.18404247372948 -27.28834001460028
42 1.2227130185070507 -62.64920873855135
43 77.35428982257446 32.04417620344037
44 -22.83902942348412 -86.72401607576543
45 -6.348592491955657 -74.37205311085462
46 7.119662036466053 -76.94783000982747
47 48.50342326571163 -75.68103013249832
48 -16.736781938733884 -49.22480598178052
49 -3.8215762054710183 1.0765622734874682
50 -44.16389037667721 1.0028172953665546
51 -81.54814460406136 -33.13515550394257
52 98.10951563708511 -30.966796397184154
53 -95.73457998772395 49.04631751679301
54 -87.21603721582906 -8.49183752539993
55 -5.168174395928077 83.09885582871311
56 -54.740590867868555 -1.339318838470433
57 -89.133619121847 72.27646683992413
58 67.0356665577932 63.94046434899704
59 -7.897152165107514 84.87319647910437
60 71.60767494928612 -47.58488110506889
61 73.97761192490282 -94.96122560033386
62 85.57167353549178 6.258793974938641
63 -97.65723499311379 -69.36655167545163
64 -60.740035866481136 -26.19591708826033
65 -55.70475703121311 -79.60137972424263
66 -35.92667173718745 -11.952902272329851
67 91.68577145799662 -67.24093331146639
68 87.78199894738975 31.159656317910503
69 -26.402155972863596 -30.13868175034719
70 -15.582599762340095 83.47659132724834
71 -4.936334370642399 42.99215633788381
72 1.9785411395510266 -51.40968279400702
73 1.5103745470578502 9.309962069359841
74 39.02856552846586 70.59869439907055
75 31.90657508240514 -5.139078073427356
76 70.35837865826099 -84.78348484628987
77 -31.694273705385683 -84.85896878699313
78 32.245994729987444 73.37478743185895
79 15.459396689826562 -67.99601149140788
80 69.44163791162615 -35.90381325608847
81 51.40014782095335 44.5040028100251
82 -81.13960056553881 62.84905883987102
83 -21.629792493208726 1.3018421315163806
84 59.065589350429036 -37.753554597356384
85 73.19871101692294 -56.44882757960179
86 -10.022297613731297 83.87062713466128
87 -12.793088485337066 39.72165616862159
88 23.845269866534835 -96.83224389705292
89 77.94717770810408 57.60404506980154
90 66.36564326470688 -76.228727031609
91 -31.441644608104127 -66.21823914821604
92 45.945115114708926 -56.723254705493154
93 25.246431272149877 -52.85756781414015
94 -90.5604745038475 -10.5950503372666
EOF
