DIMENSION :94
NODE_COORD_SECTION
1 -67.40033085404337 43.217334632900446
2 48.08954909733305 -85.28205461787874
3 -17.34891328225659 -19.675037599245073
4 -85.0985263052567 -64.57854948052271
5 -53.889207433522635 -27.722422564500732
6 -53.3120268687689 2.2233259499133453
7 42.96045530440736 -45.69577949387267
8 -25.095019944938585 -47.5171035389297
9 -77.68790887555795 -37.6491261176195
10 19.417024562742768 -5.398297949840298
11 -17.718346962836918 83.72766254823847
12 -49.23289359394359 -55.298238543714206
13 -94.9783218234747 6.58360803963329
14 27.874751828706223 79.45619319438924
15 37.85166685221867 19.899593552589792
16 66.80801871683181 1.0011797629752834
17 -28.84848180851489 -13.02070469880239
18 -18.373210291850725 71.77229859050024
19 -35.340148305301256 -82.0431101920953
20 -95.10382268400477 70.27226487985635
21 -43.95440445767953 -99.37063117771676
22 43.32054408935008 -56.808714181571695
23 -50.902116379189664 -86.039588961356
24 53.05007327362691 84.96515203459424
25 23.605689531759566 44.89177006187299
26 29.563520979355218 62.77043608280806
27 34.9754168048421 56.637270632514145
28 -1.3677820337882167 -76.88000102836673
29 78.86098396290424 -84.57651421493786
30 67.72206550694827 -34.36365777617448
31 -15.4422732204673 -27.319726460745926
32 -48.7082944077621 -49.75586734719188
33 70.63779991655923 20.973413039622926
34 18.796777415119962 -84.06248398283924
35 -52.71845152240493 -5.489313829334023
36 -69.18847389992631 -67.55830287817369
37 81.98563683370395 68.8416512441789
38 -73.46918634026373 -19.497432000557424
39 -41.19455346277272 -70.58931780915374
40 -94.98306809545039 -37.7980679688767
41 -43.984152182461386 24.91160737272628
42 2.9073729226623897 -20.389785140001024
43 -56.94918233907884 98.93163597716264
44 12.901096948617678 88.25243559206584
45 54.80915064483966 2.1610655269509493
46 -89.8074258538452 -68.72266855827417
47 -60.11003767182073 -72.51545643405908
48 -41.875719410569154 -9.116394478002562
49 -0.9517696344014865 -18.441463154378866
50 -50.31999547473045 55.47132772383097
51 -68.86269372005877 9.018854622115754
52 -91.9571831783974 94.1505148915544
53 86.03169011497539 19.251096176800516
54 17.293171416841062 54.6531110426435
55 87.50013903987298 30.695886468332645
56 83.42410406408561 -43.641510538564155
57 -66.27440143403875 43.94998122902663
58 36.202126151198854 37.056831966859875
59 -90.8549562323647 -17.53683221225147
60 74.00390559261695 30.238618080082233
61 -51.49109296194268 -1.5797991396655107
62 26.61047483366734 99.11271729678305
63 -17.463675385475867 -68.56413931572374
64 -34.95784180408951 -65.7805417389026
65 64.26893253630067 -71.01961797232923
66 22.869078394686 33.41922585682963
67 -73.79735985072995 89.99160424417204
68 10.033597647427953 26.201187883378225
69 50.50320208768704 76.91912440732017
70 98.0726405843184 78.67074263401022
71 -51.91187332735261 -43.515040424850056
72 34.72939708079332 -78.76156317941943
73 -62.9160961768479 75.73412946179218
74 6.295463818245949 77.94711100665117
75 87.1442125380998 -42.51224672667777
76 7.626086627546243 44.53807179462777
77 -46.65882986329617 8.100293987635496
78 2.6226237250777586 61.77124096780463
79 61.81845349063289 70.46152760635647
80 62.07804726284738 -38.821827269762
81 29.12146966230594 -73.52689802514575
82 51.13278120731269 -77.65898886877164
83 98.09653202665115 -44.23161010720034
84 -94.81027646180651 73.9544306918099
85 -44.522665109778316 91.23350332227636
86 80.98892905938465 95.34173371682081
87 -40.246208979874055 -23.073523183459457
88 -1.356066916626375 -69.23973322559642
89 -47.35529038600232 30.28050148083952
90 0.7932874847780766 15.745467358618697
91 53.47243716719092 -61.98368427445195
92 -53.3775660519981 32.90686179702092
93 42.96411471759157 -26.022157284945905
94 31.36260532251015 -35.9966320439123
EOF
