DIMENSION :94
NODE_COORD_SECTION
1 -87.55804447251232 74.89272645562303
2 -80.31764525441966 -29.65146499146394
3 -87.23902690527368 -98.56792890866059
4 -50.35770560875588 -21.507529335698393
5 7.736419248133288 -5.012000098736678
6 -57.35638699372003 -43.71671139745514
7 -33.236590933297606 -58.71352842376947
8 -9.988280224013764 75.67518550101519
9 88.57487249184481 17.198765793077172
10 -99.4444500583632 1.8084179195255103
11 -28.240721027477406 -92.0538394904755
12 -61.41777820272183 -10.368090498271414
13 1.4688658433539103 72.06407709124579
14 40.81285116994414 51.95776093866087
15 2.202445499673061 95.07412610794609
16 -60.08453818380919 62.259446631533166
17 -17.47661902667457 50.35164378385281
18 63.97275246319674 -76.31045059311612
19 -45.200169579381445 -5.534679701665809
20 4.053785795796699 -64.79309702785136
21 51.5310977872131 64.30454137651219
22 -53.83953815954952 16.367091322529163
23 -20.449757196568655 14.599281642343527
24 -50.82900190916728 -85.75565266294613
25 54.36990149784978 36.97625664521274
26 -82.99562205890226 -90.88309305429341
27 39.16462770536677 -64.5157840332974
28 -38.91890049636346 59.96199230463142
29 -23.64015510491842 -1.4396301621486032
30 -21.74264260946424 86.47056108272261
31 -55.4761771547619 3.6988253163338243
32 79.76111454137614 -28.793792665477298
33 -0.7641466436124915 -81.37884760663721
34 -1.7397660481850181 83.69640533460984
35 63.83024230127921 21.53818553339586
36 -26.95561312560939 77.6586078321055
37 24.392380421213062 -46.86878305874003
38 67.40391519143395 -6.77243902605764
39 -46.8903909969816 34.16983343945236
40 7.640526045190981 -92.03556503125733
41 35.05630892354 35.222649152221436
42 49.74621325926836 -76.40771091522849
43 5.719046285374787 68.70639223603331
44 77.6382309459785 49.81652823724275
45 -79.95569896492711 -11.442341635239899
46 -84.06022723629587 52.25309502113646
47 68.51777991360387 29.10091249206988
48 -99.35269724566882 -31.59890190039944
49 31.760902644376756 -7.774804069881796
50 92.62722402975504 -36.23923700718266
51 22.356669950219654 -99.2287441566464
52 -58.26393460566371 99.61157239425219
53 1.093571151676116 76.06965717657854
54 -86.54008868980969 14.629559055307695
55 -25.45714483504146 68.85971516377782
56 -24.679560842406275 84.436755152351
57 -18.13901276105399 -24.64202562569548
58 -93.10361168755404 -83.66009290884897
59 -39.064269150971164 4.03413425851889
60 -54.83907123526508 60.92955807925412
61 -52.529211597433026 -76.30866567892696
62 -94.06304538457742 -22.125255232820365
63 -94.6694527949409 19.736775973211664
64 32.623775972231755 -19.837458139390463
65 -87.55694946449626 13.067772795715797
66 14.950477493008023 99.19580594027181
67 33.78581192108646 54.78723306171554
68 93.36249181153963 -37.42348288157884
69 1.4557313422012896 0.0019107920720955462
70 -81.25025857401099 57.066124413016865
71 -8.4491488447769 85.24552490828054
72 72.57610350196762 -38.871511629919155
73 -61.431641340208664 86.60807434945573
74 69.07160111162878 74.62494143691058
75 -39.750333654256906 19.441783225186796
76 59.000264069095664 47.64513270121637
77 -20.719856803868453 55.552995837213416
78 -66.38185700032852 -83.87865088262612
79 -77.02259319944397 -19.92139723355848
80 87.78754927931794 88.78811587685439
81 -41.92112226557483 -12.215543771448978
82 -57.184846484207476 -1.7871642730601565
83 74.96569531859032 -72.68752939058044
84 52.43313909616435 28.037459953488337
85 -25.863249839121053 41.94202300783755
86 19.44411837276516 59.235036768695295
87 27.473059741827342 26.72040815956045
88 -64.09780216183283 40.09924872527375
89 87.80942491456673 24.35616725064122
90 26.303995996065723 -22.151054286826266
91 -97.44332360192998 16.058115750369723
92 21.115118951485215 74.14387761635982
93 50.59456044909177 -71.45797968104844
94 -82.94096136197987 -17.528226488155596
EOF
