DIMENSION :95
NODE_COORD_SECTION
1 88.97757113858299 2.598609920399312
2 15.029606569593241 36.136884523491545
3 1.8506940313356637 85.30566521135671
4 60.00705348153147 -12.598025057711197
5 40.578410676499516 -79.96774041997938
6 -98.96299800412616 -75.44517391952124
7 44.657805346727855 -16.043934280353554
8 -30.46189997101456 -96.65180282344059
9 -52.084758941190046 -71.07926234882025
10 28.252641211437748 37.96494095032449
11 90.61715840479164 44.18495068188142
12 -15.077346657494914 35.200020501503815
13 2.016390489052 29.84285053400521
14 45.31319894978546 89.10945253473679
15 27.339123732345342 4.579259248070386
16 -31.64237465349791 -69.40963958777091
17 46.06919443185322 20.837068620260823
18 -25.324042554483214 -83.60477023405998
19 82.48798683368244 41.138169778712665
20 29.44422485478367 -36.62731537060453
21 44.77974537750086 -58.78644053903677
22 -28.430956152597446 86.26598166366091
23 -54.38635636694207 48.76211006075599
24 93.34841050429443 81.18971699209462
25 -45.03439168366508 1.071714110828026
26 88.27612650722457 -88.0559694477616
27 -84.9556640776951 -89.59956493369899
28 -20.626083558857246 2.614889999552787
29 -92.46235526062169 -37.07047698177534
30 -83.58815721283634 -82.55201228975318
31 -95.00332270911625 45.264045548757196
32 -12.395864304850889 17.772807561700404
33 61.02728840223446 -8.128960634912332
34 29.844213892180875 25.79259040497051
35 -1.9407851997389685 -22.490793384946087
36 41.269117121890645 -3.655049538614861
37 -63.18453515750173 40.61808804002007
38 0.9202612556431546 0.2768527207655467
39 78.20576346887478 -83.20118576336202
40 82.4938699513963 56.866917380708514
41 96.21942487202145 85.93262951239095
42 12.651093395682977 -82.2330991076438
43 -70.50520391751319 -7.852680335971286
44 69.08431079862115 1.2233758797343341
45 69.59371234648364 -17.24413324479535
46 -60.48725517423068 -97.12034997755052
47 35.61110900490155 30.455638683816744
48 -29.992969216423234 68.24704151202329
49 97.60158858767511 -47.50952382766178
50 19.51895398059284 1.973649681348192
51 -34.59399074905201 21.14222439043867
52 7.219165462182218 10.327917579770386
53 94.81309352780696 -28.1679001482444
54 90.22217813201928 -74.14674622217001
55 79.5923016112344 58.27659613894315
56 41.50461525117004 -53.060971223619305
57 95.78599591579695 -21.443545231678414
58 11.299093350975653 40.09247945187548
59 -56.249683379777025 1.6215376237516068
60 49.972870735905474 98.98488866984133
61 93.78593931471718 60.668218609566196
62 -53.62321638729266 31.884691007003454
63 82.80121494376661 -52.009729839326056
64 92.87666819271209 -42.12098376888924
65 32.30199003675207 45.31801059511861
66 26.755952037889344 -67.67554573871317
67 -37.89618655199571 54.32478282474355
68 17.404755046534987 93.25667430565869
69 -40.486182251069344 -46.10632386300584
70 -30.312708688195087 23.02775842956804
71 -69.66877633994741 -96.09836106782201
72 -3.893998973651435 53.22911095970656
73 5.866820694226078 39.69212367599536
74 73.8573894874416 5.996830216541966
75 -90.71649235074501 57.07142710798371
76 47.60110642693351 61.085564516153
77 94.9113949688479 -25.421977620809486
78 64.74032758622809 65.63588773495331
79 65.79262862838172 77.9382166606469
80 -62.761837389061 62.34929085999269
81 -52.43738341304722 1.0355062157188684
82 -87.52876357621504 -98.1760111068813
83 -49.12408528541343 -21.614866648635456
84 -94.65170917211839 -73.90620812817409
85 -10.063421013033775 -83.98074580935324
86 -5.101898305252959 62.95125779102719
87 41.29435338264841 70.85244359146367
88 -79.24233932240398 54.42560638728017
89 24.919656200857403 3.0110728826139024
90 28.46805047136033 -42.17526831391925
91 68.67185905438228 71.27428550720549
92 7.212083002350653 -95.96017981080125
93 -22.373099932111046 78.68837043650385
94 39.60429937143394 -24.649865580529777
95 -28.668113508955926 -56.41965301122951
EOF
