DIMENSION :95
NODE_COORD_SECTION
1 -36.3995575439505 -41.8117085228737
2 -27.183687727580804 19.517109949078602
3 57.30710663079955 -61.24828194359895
4 87.90364590450997 75.68620936504524
5 -4.42519100050076 58.0321487962581
6 46.26925444740277 40.46385951745768
7 11.872518556264652 -95.13687577235721
8 -18.713951737572557 79.31513506157373
9 -12.586517967260178 -56.31143149170632
10 24.476157748914716 -43.75602973589603
11 49.67577368706995 59.32094871708193
12 73.50447878165315 24.04431551739701
13 -20.677772350359632 86.076904658675
14 -73.84481242249157 -40.72874737310155
15 95.61864859369646 -65.20254438100959
16 -23.34030159771787 -36.26020504394487
17 38.30072943237758 -44.3261071719063
18 -65.77898313531128 -80.60160817923727
19 92.94166533739764 -69.53539560291611
20 68.30599175378453 -20.286916642050386
21 17.22405950997772 -25.397974626450548
22 -88.74638967909362 -91.7626421675493
23 -82.87877821969631 47.85315998538891
24 -44.02605561395523 -66.16816956400118
25 -5.155454918323159 -78.38904702196221
26 74.98900124991479 -17.963067204799813
27 -55.48474352429766 -68.44198526047245
28 -43.206733906423956 63.39078027433155
29 6.870284980221513 56.35824354557292
30 6.488245655418183 -47.97635475703708
31 10.913706066378495 6.1958837744164725
32 89.87197358135506 71.64922497669306
33 -71.72338668145848 79.3956722710005
34 13.640900043539034 -78.88768493774492
35 -54.85000401743807 -48.978216671288365
36 -70.91179227724055 17.941206218618206
37 17.006664957136636 94.26735156956397
38 -77.34080576401098 15.892479269837196
39 -87.07019104367937 3.6103776960730443
40 -86.04917568553296 -38.73526479589076
41 79.21742775246011 -11.874079110720587
42 20.219184502710206 -7.20304839190247
43 56.03338555499303 34.00854922928406
44 -33.814839761330106 -38.743757332029595
45 66.22736926841586 97.27303803585684
46 -81.0948746159037 47.358748833444736
47 -37.95235553613492 -19.234587442132664
48 -90.29989947358328 90.45656965767233
49 -36.67794281607784 74.03046802914491
50 -31.386682800645744 5.46266202155779
51 -50.21571715663007 90.246000865361
52 41.592748394656866 -38.225335457701995
53 80.57386852923989 -78.65204401345869
54 86.5716750616968 -74.50229572531666
55 5.540205585776221 50.63491242212288
56 51.84695935136648 -74.94467768558204
57 -94.16785113051058 11.554190483157328
58 -71.3687340338868 -9.683333038771735
59 55.35647508908204 -37.96385627028982
60 -60.618040515056926 -63.34282515418632
61 -69.95995975230815 -44.34293674431045
62 -25.513911917384704 17.90908590829538
63 -91.56796946469964 -65.92465170112942
64 22.107313502597762 -44.05286147720566
65 -94.96583235759466 39.59951828874185
66 -50.52270737289386 -30.30618459526042
67 56.84847706932945 -47.5891795671181
68 -11.35950011316558 -27.38229773438792
69 43.98356219471651 -6.122805339566156
70 55.63815373520691 85.33748312318554
71 -33.237864248934045 -94.44061805648474
72 -10.656684478622736 18.73312973738632
73 -75.37609185835402 -87.07584828430817
74 -65.36400583822966 -76.99492104711874
75 -53.780379595717356 -86.55650945713116
76 14.333398448074888 -30.58902486168067
77 -94.55646805613706 -9.327099684433392
78 -64.73265310055831 33.948928500086566
79 -75.24676792729079 -50.93423577037586
80 56.127074714864875 -13.954931652999662
81 -85.02276008372291 -11.304990640534456
82 -91.83742604995899 50.34228785659312
83 -70.08764772978084 -5.282778958537591
84 4.569837347836497 -94.02371911227041
85 -75.63565314651841 3.3285187792238418
86 0.3562357531726974 15.263794001798601
87 95.8871451070703 24.12545680439922
88 71.71062317434047 -67.48271638004451
89 63.32711371732344 -51.8015703079822
90 -27.620610707531185 33.73911025694312
91 89.38079269246984 -48.051021705611085
92 -5.723752315752478 29.23754951422802
93 -10.274168919669194 18.536507381394145
94 10.53014861700683 -26.254131463403823
95 87.88650385995373 -57.975955917941626
EOF
