DIMENSION :95
NODE_COORD_SECTION
1 -3.0016781319873047 54.91819247283294
2 -77.9522327482 -81.88788212903088
3 4.733432072544886 18.30599424254642
4 13.13037180069054 -7.1622348817702175
5 78.7997221056211 -21.98575458429572
6 -77.36721234293839 26.960095370585265
7 75.06115910646662 -93.28444833073908
8 -61.928817886439155 -2.3801631010319255
9 82.13132472093565 29.41600570224054
10 -50.31500303013787 7.883521528339955
11 -41.3698845928179 -99.9398550881339
12 -9.822472213595248 -17.20527274429078
13 97.2541385180973 -63.359386061803136
14 89.4201560023887 -56.25492314313041
15 10.95499970734464 73.82736847054551
16 -81.19092001619144 -93.39436796404969
17 40.621225506062814 22.795418188163154
18 19.689741228673 -79.65156311353611
19 69.0111468382955 -10.155897122859557
20 -88.75916580730005 65.42702509608642
21 -7.7144046220313385 -1.4349991934578838
22 55.43630394929701 -35.02626967870171
23 48.34088997085507 -15.270402414928625
24 -79.81974006307715 -73.08926124915382
25 -69.755911646212 -11.268083835660917
26 26.436433267990438 31.360836136215084
27 -76.57592340193858 57.33540354446646
28 91.15014899497538 -94.71703308849347
29 96.87359819148011 84.63734998159279
30 -15.012427946428389 -14.953379758446502
31 51.46899805038555 -28.42166623769988
32 12.393426568052135 -42.301663383600015
33 82.61578228086441 -36.01200483316336
34 -8.805096976813772 -7.03755147306569
35 49.77999307900902 41.07280672610497
36 -40.043788547783834 -69.44257611983218
37 -37.933411726323676 -30.58465853762597
38 73.51460031389502 -28.801802389094348
39 86.85793612386149 -88.0313220246289
40 -39.39466845268673 34.69382529260187
41 67.62679929833416 87.19368124733856
42 -87.79030800922905 -5.160958007174159
43 97.38991997583591 -89.59907188975964
44 -54.76344457552007 78.33718662550234
45 35.869875058809754 -82.47695779163273
46 43.37474690217064 23.781201680987834
47 81.28429725627905 -29.04256677898411
48 -84.57018069945279 -63.241713532650955
49 11.783319178337948 -22.21669398350963
50 31.185668583243796 -51.56700395141394
51 96.90744257723952 12.57101168450825
52 95.8076579871281 -12.497431306366536
53 -53.96016928415121 -69.83420624447672
54 -93.96915908921659 9.207347758395045
55 8.678368513131858 78.24207314851799
56 94.85310873187746 90.11823222346115
57 -29.5454835905433 -24.911486834428715
58 16.179867977345495 93.7120899583415
59 99.17755873741595 4.998056199896595
60 -53.156651326223695 -60.71473260007632
61 86.78433365803986 -98.19863516179004
62 90.64615139762512 65.54423698011573
63 -94.0738440747021 40.49594924504589
64 -42.4446934822766 70.25157873728901
65 54.0261406330236 -62.41246330037764
66 -39.100409271615156 -71.40545358896848
67 92.99183946384537 72.6741213314337
68 -73.60052512238484 45.48249247542472
69 9.369453495943759 -13.032668235807904
70 39.08559806085802 80.76854618232375
71 17.57762146760733 -11.140276833684794
72 -32.361780972506835 1.4299093839098305
73 7.960312445877918 -97.68928935110286
74 -99.59325922087048 -38.969658866951185
75 -98.25021561757796 -69.26209258702102
76 3.3448040395919634 -15.672692621065991
77 -83.36761809570604 77.26472975601075
78 -32.67678304553836 43.67543378753814
79 -30.53878003205861 61.58910020850166
80 50.759371973873385 -46.08307258887119
81 -53.23839539498187 -95.59776142915923
82 -56.77156882453269 -16.261249874069094
83 -40.97354298345115 -87.79939870446421
84 76.69818199496316 -15.984746689884588
85 -38.59935930488436 88.49794396632353
86 93.25590657653754 -32.55577123462439
87 71.20459438583185 21.858758123160356
88 41.672283986315364 38.82321590146054
89 -58.1506584210709 56.838218372249344
90 -80.12617976406528 -28.3978729214776
91 63.04636262729235 40.827936175022074
92 6.371943007868737 -46.11280517107765
93 48.817508982576896 -42.029158342678194
94 30.923369393752125 85.8603475325998
95 47.66163062623659 -89.2774229266039
EOF
