DIMENSION :95
NODE_COORD_SECTION
1 91.91905316366606 3.8768655905543596
2 -59.57694201514019 -68.94346407089269
3 38.50441553133166 -74.98888547719409
4 -82.0396074403348 23.286471465014188
5 43.814750676278436 -3.6372893877139205
6 -54.856991656089306 -47.09384041143523
7 -23.144570279698343 40.951360946969515
8 78.66709564458634 -53.40553525795237
9 -54.23269426037491 -35.02942221729836
10 79.90331960719556 69.37166646357716
11 -71.18127843855653 39.00290654334435
12 40.95996534513071 -29.63709720647452
13 21.4385340217262 -71.51922340603825
14 -49.61370207236653 -30.209733001962874
15 57.67021734349899 -43.56865120541635
16 95.66584849529806 -8.967307736892693
17 -62.72118703587874 -69.042291781404
18 88.12579214843382 31.631797883304984
19 43.84392446620288 50.57291115396697
20 -34.384781227795074 88.41096009690182
21 74.52358214621572 -87.58266867472626
22 79.28166130356519 -95.58616771000558
23 18.775374828276426 91.55393503677743
24 -96.99820626698066 -10.842236783396089
25 -78.82723618222286 -66.0498447490576
26 -82.50130431454616 78.73646701441345
27 42.55608056027103 -88.58101587300338
28 -84.09516745553383 -51.40450987608824
29 94.10931496133557 -76.29387714152278
30 53.50624922153037 69.34296130043865
31 -39.444744440203586 -98.92601073390091
32 -78.36979437395433 4.747299442768082
33 -48.48677568080269 -39.85251312616034
34 64.1148893300176 91.11250417055356
35 -75.83488038339632 -3.5495095932427176
36 74.52660533476381 8.510798099880603
37 5.727128493923189 -41.02395349776293
38 -86.73380168305906 -43.10861811562261
39 -89.17406423295434 -54.70260951280621
40 -34.06689038807704 83.87323113437569
41 -3.2701141110453165 80.14093007366719
42 27.792129342300953 -23.93123873634589
43 28.48712597759166 96.00635072468171
44 43.914293376185555 22.074432030639727
45 -63.625739753502295 21.333202600489074
46 60.54002866564835 82.8033262293568
47 39.66065006958942 -0.12283381199209487
48 50.43925902588387 -36.376255529558165
49 83.54506298015977 14.373542111932977
50 63.51963034145328 72.8071010090514
51 -9.777083010970784 -31.770705639232787
52 -76.33930410183025 -27.92275066498931
53 60.393916490263024 -9.100770624480361
54 43.728324319256075 77.59260944332334
55 78.12149230965758 -24.234125934813378
56 62.950344518326034 -46.518559202065845
57 -30.193046613341153 33.75669934064993
58 -75.68917618505908 55.08965467557937
59 -52.85715127854669 -48.40361787362699
60 -95.6529842800315 25.389698750599138
61 24.26165702033316 80.5059033846839
62 -16.290376194796877 -74.46197786401183
63 40.89736229805288 -50.67573336320002
64 4.0734793746991755 89.35775653533722
65 46.229132916654436 95.44277092990544
66 95.4623899225964 31.56227536493111
67 -97.82210780777913 -62.39423172407965
68 77.77844582762995 10.82438754835546
69 50.278015021437795 -23.454059464463413
70 -58.697412353156174 51.33493119544934
71 -47.15187579878935 2.5861597662429006
72 93.15989964304049 60.28365422888098
73 -32.963684275813804 -86.24590477320166
74 20.219567065722032 -56.26570738146468
75 -60.58306610527519 3.619720719005045
76 -36.37398081259726 -80.34513895978694
77 19.167380356314737 -35.01990846330891
78 -73.8656003098439 -45.59686802656064
79 79.45507640719009 -26.32040102537512
80 40.649961025545 7.75653260736884
81 -90.48365993466206 66.2681738091238
82 16.84766024509345 -38.38549274281235
83 -5.989641250723025 5.863901023038821
84 52.4747083845175 -71.20934154520329
85 31.583120944814425 -57.49952036965702
86 46.91543352951712 90.85096827047562
87 -38.822363986951025 17.404220723637053
88 -13.175667303609728 97.74340480943766
89 -37.521556445837255 35.0591353878707
90 -12.890169835750527 -22.996601858769992
91 75.97983947973609 32.582855032586934
92 65.27776167630006 46.60862282945979
93 -51.48104435523735 12.850158254715723
94 -96.87984427965995 -96.90430223082849
95 -48.28373673442361 75.96493532876673
EOF
