DIMENSION :95
NODE_COORD_SECTION
1 -51.54079301465626 4.380993585023546
2 0.3936321172621149 -0.6659998909423308
3 72.37634496747148 4.139359834247742
4 44.81592994586012 22.218513010944505
5 44.553521378944055 76.26316376611808
6 -72.31232065244873 -32.629733330231716
7 14.531706787921479 -39.01817852566103
8 -96.83446850819078 20.940537181671544
9 55.51617886732515 26.05605428318438
10 -82.17531935491618 20.334396028651597
11 -2.6657167380013504 -13.380396631531482
12 -23.70855373753868 -47.37959176741877
13 75.73929136096137 -12.44000312004232
14 73.57914492328993 -82.96724946023433
15 -11.918739081478805 53.742453911012234
16 29.167414484342203 33.92052207773966
17 30.717034231477214 -24.705225137290185
18 -41.15808788454538 -14.961962623810109
19 -39.866549543194886 88.33545144248382
20 -97.4622285209614 -96.14104014885159
21 67.60901948942006 -64.05897527264048
22 89.90680136983497 -0.36380678870011707
23 86.34121559059759 49.812993332325505
24 70.05492406806516 -4.781468460068112
25 -39.682144420332534 80.01842572510316
26 57.87300701490409 -13.825877608445026
27 -4.187284668455064 18.342752209012986
28 -43.38931249321243 87.55981515806036
29 89.23711484197813 -89.79302810457419
30 4.819447137219285 24.714607157780264
31 -20.819342709624507 30.76584059468496
32 65.51771796474983 45.74443588431504
33 5.82596321180948 12.717544354373828
34 26.407344865274567 -14.095457676020445
35 77.52383184460953 56.519363361686516
36 12.197312077598866 -2.1251219830252523
37 42.16666277809759 -71.88192610339934
38 -76.43273342665593 -23.037149776435115
39 40.099727568989664 -45.032291953286375
40 12.029759414122282 56.55702797533141
41 75.6613075713669 68.0214953077894
42 -24.073089490277994 -73.30576421738081
43 -13.955637823123567 -94.45122818854237
44 20.023586438818015 -62.608269230299655
45 9.023885479692353 94.04178493608
46 59.63584175115895 -11.564902703057413
47 55.195711325189365 52.14134544533405
48 -30.04011473590775 78.6015954229357
49 -24.275918199822982 25.424308251078926
50 82.24345953732 89.83779598586642
51 -16.803120038049073 -46.93999927930894
52 10.66797785565339 -84.3006905866242
53 -68.96107820618262 -8.243265333591879
54 -42.71355495887141 8.399577547843677
55 -13.964662525747357 78.08358973737265
56 87.08868498112028 15.103705072808651
57 -61.13138738287813 -2.833237254351431
58 -8.758079505475308 1.6423443204515422
59 -10.82558951046677 43.92376366179286
60 63.781458015993366 20.609824598337795
61 -85.52719134177455 -87.58707054108741
62 5.502584116779403 70.84958170062754
63 86.43333819670985 -70.46038199272002
64 38.53157584178149 16.619251943712413
65 33.28348034681545 -38.72529362323518
66 -33.969937804293366 -12.733364062340954
67 -36.227896588437126 62.70483460794378
68 -56.28627395480612 -37.96306410273975
69 65.95075500687474 17.648199682093676
70 -56.65724083980852 59.67066632625705
71 73.13728613838583 -80.7665293538073
72 -16.931849698551744 98.74077112187123
73 -50.22211253018389 79.7536404953758
74 75.49438589961522 72.21641973840184
75 -8.474797973866785 26.2707067716251
76 -98.45432535927934 88.5301808356798
77 -43.29837082076678 -62.1390667798966
78 56.699514223821865 71.46416989280152
79 50.41862164490985 11.0548074894336
80 -64.12221489072124 82.45996641877764
81 67.97429804610636 -98.06044281770643
82 -75.73770251392904 -68.50395768365976
83 -29.246796659068238 -13.443526764287682
84 -56.471884282076765 -23.534357707369097
85 15.703709007211302 -94.36100162623349
86 -33.53528132633363 76.02692881555865
87 88.57001159172472 -84.59805688394992
88 57.68146895614433 -42.81347119188579
89 -98.5926892410633 -46.993988956540164
90 24.070510459054645 -13.583669868283593
91 6.510308753986436 43.48597855096804
92 65.92674321519877 91.8928676824352
93 -48.2633069103928 -75.65504401807652
94 -91.89890489496288 -25.512724536817345
95 -43.69112261306216 -55.318896804138284
EOF
