DIMENSION :95
NODE_COORD_SECTION
1 -39.710090249744326 -33.57683135413137
2 21.528787930775593 7.627442227572729
3 -93.46029191160083 -50.941323099785365
4 7.442122138349944 -31.950784032039408
5 -43.726638629247574 25.038062269387098
6 -95.66005207790936 71.85753245088895
7 2.6200131024654496 -44.90273701447867
8 -92.91277821288324 -71.03805490261479
9 -71.44213063357508 -83.90307723159687
10 -39.38077886014408 -51.201226982183925
11 77.35543935811 -85.60457588630173
12 -13.451432981483748 -64.46405502856638
13 61.0233531389797 -2.5365104398895824
14 23.67700727400208 39.46930749842642
15 18.965499669898065 46.68116315676275
16 19.307708332429357 91.78932934559069
17 -41.255218996741206 5.546717096968479
18 -6.394617388850392 -88.1887592552115
19 -88.14470210485351 -99.93354428333095
20 -34.146889244579626 68.9256170339786
21 -80.38060082271588 -58.11683330956343
22 -20.69366575721932 5.940668766302792
23 -72.19544873219455 -30.259797038779965
24 -9.554049812238446 -13.84867446178697
25 -86.71842982787047 81.16713259459877
26 98.7841685044555 13.38444466889031
27 -7.977692117258428 -66.18792004586126
28 -15.021830919849208 92.4334978303005
29 64.96144889344586 54.63476987018609
30 97.85830575288554 -53.28996222822848
31 -53.2763523805776 -14.786464548593841
32 85.07909034619854 -9.396518967176462
33 91.94376723477382 12.708480373630877
34 -2.5472452009946807 -34.04528438935499
35 -15.11540108535327 -11.43788356547364
36 -86.37319130445151 -4.786938092000881
37 -9.717054956342167 -79.19218603915374
38 29.618486554435577 78.2602941822945
39 -23.168459698189395 40.8954940522309
40 -63.17938789989079 65.54936581570783
41 -80.56915854593731 92.23309207653386
42 -27.555037043423525 77.11967570862092
43 -37.67869428469097 65.1812822848969
44 -32.02930420837194 5.21464640382105
45 82.43329443064857 -87.97191616559684
46 44.01710480471718 -62.3584957882531
47 -69.2317121904631 -84.49093078344137
48 -95.83859190796022 69.67729967523397
49 49.35180573177405 -44.27212529612061
50 -34.42611844328964 -65.76092675842858
51 62.27473593934752 -77.12922243923921
52 30.944274083543803 -26.79968238821769
53 21.566571290846497 -43.10169887794897
54 54.02483801103614 -2.8501377589780645
55 52.12053858108359 60.435656605959366
56 80.21707963321015 -63.44660271972224
57 -15.382939259070668 -72.626904383217
58 53.98075731508203 74.19185228165884
59 -8.63124908396729 -42.773830251784936
60 76.4452096250036 66.91504428047728
61 -52.76348255442078 -15.904948315247665
62 69.45477671457917 -85.83708728173917
63 -73.75693950212585 39.10101570189153
64 56.38152738437444 11.37082834569307
65 -85.76351111649274 86.46744092718379
66 5.3901063111890295 -61.71049364740615
67 68.93347109747819 -74.04850459796113
68 -2.5589259150755197 75.4140807820263
69 90.897745338992 -61.87805450655686
70 -20.829292523683037 -83.86902365721416
71 82.48652132626347 64.01753868509735
72 -60.11325749803822 47.85532417726577
73 66.52378764272174 -42.990681036244595
74 12.27110055965565 12.34563115607152
75 -87.56386217257742 22.229607231949984
76 -62.017708180696204 23.54659144510039
77 -25.186797922786 67.71907299387635
78 -37.7983995739934 20.724895271677696
79 87.83153351353698 -68.51728515573126
80 -74.73112575458005 -34.67302917071389
81 78.70709746416028 -80.06559565689876
82 -95.09480434751791 51.901779184516414
83 64.31829683349142 -4.251178228681326
84 29.121328386564187 -3.404425833448528
85 77.36791086005007 -13.071359763070674
86 27.762359488822952 -8.860059113195248
87 31.928938005945042 53.933881411067574
88 -80.2594423455157 65.91820691835355
89 82.9458124070743 48.009427116580866
90 -56.63999903764556 92.60951936258871
91 60.239200624926525 21.385743948701005
92 28.738127956953093 75.0739715429396
93 64.78892573020431 8.816918374943299
94 -15.819166200497875 -73.44393259341342
95 -96.45368632227272 89.95919674650699
EOF
