DIMENSION :95
NODE_COORD_SECTION
1 -55.83992511095419 16.64866364446023
2 -41.01390327016732 -95.47387620021534
3 -20.49937221642108 4.950513110425248
4 -37.026725582456166 -23.1374168774328
5 19.684562686874926 -97.44137810676716
6 5.305225436724442 -28.251400432355453
7 38.61643293882605 -6.867596550634005
8 98.64385210560215 37.53069342602771
9 58.66350251361507 -61.935309496214664
10 99.23353987073082 -11.754618294363752
11 -6.235034197804225 -49.97799758411014
12 -20.857831462012484 -86.60964762508544
13 77.14291277108873 -69.76153760843901
14 -97.88670569664208 11.498814195155703
15 -75.62192486185965 52.79710053989115
16 -79.31301782423567 -95.32363781581287
17 -38.28526105183872 84.79617314910095
18 6.973352121254479 -62.451084585849244
19 -90.18900239404131 68.21230465713009
20 5.439354212790164 41.60927410167278
21 54.75187680338857 57.43629938593446
22 -46.703938762047855 54.73883031717955
23 -39.00539157544909 5.8714586411362575
24 52.550045014476154 -74.27978959831789
25 85.01672533152967 25.64839876777512
26 -2.49074500596889 4.845528307344637
27 33.789357513937006 -93.57559784449634
28 -37.48985212742133 24.26402699460111
29 -21.2004516965669 -27.600661610140918
30 -63.140445296528405 5.50204561304723
31 -15.802913170924441 81.09430682114163
32 57.461178329563836 -3.3728543597431013
33 -63.257174433799435 23.103261520111104
34 -65.6766763975186 37.81744953804247
35 -24.412967365063636 -31.05820284445106
36 90.12090065602209 81.63622754560191
37 11.507948889058795 -72.71851445942596
38 -57.78858889434293 -46.89919299353742
39 98.09220992847833 28.272159753668802
40 43.98110228409368 24.674024785092826
41 71.44038840754666 26.318554462917447
42 -27.8759405224896 -97.40457731186005
43 10.332484246603386 -71.40813554133054
44 97.43363801351711 73.50853811094237
45 85.38970978342269 98.72077742726029
46 -91.08791052752368 -55.870431968863784
47 63.62055041747905 -40.47935414208892
48 -25.519112261963556 21.74189954800694
49 -86.15943335721647 -75.71655175208323
50 16.300744502014354 -70.41002606261037
51 18.807041537913932 23.065412065811913
52 -45.31301323831747 -71.21497361589897
53 41.51102009759276 58.572992478681584
54 -68.1676558454096 27.124318839200015
55 -84.07891838850546 25.662218698061224
56 65.02599778463753 -4.735488855898339
57 -63.425620051432105 -40.86969886374301
58 -1.2159553292354133 81.9789774618828
59 -93.2375023204131 -63.607468214475894
60 26.283325513669737 -77.23221329194712
61 -28.33918344338757 54.80154970850194
62 32.716951076487334 69.87826352042754
63 -89.398086017172 27.780117370066364
64 -23.333422750481134 -63.16698224941153
65 91.79502589759261 -0.39735613306777395
66 70.31283834369424 -53.14855197323023
67 3.145028921829507 65.57466977193528
68 45.282186797495314 -97.91021104567825
69 64.42619231729682 2.5236665060739654
70 98.15467710747009 49.413749202608756
71 98.91730182506734 63.9285684249885
72 98.13396780077142 8.456980079759319
73 -3.2935534352415345 -25.32053396101645
74 9.107324126884507 49.007595045889275
75 -62.77471378231421 72.37294232463276
76 29.299927253673104 -42.696007778296654
77 55.17413961670263 85.21272927909752
78 83.95448808215099 -85.38958733959132
79 31.850891733486776 -89.00075427975116
80 19.943512745030233 26.481606556222445
81 -27.001853737425478 -32.644277948906904
82 -54.051637812349476 -12.58488424343463
83 94.63478901209095 20.25274016380274
84 37.81562865924272 43.128718884310246
85 -20.060551072547455 66.05695890453626
86 -14.071961316180577 -78.51035572951055
87 93.10522929272824 41.74395988654891
88 99.90357253337879 -56.83877617426898
89 40.18625891567112 68.57910875263593
90 -94.3369226840667 94.32174390084913
91 -47.691460759755365 -3.5154548152875407
92 70.88325212993652 46.349248755803785
93 -66.78108785858888 9.474286051172399
94 77.07838309592228 -58.844766287670566
95 -39.0024924195141 -23.046373415698923
EOF
