DIMENSION :95
NODE_COORD_SECTION
1 -3.8602677050030962 19.363523830757472
2 -71.52249060632032 77.45609159111814
3 64.09035922114145 79.11617158095899
4 97.78402693251562 60.81739736529076
5 -71.42478571912329 42.16678047321432
6 -60.69339067328232 -19.219016876380152
7 -67.84242753403305 82.89236130779193
8 27.719805323034237 -91.6152750772679
9 -36.96667892080809 98.7025814417147
10 91.21806778920109 -48.94173546556442
11 8.692587703856972 -94.25718004239505
12 -52.33087203142661 -11.082019673204144
13 -30.49338734994909 -64.55799037707837
14 -7.934621930359654 20.100694606399074
15 -39.45809779532661 56.74041415160136
16 21.094655716351568 -70.47793477035644
17 40.25523958251816 35.746655695340536
18 6.628683286865368 -77.01517470094569
19 96.32461823997272 -37.26265862021909
20 37.15371075418881 -72.64918425200526
21 91.72287731300801 -74.1734102743697
22 34.64460194700149 -52.46987619658765
23 28.242192152729842 91.29702134692178
24 24.110199434421105 92.32952281779376
25 20.029322490812802 -37.502338015692494
26 84.01425482085943 -66.25856539267399
27 -13.70705368093661 -67.6216346384098
28 38.00285588267974 48.04394429427313
29 70.19599787024805 -80.8556216641273
30 61.84581272317675 2.121092677884519
31 -29.95239136463117 80.17878870502446
32 74.22607568155519 94.70209047402213
33 -70.7394050274367 -63.70542157794821
34 55.98771266673731 39.75692212625043
35 -26.857819327890326 -93.45785013236747
36 99.67964542700835 88.07497009329643
37 -96.5628260872083 53.21219328561989
38 29.708881344315387 23.092343544490717
39 -34.35573051242898 -32.66213314899082
40 53.14349290628513 38.322630633241886
41 -10.522126361235308 -13.085699777312215
42 -97.81782251353536 -93.71511154518339
43 -30.550733800787683 -66.78250573900911
44 -88.46613050655773 82.61170233800954
45 -99.60743461149033 75.018767902196
46 37.42729519055058 54.0593038276491
47 11.862528657664996 86.15497413675251
48 -30.302932840502166 -64.56934688343456
49 -44.31733927221402 -51.1712979100843
50 14.369391923110754 47.9615793815957
51 -7.476124674909698 73.17685765250863
52 -68.60298536191061 -29.490894704796602
53 -3.75469882426745 -46.94004329650474
54 0.6696967019866236 -55.07993576952215
55 -51.16943590578011 58.688664443223274
56 59.15294008027206 -61.75264268342908
57 -65.8957355399798 -21.382021349619507
58 -97.0156601914304 -82.98000484031836
59 55.01513318525227 66.80376460774332
60 80.58344920968747 -27.437555039060385
61 -2.876279467833214 24.830190080386075
62 -83.69234195351115 51.397616508016455
63 -59.965816020387905 -44.91914969702204
64 -1.0868965062759202 -8.94305669994138
65 -21.138814204546904 57.5402226983465
66 -54.94380247442627 -60.83976669113622
67 -40.575455977493526 -88.92355394246674
68 5.297938238982908 42.41675008200673
69 53.71587871155518 -20.529823523814798
70 18.54973206241202 -67.76167150703111
71 -93.71711143683119 13.118553030630537
72 -59.37399040298273 4.944166496323305
73 -32.47127459944876 -20.742754277963797
74 73.54546404204007 -2.9238739602075015
75 96.52518882926708 46.70773478368605
76 4.449334392738962 90.13244598237605
77 63.790300356805034 -24.429140486216426
78 -73.51828459872667 -55.93329147196631
79 13.582186103772528 17.951937975824592
80 58.703402658542416 55.188116599432504
81 55.61288384015896 -77.28332501569602
82 -91.9126335247037 61.63808736351868
83 -52.31285493817535 55.441199088512064
84 -76.12944622915046 78.40729977545746
85 -96.3770178403006 -5.86637738015763
86 83.01319688606071 33.896356486807804
87 -85.08784452865419 41.96858274464384
88 -84.75657263543475 -98.68771226026337
89 9.930470057785513 -89.80972797665181
90 27.141539696070808 70.73222800093606
91 -8.89080153796138 -32.49645703959108
92 -83.05520070634404 91.4546039464638
93 -11.669350742459557 -73.31325140335954
94 -14.769672989817522 29.297222082670515
95 45.91226881826128 44.823979879577365
EOF
