DIMENSION :95
NODE_COORD_SECTION
1 96.47599429261254 -77.20252183518888
2 78.70979253673931 22.81153850874611
3 84.0353231075569 -79.37149654026506
4 82.694381386521 -53.344606253792115
5 39.027478428836474 18.819761594494082
6 12.083960543831168 -94.35900064191836
7 37.195099794538834 49.33723579277441
8 -53.95257713238875 85.91831228433631
9 -1.5530992878841658 15.07002155379243
10 51.5928180076497 27.12475419123082
11 8.260185431570605 -84.92225252147476
12 55.422802505833346 4.61094397306168
13 -63.238039827297435 83.21630964550383
14 69.05028243720284 50.182095642813294
15 -97.94770535044262 32.45764863692554
16 88.44509055271689 -2.090971785108792
17 -55.93968906449371 -31.4917796945424
18 -25.166115121846772 3.476812308966032
19 76.19952771193192 -61.12993871959971
20 89.87731117400054 -21.29684506718283
21 64.31605552364053 17.27722768427533
22 6.299702101041532 -92.72739017302183
23 45.89960160864618 -11.520438880340933
24 44.14844306313529 63.39687005631191
25 47.25376774745186 94.63479245867754
26 -6.788513975778315 -57.97460541448365
27 -17.701205166115727 -67.89100907133624
28 73.72319940791641 27.394679795560364
29 23.90639568037915 -53.7255266897128
30 -39.6598154030726 -23.881395674291596
31 -72.85713864605941 -38.06659557889562
32 -51.5296317650737 -28.313742453983323
33 -46.47672324124108 8.284248752617302
34 77.39012659898543 -80.85216677671147
35 96.3561640563025 -50.11259370375609
36 41.18589953409858 -8.066913515144194
37 -60.51553797503635 -81.12458631570374
38 16.408119716891377 17.16106237194124
39 95.20529957765856 58.692086311709204
40 -85.57292169738477 91.46379252757421
41 -38.12233649262431 35.93415949167016
42 26.83170306032507 56.26067918305452
43 -82.29657245103161 -45.59212884438206
44 -26.186070322688963 29.58444988014233
45 24.394056029254287 -85.69777854965461
46 88.33281688986631 90.97356830981317
47 52.9115716849675 99.41947856457321
48 72.95419082444917 46.61002295787995
49 -36.800849417549465 -53.307272419215494
50 -48.38687971082465 -36.204460432770944
51 70.7931608905389 54.759254246548466
52 5.148074732196477 57.02329396168264
53 15.435040593485724 22.147580553454887
54 -72.69274915516263 -67.68372438174032
55 -89.72197136250688 -29.324847948883388
56 67.02903391479194 -47.832534785255845
57 95.0102277871346 -94.05741720543507
58 -66.84981594855509 -29.668844205305206
59 -57.80786270592757 94.34957387105229
60 -70.70315992917935 -96.12129938621592
61 -26.666699337177022 94.84657231289432
62 -40.434925578030324 -40.65390439040479
63 -70.29072900730498 -26.324636009567428
64 99.69920409586354 10.464862353151275
65 12.64672146281336 -48.35918334834359
66 -36.172289310977334 36.881732997988905
67 58.98097414906732 85.99513711036181
68 -86.58186224700583 76.43670876592833
69 -50.383054526344395 -27.195116687933577
70 52.96387916020316 17.983173858299395
71 62.6009181234198 70.71029288197431
72 36.01739912056644 -32.60227251597871
73 76.83715685208281 93.27530110777994
74 65.53591513463212 56.34153107366296
75 -91.43995384731596 -5.33412915413291
76 -85.89279923097726 31.498972579371582
77 19.89881352439123 -17.816794535099277
78 -87.5253395520528 -38.56642461614568
79 -22.65136416900117 -70.78246248714515
80 58.88246467163734 -71.1349335227703
81 -42.31165057452313 -66.52277300757422
82 87.11304297786285 38.08566821198471
83 99.86164267840866 -32.113037696787885
84 97.69082217243431 60.397638446080066
85 -16.434840428657253 5.337922136072166
86 4.57761389674549 -35.131739455979854
87 78.76344172339998 63.51182788569494
88 -21.21328396811471 37.36244837200684
89 -44.92275247631208 -87.710094597428
90 80.69422721086923 77.72723376352957
91 -34.031623167261316 -86.20329965893178
92 -35.572258221135826 83.16648699360061
93 29.870650309579077 23.91802816098101
94 -89.43588756381722 75.25827266239423
95 18.893215342744313 -25.828961035897564
EOF
