DIMENSION :95
NODE_COORD_SECTION
1 56.184633871090796 -50.19700032951084
2 -5.765660982905658 -33.0455284203173
3 -97.90938666695779 86.14659860897854
4 33.9401360978994 16.200384561956113
5 7.138196848180229 -43.26165828757269
6 40.81941155680059 -54.64112484578485
7 -15.327263263774853 86.40644003811542
8 44.128730288273516 -87.87687375543314
9 45.80846356925065 34.887427775010195
10 94.08198685152692 -99.90183472803365
11 -9.29385038410308 39.33491650092259
12 -64.89128946397707 39.63496027536658
13 18.934407380371482 -85.3902847841658
14 66.57056258883017 -95.1550370294331
15 60.75167224551993 7.377996230134713
16 1.855279311734904 86.43502507409318
17 -30.377246669723988 -59.91684641352275
18 -59.13122488057398 70.66659526861082
19 -63.98995472786642 52.14607765565299
20 -43.70227011673937 -83.34274316397803
21 83.45642579012272 48.28768832496294
22 -39.38345470744655 17.406659266760855
23 -9.796907958121736 -2.3434758439993146
24 -31.335898690204715 -45.65699175153526
25 43.06244810380386 92.48338133914046
26 99.71729693932525 -89.14971021278264
27 74.99243938200257 71.27393651556324
28 -26.66001496413611 97.15052443618819
29 63.795569891813386 -60.910581390811025
30 44.88740013370392 -42.92063489676254
31 -23.407879481390026 -23.74554555002291
32 -0.6022630847229351 -23.29256642607001
33 -66.80610758371937 16.870239919727027
34 -23.295784376782308 95.42387711475308
35 -68.76876147691885 -0.19971009987831678
36 -64.04765672028597 32.01259214341411
37 26.86266779240185 47.33505935961989
38 84.30886126661716 81.41579141885734
39 97.12302141700917 10.530781966962422
40 -7.499791706957424 -87.70652047405345
41 -76.55737856997044 -64.74299873084735
42 -1.0799275997611488 1.1515684969114233
43 -69.40355118130014 49.27618959874437
44 -35.602905185244154 -24.27457918676774
45 91.31896305983972 48.21812474300981
46 -18.684700677981652 -91.53038366725468
47 64.04670228492017 67.1004984917397
48 63.631487503751515 -99.58114214053151
49 -30.272613445995205 -35.9134311806898
50 -51.564641319377124 -73.65103659712197
51 -66.63921238593184 14.459477687557552
52 -74.95040302521146 74.0809578881682
53 16.913284990552896 15.332098913718667
54 74.26889371735433 3.9353523177725833
55 52.47440692086181 -64.59974810259317
56 48.18828118942747 78.75776626572352
57 -51.99955906179352 9.086231494586556
58 -49.82718439297011 -29.398958435064372
59 82.71652262603541 -29.29140625611761
60 -15.127856873075629 37.06320020574364
61 35.22544672308706 -48.14669750523856
62 -60.21490739580051 -21.555485857239034
63 94.59769862172183 23.910283907051124
64 32.73100790119531 36.30108852606091
65 -6.805925579056279 57.77862218334738
66 13.686016027540234 74.63643567022291
67 69.69856985892551 94.03262862646761
68 44.79409350361732 96.88654081139475
69 21.815908450820757 -30.619988042401374
70 -1.0357066024904213 95.01799072586127
71 -59.685329840971434 -70.96740569539533
72 15.317058966272896 1.4728615343794047
73 29.573399419061673 -30.35101948283088
74 28.844158854858193 -79.64203764709403
75 -85.48617206529656 -96.20239455003914
76 -48.001748424014544 -48.809673239383564
77 -90.21831065753236 14.427788687301032
78 27.529775179162414 -13.325294164275633
79 84.2624326378639 76.6253777884796
80 -5.259691378454008 65.40296597476788
81 -7.504622669680089 63.96861713980704
82 -84.57684223188792 -8.970634706837586
83 -35.72321390962313 28.089039907682263
84 -8.88651254145772 -8.610290133281467
85 44.71852071978887 42.581132472029765
86 69.87190234729474 -15.803508355456827
87 59.25581916342452 -63.806315705848604
88 -11.323148938014754 -59.64391017180941
89 41.574104819431625 5.274673343213408
90 26.602933360166674 91.61835833982934
91 7.151368589729671 -8.269251349737544
92 -45.68637228315304 -83.81727368079865
93 -18.91075801736963 -59.69868512443226
94 56.99855331783553 -45.95075483157696
95 96.13236440999208 -92.26365400094197
EOF
