DIMENSION :95
NODE_COORD_SECTION
1 80.73700761727193 -46.68306956445372
2 65.2523435964863 86.50607921305954
3 -93.62900335270005 29.295874779399554
4 2.8990319406644716 -73.04012259206172
5 90.32256240424155 30.21360070240172
6 19.998488455117823 94.39049531091524
7 28.3918115311389 -53.53967859851898
8 50.003522839409754 -18.75085134192716
9 -3.5764123346440897 -25.26833955092478
10 -23.220686940734538 9.795816082004905
11 -99.16775503491093 -45.90840423294411
12 -70.16690147312248 -93.24177812780358
13 32.32563340266813 -72.10764064897114
14 -11.62642570453886 -90.887908497257
15 57.77091429336829 -46.347832385978215
16 92.9121479208066 68.88427558175744
17 -92.00361906879687 -17.594388521485655
18 -98.4052825127546 64.91938643316652
19 -76.57496269426872 59.7057057656794
20 48.179360926535935 0.8397474594488585
21 4.787260854198692 62.37064128388039
22 -40.44834161378053 -29.03261801303873
23 -17.238574820039204 78.23222116653292
24 72.8961831777377 -90.23405173852737
25 -31.75709051705995 -39.44275751277391
26 -43.880972841204205 5.399561289245639
27 74.04351482412912 -55.52306987287192
28 79.8429286057515 -45.70557432408569
29 9.17482705478703 99.67378569189381
30 15.273155952124355 -38.87163402062137
31 38.47069109593298 11.739051467989128
32 39.458682781914064 47.4623754000566
33 73.15543197481315 34.02834972493321
34 -82.04998809854096 -77.73264110628782
35 12.066144160997737 -67.49321521967178
36 4.581333378128221 -11.11174851686178
37 88.58878353757197 -42.010850213067364
38 -50.918611545120626 15.526882103566791
39 94.9695139575704 -76.6552524314179
40 35.443975429006684 -19.886080549013798
41 -46.485801353151416 -62.349486273288576
42 87.46552856542564 15.47927405555663
43 -16.70944340131541 54.9400931604749
44 -27.416152563216173 27.01955044262816
45 -28.70095159904254 32.11070618514009
46 11.128509017840372 32.59997554711862
47 -1.3198899888094076 58.7135707583852
48 55.320181602898145 -16.782485061306772
49 95.3769466503982 -79.23219725025066
50 40.832554969625534 -37.00921353018458
51 0.7745981130824902 -8.59822813054221
52 33.45710485592866 38.33154136693423
53 -6.812379134220365 -96.96012934897217
54 -5.6123666548820665 28.69148831432534
55 -82.32971324647795 -50.983162100717294
56 69.86791286502759 -94.93264504868795
57 -10.52533896845351 -13.084259901543831
58 -25.57753713014577 -12.51392202158759
59 79.58363651523578 71.58982993321587
60 -18.38306433508143 8.981114244038693
61 -0.9025347843752911 32.7425646726482
62 -37.72872104688556 41.1099306898013
63 -9.14611933293348 -69.89593321739875
64 17.275244065912915 34.8517996122595
65 9.513567099707586 -31.343513835914337
66 -59.367438758626825 -79.23597119322612
67 25.444156975077988 37.02464275078188
68 18.08646464884596 33.56389645074498
69 -76.91236717214032 -55.93743795831787
70 -82.34400500467731 78.84260560085053
71 -18.902548699903505 71.83037606186392
72 60.63893612710754 -56.59344131528912
73 19.38338547385085 -62.42968286473787
74 75.11388156377689 -34.21956235807923
75 77.30354012905681 62.9544694425779
76 -71.2995415156081 29.695543180073116
77 -52.40535237265043 -14.208938676086305
78 -86.68670854113769 20.925954586136015
79 32.23322722093923 17.54010846822777
80 11.871901943012062 -3.375877023001877
81 9.271839375542058 49.403321403255234
82 -84.5948023424527 56.3465415479601
83 -96.20385652894832 -59.58277001076022
84 78.71591078012611 -24.750716624900335
85 -58.49988527027401 -17.10746958630851
86 -96.25320826316799 -37.52783141598024
87 29.978278514573475 33.706750324294916
88 22.01694073451435 41.51941325649176
89 60.6854007577553 -75.62864908509464
90 -89.02667969456999 -85.51629094089432
91 53.61561599112679 -81.54150105239768
92 -76.17109176537744 -31.75027138017701
93 77.10461932943258 71.88676207761532
94 38.4356249677553 -91.64793794954313
95 66.75997691629976 -30.27094652101863
EOF
