DIMENSION :95
NODE_COORD_SECTION
1 57.376312109908866 -91.8191537985217
2 82.67717149716142 67.49112662864465
3 -22.545134242948393 38.93043384291866
4 -5.133241911661997 -16.82551882411518
5 7.039260637720332 61.055806183409345
6 42.88514403341668 85.06021339948737
7 3.8415595471308137 -76.78745762329828
8 40.91365254817484 -23.77515176196914
9 19.881834968271917 4.466391489054303
10 5.221021143829148 -83.93423319336763
11 5.039319616572826 -34.31422698830518
12 -97.35162545442932 20.259862695649318
13 84.32892406628844 -21.090871035066883
14 -97.81950805646369 -14.33941593342476
15 -4.005895824106204 -67.62599836313686
16 -35.161072786478115 42.99589485954786
17 19.10876262571564 -22.941470434162767
18 -35.640821687748115 49.018808415685385
19 -57.76767008365573 80.00037818463744
20 69.5906078373863 69.80113278894407
21 -71.23617125479606 80.32199692119127
22 39.28442022354878 78.15019613794806
23 -80.00784439219923 -94.19481093219808
24 -19.088515334451287 90.66733356807399
25 83.44155716188536 -98.97780991993743
26 7.378487424421223 3.755965629826605
27 -38.03735804705233 42.44426154794721
28 88.98733180422991 -47.07373914275239
29 8.121028368721312 -28.386922778320397
30 42.7093258226036 16.03232838468709
31 98.78708846647109 64.37419785882753
32 26.822285898523376 -91.38304334296058
33 16.432003302013484 -27.66411789940868
34 -83.814825818167 -21.67190839318711
35 -43.51321965229693 22.13068294953402
36 -78.09849605203809 95.41015094143529
37 74.22245945400718 -61.27871332680117
38 -11.15069299597205 -42.43753637010921
39 -80.03860603862589 -29.093925305332107
40 55.531998041846464 79.99607481779643
41 -71.96909279990398 40.344033560262574
42 -7.068938125247385 -74.69062414592626
43 -77.27769269404286 9.832614313741985
44 -47.482018503063394 42.841860170057174
45 83.6197658751955 -27.763745460786566
46 -51.69047512988747 -66.54541202293167
47 -26.98492250469407 -1.6226101489283877
48 -26.173090366684917 33.22486147847428
49 69.7260083533364 50.36568213191609
50 12.046033791566742 -81.66825430791104
51 -23.512675817509333 -33.744566328248865
52 -65.09747864118043 -26.551918717771798
53 72.18534919469735 -47.414874383990394
54 -91.35821210981581 -62.75625445502211
55 65.55827648118532 83.2670763941642
56 -77.71892477133272 -58.856023136334045
57 73.58620150540486 96.45933127257004
58 38.67678494158949 91.27556271228775
59 95.64622082339326 -94.53410201851142
60 -68.83291533945089 -91.42710034405665
61 83.60969396559733 95.37556200462103
62 13.486396684868424 38.304841258329276
63 18.41013264083975 64.06350719112055
64 -3.3752525380647427 -32.177583359350194
65 95.21195081933968 -15.65588402298306
66 13.531751332613553 50.116520352154595
67 92.16167715475387 13.47733662251973
68 -58.95863012047964 -79.1862451936392
69 51.80492479176897 -43.10498042555593
70 18.120244596193373 17.52766636237628
71 -60.39607376363851 -95.07217983703447
72 -89.4809943404754 -36.97836865425357
73 -39.40800086189744 4.477187343755148
74 4.132367304934888 57.42884242532111
75 -86.94707851148473 -98.00890612187334
76 -77.14942692412458 39.813703211600256
77 -62.78536462115558 99.76624994471109
78 61.411163612722504 25.648219677089386
79 77.29845286252515 -95.48648884898677
80 99.73668680626363 -95.6841057609314
81 16.866296336865958 15.287350225926403
82 22.470512341051403 89.54469468979363
83 -29.73978276671356 97.29426063770802
84 -94.10054281771376 -44.29012631242004
85 17.029922520813102 -81.24090794118538
86 54.178514159599786 -35.76374544454954
87 -48.404358689850405 -10.057748816423342
88 -32.25046905342812 -13.131110724541983
89 -13.004818960296618 -63.43503560192798
90 -90.92776175188087 66.36986160837986
91 -0.5843698358231109 64.31361336311437
92 94.26259773089575 20.238236011298284
93 29.311736780958228 -73.24154350606537
94 -16.039958894750825 89.33907389761183
95 65.26444975330799 -4.064031623916534
EOF
