DIMENSION :96
NODE_COORD_SECTION
1 84.8361478680331 81.95525551030363
2 42.19307095528447 -85.9488727572655
3 -10.513688220136501 -59.41857802082238
4 37.00702112941582 -25.40739141414609
5 96.02659296546096 98.05266984057695
6 35.82260895794471 -51.82165916144825
7 17.311589938059214 -45.45785327978269
8 98.4997786011404 -35.01300272293426
9 -44.13163186328821 -69.31411676138622
10 71.22123009093096 42.41046534691927
11 -66.08248373796206 -38.74594644313467
12 7.890446542106403 -1.6439870634158211
13 -68.85638626112214 -59.11536051993358
14 37.86858998282062 57.56850205028206
15 -79.0806245833553 -51.0391658194518
16 51.71163579815408 28.54225904450928
17 -72.08557401302569 64.50248177699217
18 -25.5793833235777 3.006210673883942
19 -56.503815637147795 -3.0189314473592503
20 74.81959306107035 -64.36998691476559
21 30.05682961326204 5.25664658850269
22 -79.97270018994098 -1.4870720117815068
23 21.377046183687767 54.37433800461284
24 25.590166554185018 73.18128850802444
25 83.36359014743502 68.74696000343442
26 -25.304104386932508 -57.765563577731236
27 37.97449670935336 80.28947122455662
28 -16.01170166466504 73.44308902680322
29 -27.127857441728494 41.35999303967546
30 -21.144218570988954 -48.98184290017091
31 60.32105548955781 74.90116494609748
32 7.6672981648475655 -98.06790571881369
33 91.07385413776132 -32.035278971087294
34 72.28122104724969 89.5889126539376
35 -7.5347201671268635 -20.15876915855381
36 -18.745830467586003 2.8030613293348807
37 -55.33910610203896 -67.69407594007468
38 42.52829988833881 -45.0385089816552
39 34.983496208231855 77.03073874680143
40 -96.02277956123876 26.407134801066974
41 97.46693679240198 -5.9983920781415065
42 23.04224513030067 -67.50369527512099
43 73.2635539219763 -35.18074443220374
44 -99.2078256083027 80.44637551377662
45 97.25798248288288 86.05066016886224
46 -48.90854908399906 -9.995666307733387
47 -32.78324698616497 40.33751406819067
48 92.16311106998674 96.13071677087333
49 84.02949759196355 -73.24295392049666
50 45.68436561414566 -73.69235247461603
51 -34.92570424441368 66.96964085404596
52 -92.34557619757612 -49.256391028538516
53 27.46618649396457 49.97670101780582
54 15.625562764247135 40.661759385491905
55 -86.07558779433286 55.85133885134471
56 78.49005626033599 38.02261986550053
57 -8.77941084602314 -92.4065089754456
58 -42.132774306235966 39.44602251381099
59 -10.353507187789717 -59.699862801986114
60 -5.7637274338908355 27.76123171165527
61 71.6667738147832 48.130369833509235
62 -43.6877145186227 46.52835574165951
63 -81.1015782688641 -27.915933404587534
64 -41.23576039275383 6.038026676156122
65 -91.21460096288243 25.402093710353753
66 41.22546758658177 33.710534401485745
67 -84.18659042089102 18.43491625360852
68 -69.35139725714052 37.47964329090931
69 -83.16365714229318 -58.88437322062716
70 19.408503210831853 37.66029869934624
71 6.062502896711933 -11.287582935538481
72 -16.84161415382728 40.96361931325487
73 32.47521380365566 -24.675376432343683
74 -64.70425568085588 -20.263482546722187
75 60.93912715617256 69.62552650834525
76 -31.00359567948543 -79.83256622984496
77 27.969922156109888 -91.35590091991637
78 -26.87355416202422 -44.8863183901437
79 -85.87820262437128 97.91708393260424
80 -75.056542042615 -59.62999192952585
81 87.17363365233987 90.13164780291086
82 60.34995842863 -92.38803604672586
83 -16.228669177471517 49.41814134768191
84 1.5635861513933378 -7.088117889414747
85 -8.08969660931183 -45.2586109955591
86 82.42006405956903 56.63909110702343
87 72.61878378499819 73.37809979821398
88 -46.873417694809106 38.7203505889382
89 -83.57094300677296 44.25694459630179
90 69.13476483211093 92.65026871286457
91 68.7003410955326 -49.02294370719444
92 72.90404248861645 72.30575906354755
93 77.58366000393761 -64.39037158606985
94 -37.322336594424584 7.532452080767314
95 -80.6045555391676 -93.073551863582
96 -91.00476093750683 -2.364735660456077
EOF
