DIMENSION :96
NODE_COORD_SECTION
1 16.745597093964506 -99.46213243835078
2 -88.99351348486901 -6.365250796751937
3 1.370644266532281 79.50433072034357
4 98.37590541332773 -94.0287863431388
5 -81.88705243030356 13.229077015669574
6 59.945282604353906 -30.148600592907627
7 46.604224072403866 -68.35839371197059
8 -24.980644022240966 4.5388562197016
9 -80.70886991327903 -40.12880650998798
10 -16.985864666154058 62.98946489255712
11 55.19476589503901 74.76297632947413
12 86.37659084729214 0.23479494293529513
13 89.01715394922448 61.210402716264014
14 -35.996717888988655 -78.39809727354469
15 64.42412973880249 -1.4897475093726769
16 94.94441198073108 -58.535816517117944
17 92.56048032143175 90.73568971712345
18 90.03116367681466 57.63191323678868
19 -9.670153244532614 -29.838301980137885
20 -91.83412346082005 52.1551702993963
21 -92.30159452514516 -50.93359896027503
22 94.36610201219221 -33.77408271772835
23 -70.74208965954037 72.77084230618397
24 -81.74483617694372 65.03009343931683
25 -7.489709172409917 35.56879661560379
26 -85.45658237885851 -92.18543388308802
27 3.812495673906028 61.237337872398484
28 31.145980468004552 -30.902084191496783
29 -47.35311626629173 -78.89215836853245
30 -24.06581287857034 18.86810892588953
31 -74.14103471411626 -34.783734447986106
32 19.719740965967674 -37.225943492008426
33 5.730991607233776 -24.159453835582696
34 60.921908384031155 67.7323037831168
35 99.23626565058882 17.772041003971765
36 -13.530193973784094 54.03394144786532
37 -9.45423921066164 55.95701206870518
38 73.84335312838996 21.951136011961253
39 -65.16487247688154 -61.3168132670487
40 -29.242024390544373 -0.9935190315621583
41 -81.33322643058597 3.275508278714568
42 61.84979225822934 43.482641458222616
43 -99.30182348630008 51.30426135013931
44 -14.180470419369811 -79.58625447172139
45 -83.80571221565984 -38.40220787022099
46 -98.1550799613951 -21.786010121631705
47 79.79831147876524 -38.10885383278191
48 20.673073908296274 -2.736912578185354
49 53.24179515370585 -36.26905429253804
50 -86.34435399235359 56.18218406664849
51 58.15151533823288 -19.704023611885034
52 -7.908611501359815 67.1979393529038
53 8.837158700310368 93.08194035656453
54 -90.40790884550316 -31.093447724163624
55 15.920421625724686 -89.0620666174568
56 81.78958376584967 32.91356315908598
57 -31.107341104337195 -26.26875544591651
58 40.55295874701014 -59.7606894209398
59 -55.83515540555326 92.95618381576202
60 -56.013224562049515 14.044004844882437
61 4.90007625946842 -7.108354935980515
62 48.832576107581275 57.14044574316276
63 -40.104485770923695 18.45119254939766
64 -81.5024406321511 35.926456203159574
65 31.007144523171974 -90.34140491185924
66 -12.214128402014452 -23.216841991847843
67 -57.91268809676602 -92.27935408607813
68 34.509521180664535 96.64933431722383
69 87.13161682548659 -46.041682554868245
70 -81.49253460757315 -23.60388416670503
71 -38.691792200251804 70.3962823030873
72 40.203010373029684 -96.20969544536193
73 -54.23084462965981 -30.400102483922637
74 -56.31879464510232 -37.7512037229127
75 25.62017050131746 -68.61215268059355
76 -56.63051626910332 22.25047638903972
77 90.15133320876808 5.3376521032406
78 -11.243639127278612 -95.81386524055225
79 -84.59167711553306 50.54039442505149
80 -1.81540745276547 24.591043854550236
81 -38.59003695446815 7.849962746485133
82 -9.393302816097759 12.11871466000079
83 -70.2054493505884 -85.0887339535646
84 -76.70764722117427 85.27864914288861
85 22.404070044199486 -79.45908224117125
86 3.82875778909559 20.874814378109946
87 17.291824207677962 -67.42709096837396
88 -13.64344972819677 -89.75435869000174
89 35.86565945647402 -57.929091687887826
90 -15.164498510098838 -0.17950388507053106
91 13.355519236250444 -93.15215698242369
92 40.23571870502252 -56.82845414479702
93 4.520603500085713 -51.477490576776304
94 63.90165889719489 -46.34598623000075
95 -42.512055533969686 -80.11799733845235
96 45.93788857450818 39.89198717515913
EOF
