DIMENSION :96
NODE_COORD_SECTION
1 -76.30595178347129 -69.1744811755572
2 -33.43158734630683 23.223468604154235
3 36.597127967023965 -72.90608027335011
4 -86.16017464296483 -41.24806496770883
5 3.1484417459426624 87.65751960690528
6 -52.126684570358606 75.22835670925386
7 37.262825994194316 -99.26704489363036
8 -73.06223417628239 -74.86616734795675
9 -60.05439165410236 -5.971202263797565
10 -91.96999147752472 8.033407339562658
11 87.36420171624172 33.09819825510374
12 44.194490673471506 15.024453163701907
13 73.34879534860642 73.12115114719623
14 71.73651393974748 -60.552664784106256
15 -59.22359898451162 84.94763805580692
16 2.7403212294359065 -74.82212006372752
17 68.51924662030774 -39.977925161423954
18 36.15510686388416 -1.7646787745761543
19 94.11492396292266 -86.15159454695663
20 -20.18671342035718 33.10342312483559
21 -52.95763538475129 53.944375719851564
22 36.09727462378726 42.07651718245765
23 -56.535800389379176 -44.22743608955151
24 45.572241450935735 -55.893638636686994
25 -49.47728739067496 -1.075285406761381
26 5.75411290107246 -30.96039735110932
27 66.75307963634927 -44.12492943373223
28 86.28357682415927 -16.20010725348631
29 84.90413385397852 96.90748062668467
30 47.12836010188474 88.98265630573476
31 4.4336084197461645 77.36004261461525
32 -66.96231414892864 27.494513261870026
33 43.171178709274386 -92.87988168295568
34 -34.675644983205856 71.28362597375423
35 -38.880744978930416 -32.65826759394655
36 81.15144076568728 -92.12892862134608
37 54.08818951244771 -64.35377263696776
38 -19.147841067151077 35.307562917028605
39 -99.1611739388878 8.606335364323854
40 35.41302961502214 92.3438138126302
41 54.63218506700977 -30.897332794326033
42 -20.8979278140081 0.016974562947666527
43 -41.43758962384163 36.18091947388905
44 -33.67477478234136 -28.480434624307563
45 33.7758483151033 56.326907679726986
46 -92.8541734489472 -40.86855213859049
47 -59.344489628409214 47.61578967986276
48 12.503540973351065 -49.840613759355115
49 45.27689765899714 -8.019114154001699
50 -21.979323993058173 98.24287804521808
51 -63.08235610720252 85.88639267070596
52 14.385350402440338 -17.951083414098235
53 37.129992012449094 5.977626839309423
54 -7.347346136788175 -79.70750773264628
55 -83.13830478337627 -76.17880391532871
56 -85.59367777972062 40.183640191557515
57 95.33754988560659 12.636860489827754
58 -60.424761842875995 95.81593284165558
59 32.89021404540108 28.961622278399375
60 -91.19960763329303 63.67536784868307
61 -50.34435996524438 23.475881121702884
62 82.59969181726868 -95.63731357986296
63 3.0249485573786075 -62.2396023170398
64 86.17949515566693 -27.213844237975238
65 38.97118539978783 -22.45806853944137
66 -3.406732651188534 -16.503955142680965
67 -4.154151351508233 18.024524545612806
68 -61.95061923674483 -6.5041132077294606
69 83.96683306590788 93.19232974157285
70 61.52164237419666 -48.22009653368824
71 90.29578518615858 48.5091332645641
72 -23.58234967779154 -16.99016448369524
73 -35.270394687418886 95.2285985979546
74 -25.08831213247298 -77.84136840913867
75 33.007255682709 94.56845638767115
76 -56.34961796528288 97.61240769871327
77 -49.040299122479226 -78.70914196508245
78 92.89096670889018 -27.863769698990808
79 65.80730581786051 8.770186952715875
80 -50.26648019528985 -5.726706803426225
81 -17.56439230768561 -38.58129320371122
82 59.960098669521955 87.16109111273468
83 46.056917846335864 -64.62054521038385
84 -77.90470203628404 7.412373392520607
85 -52.60817679820094 -65.31512619963844
86 37.65428365583185 -56.37744883228086
87 -67.5188674270612 47.618714754640365
88 3.145943626904085 -7.77050448175072
89 -43.534550677970564 -43.19213753798537
90 92.25027876560605 -52.13449338046225
91 -40.85387536125451 -3.390286538235614
92 -19.309065276240574 -23.994501823182702
93 59.8678225483811 2.6498531864298087
94 -48.325020576618 -2.3706264602666636
95 70.23954101409501 0.9038746748376951
96 86.37402394755657 8.780652579970535
EOF
