DIMENSION :96
NODE_COORD_SECTION
1 -47.07406245978958 16.61185836345915
2 -53.10676623355521 71.75702058969512
3 49.70681625687362 -21.679730414448045
4 15.196380549928108 -79.80429876267898
5 29.15786542418391 -22.11347818204814
6 72.90367655884583 2.0298329494944625
7 -61.78170942825236 -24.072566599721966
8 87.27032791700694 -19.20582472000214
9 98.3748470900218 -54.317629616424036
10 -82.65124722435098 96.70470319818514
11 83.03401090644113 57.2972666371104
12 18.47989689285943 -76.4967532111871
13 96.00287234851075 16.905507420300964
14 80.23276146418675 -35.19342032166422
15 29.283113740760854 -24.913183654532475
16 56.95352716804331 -44.97050561453011
17 10.608980560590737 3.0746690238729713
18 47.93721590983472 4.365575728312933
19 -35.363265593444666 -49.87847378033741
20 -36.663600952026584 -67.02672220378784
21 6.419588244138836 -58.27952949781545
22 72.2729902793269 76.42917848275209
23 -38.221250797549104 55.92072229507386
24 -28.779213038334547 -87.32584072322409
25 -33.59229787731195 23.76369528427192
26 33.57790703773185 60.09247005838583
27 -65.9765183769546 -60.09477033194972
28 5.449922824041778 -72.97244872330495
29 -96.39480399098336 -59.22120083992808
30 98.01595414910344 -45.04727803574333
31 76.73664981568794 10.19337993694927
32 93.45165102153993 -9.32124514081363
33 -61.70353224771545 -93.95102961286526
34 29.234441025166632 47.39450378321527
35 17.21574967652859 66.89161616258025
36 -45.24187226649872 -29.999240226072985
37 -11.250334927534624 53.31889621068257
38 64.53529862332846 -92.88834048684882
39 -54.31377032487896 6.786022100675851
40 3.867785264320233 10.261909604192752
41 -26.8582109398302 -32.848448998763516
42 -84.28322247592213 30.272291124740264
43 50.06955198148137 80.34095121222646
44 51.60586327266262 61.38981629671329
45 -29.666149245436245 -51.20475552694741
46 -95.2581507731544 -4.266868963637748
47 27.179551119183017 29.911021109538495
48 40.1396813791344 93.73769157070663
49 37.1524506722383 71.46717217189976
50 94.38945869614247 50.709396869373336
51 93.00321899106169 88.07278454441911
52 -3.1950106886199166 45.259361795275424
53 29.8338479212579 -71.04030075516023
54 -75.95500550819159 92.30655339775447
55 -35.27777233666991 64.98222487717493
56 41.8995794988046 -8.500754409664154
57 27.286994571487952 31.475686735767056
58 -89.21387697492528 61.320043762881284
59 -62.868572466846715 3.664427365961842
60 -64.39957175955948 79.80351752689498
61 3.8315736032227647 52.59903628507308
62 25.92031602136828 14.709437219179051
63 26.110568190491065 -67.85841535401343
64 99.1606621168633 19.158696948711707
65 49.06744010929236 -18.69325391408539
66 7.130257964696213 -6.846943028476176
67 1.8054810893744673 91.30568028751688
68 95.54249209003865 -32.93606255477883
69 82.53162477207462 82.92874487253442
70 -83.6165537867381 50.08948321608949
71 -15.825006308835498 67.44200433185222
72 4.642505839320151 -95.1567216505
73 60.79922925513438 22.961702915798483
74 -96.23781602780414 58.65208584258511
75 -76.44016345329769 -91.69016573660099
76 -21.734564554492962 42.80404885453322
77 -75.31563193943305 -42.3568997875573
78 -12.629779301475907 -37.097100046804485
79 -61.07028685788167 -48.313533390558796
80 -89.99724628172254 46.6477412558564
81 -15.802512018116161 45.19180895772237
82 -90.52766599842717 -10.227955150230429
83 -63.5350883056165 -54.71909866668874
84 5.172277373668095 -73.4604277739592
85 88.91528079827961 81.62142727458965
86 -20.976965401757795 -11.8910167467088
87 -18.871408531532936 86.92338358406198
88 85.97506628192212 80.24297561340435
89 -18.58054671510847 15.03261383851185
90 60.740728619483065 -88.74817710270575
91 -56.11391743095153 63.93709453753175
92 -82.97413297216589 31.725297824481004
93 81.46056571454295 -57.70932025743485
94 -79.11651842549321 -90.47904125062763
95 -2.772651830074423 20.598203342484027
96 86.41330804752724 56.64092587158635
EOF
