DIMENSION :96
NODE_COORD_SECTION
1 94.36778008507343 63.84924334513582
2 -65.52988001883702 -72.07624232536904
3 -9.973192854409092 83.01544872607639
4 95.50031446440337 14.971656454056472
5 -17.296574004010367 4.816770829847599
6 -87.4776978874525 82.8857591827769
7 -87.81077271183 66.48887539573983
8 67.02714953317883 -41.21610763475876
9 -26.13149364923477 -96.78326102227379
10 28.137120123801992 43.99280843647415
11 26.351664031884667 78.59789158708531
12 -75.33712894840303 34.06418710097694
13 21.70170039117953 -74.23816495351329
14 -84.15669083290251 27.904494781357997
15 23.95817128761884 1.22691016033572
16 -92.57063479556527 -21.41179631961272
17 13.889524207260308 37.36500989278767
18 57.6247057969135 -87.16193722395286
19 -8.618730639191583 94.38354965599797
20 -3.502152053611624 -48.179929970067946
21 -18.405974182182973 59.02312577592602
22 42.83176236649916 -97.18500794804382
23 27.0020536086042 -85.29146620191949
24 -56.021435528984576 59.49217202649547
25 -95.35062126857478 -83.3203999719695
26 -12.861490723952727 47.92560259698109
27 -53.56268994766915 -54.33233348577846
28 -65.4159705468523 86.1561560160192
29 -40.0164535796673 84.97231285631787
30 -79.29885485810225 87.01801053929864
31 48.56980478977766 68.33221965616124
32 15.322077913587933 27.111382809948296
33 -89.078701826822 79.77300060431818
34 5.67458173252426 -70.78236193694246
35 -34.96191831008014 51.65390743627839
36 78.37491385345757 61.11706696611782
37 -14.975190146247868 -96.57556895016086
38 93.24308946794957 -59.316476443952794
39 65.84195160588396 91.14079817467083
40 32.32046674014373 55.29432696507112
41 38.1281553636683 -3.4184432653980394
42 -19.67858347805695 53.00772651820594
43 -56.2800088025218 74.84030608006
44 46.8522862055799 -56.375514113317784
45 52.221834419319634 -99.43706454726157
46 -23.917492047863448 -40.33597286254591
47 -50.04476689101458 -94.46442657413496
48 6.154200102189904 -29.550236738545863
49 64.84369757528589 84.11865412621623
50 38.46818746659909 -83.08779238886639
51 4.265349202262513 58.061509524364226
52 -43.91397262800956 40.382669389159815
53 77.63246029816932 38.52099602055074
54 -9.161037475322871 -84.43585656825383
55 -48.56646309695023 0.6466672201865862
56 -19.6634216752376 66.0303754195316
57 -58.29997155777939 -5.11586627752969
58 -21.08074571411933 40.01793658097415
59 -12.66359112958196 -40.81272155965174
60 -9.299821353510083 54.94021402547358
61 67.47896849176723 67.61905356022137
62 -21.805707919224645 80.96642762915408
63 -72.97494120564569 -46.64034514594988
64 -33.36703089451325 -72.82732215918134
65 56.70129872820567 77.9299804771367
66 11.914909842668123 -81.8137960547546
67 -62.484356235451365 83.47721706492311
68 29.245266451240894 -95.09193099701214
69 4.164891473201223 -38.741397083532014
70 -10.133493474211193 39.8134723069021
71 7.9456813473572225 96.99841054300117
72 -15.11380275973815 -34.50687326056125
73 66.94370577922524 -87.41777185269342
74 -71.94159950182612 14.512974210452015
75 79.75228707506338 -86.408253612865
76 23.476855811291088 99.33380869000283
77 -51.30186375127484 73.4722584866779
78 -40.51011685167756 -17.05377574646043
79 9.52866820358436 37.66421767454551
80 -93.25173480061547 -35.95945752681486
81 -3.2583011568271303 14.81914119937396
82 -3.850856420697667 84.94531992569426
83 -12.78490800783463 37.259357800436334
84 31.540366879254634 -23.7678484992675
85 59.520317011545046 -80.86994710949192
86 -47.59862590027546 -11.201443014018196
87 82.28054750366113 -81.76885462923485
88 3.318280874477324 -67.5952657043591
89 -97.83954566854476 16.305642535709637
90 89.92227159863108 -60.94586994456242
91 40.55140411556505 72.60009208655006
92 5.062138118873349 -99.72827335011783
93 27.742355502375275 76.8019673040722
94 94.33321620150869 -10.751881669230329
95 -95.6567157497303 -70.00235483287862
96 96.68664763051564 -28.018599454953502
EOF
