DIMENSION :96
NODE_COORD_SECTION
1 51.901387566039716 -41.81791045559331
2 1.7211730703313037 62.341249822081664
3 -80.10522077120342 -7.177852020450132
4 -14.039350615388031 94.16070678867686
5 18.073718844919867 80.50071284125755
6 -78.45704870346117 0.16356024294566396
7 -61.29296965503506 60.29954848223133
8 59.81271383913162 -82.77342668937453
9 34.715306193861096 51.622014879461005
10 -38.11754708814872 50.70955265504642
11 -37.17325117715229 52.01471176260955
12 80.82161558557362 95.8141636187263
13 -7.705111061068152 -42.63596976513657
14 -27.00300504767455 -52.72471782968972
15 -80.11751368926775 81.54894273304356
16 -39.77414060302231 24.954508467658783
17 -35.95739500161224 36.42034320923986
18 62.254739451211975 17.31944308704388
19 -75.29578711345093 48.01642425992861
20 98.17839759046018 50.456447841967105
21 -10.203531405580364 31.212490604923033
22 15.764982084727876 27.178684907964893
23 45.62218264174663 22.54285785427392
24 -50.744901097409944 -51.04480594249159
25 5.417686095649628 79.72135664064092
26 29.05385216169725 32.80099476029895
27 -91.08722730715087 96.42619105506179
28 -29.163245587054092 -34.067920248470074
29 -34.56893115041835 -47.796174706105774
30 -43.058321467817606 -97.09662109301543
31 -85.9524451475671 19.88575378766062
32 89.52084566118236 3.1117476648039997
33 56.546814530198816 86.7009501397996
34 -57.22176796819811 30.96012148656945
35 82.40181225259852 10.30600155486998
36 70.71936939333483 -3.3569571554606483
37 -50.280136294149955 -72.7561630637274
38 -62.807816026523525 2.427860621419981
39 12.07880932650545 -41.11885249026468
40 26.598930671645718 -22.530152219779566
41 88.40310464273472 -81.33641901813803
42 66.51093020853864 33.61374364055058
43 61.50601403000172 -85.43308147938731
44 -52.480608666939844 -44.701922112274175
45 60.65070010435264 -38.088576796328645
46 61.007077055579316 48.59285536309483
47 -65.54044164282664 -25.75429911365535
48 -7.872724900137712 17.565153849799316
49 -47.272278754622654 -16.204579191919606
50 3.127877199766587 -89.41872791419223
51 89.17315838358789 -41.9886966385534
52 -78.73975237996214 84.8181607776443
53 31.88243537601005 -74.96011265121592
54 -94.13622671978925 -25.829113953209685
55 44.187754559083146 98.47960463928072
56 -89.18115855160404 13.906934705792963
57 -44.062628399489114 -99.42620179291725
58 81.41238048147784 -25.167690204542723
59 -96.40184840159654 23.03132040369789
60 28.761730834990857 -9.601676362076077
61 -42.64445164113197 -64.04551064536876
62 -89.70585815725141 -77.9078889608162
63 74.35283375491636 -42.1068294918306
64 -88.61918873150478 1.617957533095037
65 99.43800326657885 -66.16715013607175
66 71.07586094085443 -87.2094094608949
67 -1.7366921585985295 -67.03634989954958
68 24.012285823053574 31.72562394833747
69 -47.691039892328746 -25.63376082079381
70 -59.14158430385512 30.826399819103244
71 -28.6208785290617 16.289701643074395
72 -58.659955451294344 70.23064482183824
73 86.3447987079139 -96.51453478643045
74 -73.31512267107186 -50.20579917035703
75 -26.615113469856738 57.10049611806875
76 -67.55240591179489 75.35342710857958
77 30.703155092762415 12.921951467030496
78 -61.97470499792883 -95.07833417939295
79 79.67550155138173 66.30460695514591
80 -14.225252235598802 83.6394531125598
81 -5.391633169177396 65.90145754349481
82 60.49436868738513 -49.287970004394666
83 78.76586574330304 13.35681328396619
84 59.135379514608246 -92.76804971731032
85 99.04950603075864 -27.589472545052345
86 -59.0416800347852 70.69845496877318
87 -32.308693341469706 68.40076091543037
88 -10.047573415843061 -89.79047431200165
89 -83.45274785466952 67.94196899613087
90 44.18714008148953 -44.28352926917045
91 48.054982965413984 -31.406209331711693
92 -49.133530312474186 5.394985567733059
93 -33.35410973614401 -0.3744688726193601
94 -8.791485459157514 -82.89925628540216
95 -4.621496325808309 37.52010135126028
96 -14.125937861797695 63.04157599815531
EOF
