DIMENSION :96
NODE_COORD_SECTION
1 -22.29313910621397 -39.03764130578231
2 53.61985901540484 -13.643823016775187
3 -50.66492733049293 -1.2503840960237085
4 1.4079057557138128 17.139855028782037
5 10.210197605807238 -24.58142601828473
6 -60.34314327098311 -94.00950512982791
7 -67.903282853091 -70.26650193554738
8 67.29464948282856 42.98930790276876
9 -48.45960656191642 85.91147512514996
10 67.78409456179111 40.80183820061876
11 88.79619088243973 84.07652756704073
12 56.78131406064148 -68.11790717496515
13 84.36887703756048 -51.57935647554128
14 -81.19119526075878 89.65377945687706
15 -65.50441050156108 35.778055508586164
16 45.22947525090089 16.86320319420163
17 39.12633731162799 91.10816202839501
18 -16.340353488047526 -81.28751380331889
19 -10.565175548378662 51.42141877182402
20 88.06049554382241 84.04578297304263
21 16.618732030436405 -14.028196312925019
22 -80.90100129314968 -65.22468810345283
23 99.72498379129843 -61.921679080630824
24 85.97101561197866 -28.102032730469475
25 87.4621450839054 42.72719113218082
26 43.73069649802409 -54.13253404368077
27 -72.56126352612688 -65.85462040516714
28 64.27196800434098 9.750926526096706
29 15.992712509612957 -71.17476342636377
30 -15.54058965218455 -24.487028287916075
31 -17.246091664875763 -27.980989278506513
32 1.50740379091107 86.93432949728128
33 -93.69204859836518 69.51108970012496
34 -66.44203285816472 -52.913788543336
35 20.806540361022186 91.51496656538961
36 -7.490662813296197 -6.054484553185915
37 18.095641781063193 31.830809594952257
38 26.49878613664451 4.650283706150788
39 75.90970189985535 32.938762028256605
40 -18.955123486222476 -72.94139882488268
41 -50.09343873439565 -53.507927108761535
42 0.7057610362014799 86.68843147855
43 55.794224915145264 88.71319149823304
44 -52.78811323679196 97.77978201583218
45 37.52734629862201 -28.51488211333229
46 -54.61721385221494 19.134765332885294
47 68.52770493782012 -57.530735498925154
48 84.7394565860512 38.555071783869465
49 65.10965609538809 51.370205549342245
50 2.57519385850307 44.11058314820136
51 -95.23205475206247 74.5067520489894
52 -46.65062227771281 46.13673634323828
53 36.71198310236559 76.13781054601031
54 -70.37964646284058 -49.22751494116333
55 -51.99285624917391 -37.469398105629416
56 41.3349141671396 54.014655346339595
57 5.910266755775282 -6.452160384504111
58 83.14368867177672 24.67856317366612
59 35.46304825176864 -43.43048259644069
60 23.513118257594925 75.31890704611487
61 11.133643904458282 78.85410680987474
62 34.75634297603801 82.07890472881903
63 42.27331253887192 -43.01712667870894
64 49.70692180468288 7.599767519368157
65 14.38150311409916 15.820277989606993
66 78.61075972552541 -94.4633310699373
67 11.649363914863642 74.4622825124654
68 48.913275845620916 40.89139685091024
69 -9.02181037113337 92.93361691318285
70 -59.02959047263294 47.285959743080326
71 -96.35404352706666 -99.06595493357302
72 84.31352988848053 -39.53451144653728
73 -31.97848818374105 68.72269613365916
74 51.949971017305955 16.732798101200345
75 85.20272820793866 70.26871785447096
76 44.28243896241918 85.68110559913788
77 59.1813615985408 -89.91461134863331
78 -10.417885248816859 -81.49461848386449
79 -65.88605033086141 37.704070198433726
80 4.5518328839437885 36.33694208452951
81 -6.495297485429518 57.5333318473719
82 -43.63276796224886 57.45991518977959
83 -20.417219244341368 56.88764734980384
84 46.6854418504937 -32.06771096047298
85 85.8831112555344 -78.74080992221388
86 -1.5376799254277103 77.04828456900566
87 52.01620696957289 -16.554749349418458
88 -31.979088718307352 -32.757058088228035
89 46.839223175935615 -38.0671119180042
90 -72.33473172363097 47.45374764327016
91 -35.283011880915026 -16.018493098509538
92 -31.76457895659628 -50.381700075337086
93 79.2882124890561 -39.86691354938918
94 -43.64919068835489 -30.09900409687893
95 -99.87118686156585 79.41884623958225
96 47.691029891787906 49.40588739024713
EOF
