DIMENSION :96
NODE_COORD_SECTION
1 72.36169869235664 2.5546317595121764
2 -19.807749084140937 -70.1631385870795
3 -98.91772542365472 -86.85771396025834
4 -63.92338331987162 -86.83982515669213
5 -83.96202992416018 -63.23818738571796
6 54.14766932730538 -36.28924777649949
7 -99.87995568360073 33.80547214492046
8 90.70688201141118 40.83198825691298
9 92.31736805392131 8.10719608906166
10 26.834260890012487 75.71392403066577
11 99.44522370384777 -48.19597975654772
12 11.63082620926157 0.24109027465048882
13 -36.915512128772065 -74.34161397498593
14 8.635978411629438 -63.36619894211146
15 -58.81459422511834 20.672591068616896
16 -14.169058156855456 44.20254946194444
17 96.01694273468661 -69.38425585571011
18 87.49134908166843 -6.050869969920058
19 93.61918095210689 -19.877326226205057
20 -94.74660346859834 47.41214425742007
21 -85.35723711280174 -0.6867639506203034
22 -73.8903017837883 53.068742350010154
23 52.43596860069644 -86.58037867413672
24 76.65239360906142 -58.23163903626178
25 31.466668388582292 24.698237884971874
26 5.732781179989146 -97.9116309205146
27 -82.35724671938054 -96.0581635199003
28 -48.19187073778939 -52.8344012074635
29 -88.17857918118246 -19.80335058608169
30 -73.40191299835313 46.471753335252146
31 -81.22588990356286 -80.17167666948981
32 -86.72550323155019 -10.835223717972099
33 -33.89947457122793 -80.1305158297346
34 25.260042180295713 70.06235313837334
35 -88.93832518667048 -94.37910233941251
36 -99.18716176037448 -55.052316837520785
37 18.028532166815722 -81.23279355496848
38 18.925364788114038 -11.168134083998368
39 -84.78067755856307 -90.19276318425706
40 -86.3319907546969 8.961207913127282
41 -53.374812265001694 -92.61191439453194
42 36.95884952115881 13.771791698372724
43 23.50035449844441 -72.82892724676651
44 73.84292111260646 -80.3421597799489
45 -50.48031736716152 4.146815151743283
46 49.715805490952675 -10.665663754598654
47 44.682870735641046 -15.144215013251909
48 -14.472082822028113 38.73852344426189
49 -74.7287531674771 -0.2403970632066006
50 -45.14260090320512 23.828872635818584
51 -89.36035509110727 51.04759724369487
52 -24.15883284204871 -75.69572729919372
53 -77.64765748609123 97.45204104804023
54 31.30515208356985 78.18020443870523
55 -82.85129130803395 -4.815346076136734
56 52.036339057064566 89.32268879244154
57 52.45069409208398 62.895969227301464
58 -79.00913350348908 -70.54506010255739
59 -78.39910672181531 78.59824127226352
60 60.33382963738444 86.81568376089717
61 -84.25355282075373 -12.218387984614083
62 -51.44179273381659 -24.437879591844293
63 70.26063856610028 -95.50761683878272
64 -18.46826312806911 -86.82535186293762
65 35.82062667819724 -79.0688158738098
66 39.17217092177739 -2.46552618256905
67 77.73621367691439 6.168042121831817
68 -51.447068597519106 -28.990694382343634
69 51.85124674397349 70.86026956876356
70 -55.40725879856845 45.79643731149949
71 -68.68428318613743 -97.60175656321766
72 21.084343368645293 82.93649270030102
73 65.75322045916988 -66.3067847842427
74 -62.33104143243757 66.82528316876562
75 -57.17498837765784 98.86027991884472
76 2.4648380200957547 97.71517307954602
77 -8.081594431801335 -49.66123463942977
78 -14.590389481394766 -63.38846165852941
79 -79.33609303376596 -35.46866246115454
80 33.97785459332209 80.13383343868335
81 7.2119624282463946 -53.16780862734769
82 60.78687252315237 17.32496706337838
83 84.67678943326348 61.953721879212765
84 -48.29492989390589 -73.94336846533847
85 48.88134413089526 61.75019812757472
86 -96.5708920419877 3.592404306821578
87 -3.4860038866582244 -39.724029557501225
88 41.09737430971737 94.03443874058809
89 -41.96589461701705 -85.39518189203991
90 -10.640960842998751 74.79360646798156
91 28.14015931447466 9.97610976721191
92 74.4193593377282 -5.1128982504682625
93 -83.65916629060919 19.122552500140017
94 -80.06636942767507 19.781462238037804
95 -58.854247354348786 8.173254463477718
96 -33.7763971594633 30.66314160003367
EOF
