DIMENSION :96
NODE_COORD_SECTION
1 -66.68004794216911 77.43371891346501
2 55.55941826668055 -73.985456539184
3 -44.26875075176122 -54.01644705875477
4 73.36065223004823 -36.17549730830809
5 22.251920223952098 -8.62830501492806
6 -67.35358926989761 88.98834426288639
7 92.98841973717742 -22.54748581312988
8 -58.75348845898296 8.892984075462863
9 67.92431266479986 -16.041804037650493
10 74.08763192568455 -18.840937317658728
11 16.41035542694638 85.03936734691337
12 71.50177300777824 93.16015819580684
13 83.34924612226092 19.12598875173208
14 5.943823391127779 51.94485305511384
15 19.029402343540596 83.43972423314776
16 -54.97024807174369 68.38127248006697
17 11.788654053884983 70.27825461517932
18 -63.34182566644508 93.75769463608731
19 16.165379916915796 77.23085078351028
20 21.079978164821455 72.73696533074846
21 63.92104423961115 69.7737917933699
22 -64.86807197147519 13.476500992998723
23 -78.70522688089731 -47.76690757931308
24 15.451971317639291 -56.11035830504729
25 -86.92284792502174 11.891218652007083
26 -69.65460546622745 22.438331006402294
27 -27.433121900298445 -58.94658167276023
28 74.07256281822083 2.5110329636467412
29 -3.7993320562464987 13.178433695870993
30 -57.319381667666256 -88.64612543991097
31 -17.376839449507813 -8.28262586300555
32 -22.897033753356496 -2.3127989155710367
33 18.19030423470882 -15.906395558528374
34 7.101968146161752 -73.44647019743435
35 -65.6238685205642 -81.70436804043051
36 -41.26806796857731 55.607256457207
37 7.2794951344211825 15.843868477248108
38 98.35085432152829 13.970291257588642
39 -4.596112132905091 -37.56855637095724
40 -22.18885835809448 -77.05802947970608
41 -80.89009613625765 36.3280708562325
42 18.31089914184527 47.26569264866657
43 73.6166810002768 44.67520844537799
44 -75.510835978879 46.31862263179596
45 37.15504390085965 -60.91026245859912
46 55.699746097688234 -93.49490028855114
47 86.8516644262746 34.53242106647184
48 98.00019642418306 79.29826364391485
49 67.15025591381874 39.186565835262286
50 78.2437634342021 -76.21147317654373
51 -30.947870811784924 18.131251052579216
52 -59.2361725264372 58.261683620973116
53 73.18527392973999 -40.11734315411755
54 -32.508051294925224 62.24329805704579
55 85.68747216220328 -7.583990709834936
56 63.95208780969347 -61.38967280645367
57 53.11564481534103 -95.93023652968742
58 -43.574792303126685 44.78476373796744
59 -18.929864878685223 64.77272746496578
60 49.680042539501414 32.68836204312467
61 0.9492301256491658 -85.67621956226417
62 80.01729806165051 99.05134096134205
63 30.225740975616645 86.99312220258588
64 -35.023822549718034 -59.1677472118362
65 -46.135929213207035 -24.497251596814152
66 -1.0962921208357557 34.92010255846256
67 17.97273484872524 -97.51678972045133
68 -27.311201081157165 16.953948908400278
69 -28.4861458994297 63.79259714403375
70 -93.68533141046522 21.00921723891844
71 -82.13226293142748 35.622752645810664
72 74.48472183507528 60.06410007305192
73 45.277202441920565 96.10691624137516
74 78.42857996826223 76.5734162276139
75 -6.327142381639732 -97.81812140172283
76 71.09651762394017 -26.85862378266006
77 -14.89290086707939 -16.253044053227427
78 78.30211661988741 -54.80120640847197
79 -3.9987567996331705 69.70105741551649
80 74.97451770887474 -19.245701717626986
81 -18.363387250096224 44.22816300776094
82 73.53321468606396 66.7031975321737
83 76.79710496847036 -53.25927740038996
84 -39.500130167418824 46.84172699828733
85 -8.80273336024024 75.1794049787402
86 -22.186751522540106 13.648387218269193
87 94.30644890822023 -70.0932556524579
88 -13.08513208982285 -15.941714014419617
89 -58.59377168694011 44.22130550983675
90 -23.475411725323724 8.87029439096591
91 31.194797153456562 87.55806284864744
92 79.12683345915929 -3.9089829437390904
93 4.9786014150722195 -1.2702914602102027
94 46.53984453725258 -9.566407371648225
95 98.46811774796103 -90.89732643982842
96 -98.45824114965258 44.35340838918577
EOF
