DIMENSION :96
NODE_COORD_SECTION
1 33.343333842220204 95.26151253242975
2 -96.81322291466196 -28.24515832114072
3 -59.55857928879353 -41.27080877485378
4 -9.699377742328991 73.3993385182934
5 -93.83720849848862 93.63173732971595
6 97.8394523422973 -55.58851232364233
7 -62.476135209983454 -89.84836282858595
8 79.30286558467378 33.357954142728005
9 -40.20972004747303 95.9877307143407
10 22.012372161532696 61.3328876129558
11 -19.53901973615133 -78.54469823133141
12 -73.65058415138887 78.76900357789637
13 78.28682364950177 61.58999482316639
14 0.17989603624684491 -5.727389963104997
15 -63.84692390540279 15.461843761553368
16 -81.74843670033468 -43.822789533699556
17 68.88165474063115 86.69478157472014
18 94.20221478077042 -58.07573839817402
19 -89.51435787459954 4.226072206535193
20 -8.08176192823258 16.043843581359127
21 -79.86492903993695 8.629121165359564
22 -36.66548536988354 -45.57802506987279
23 42.06959321494432 6.862220567430242
24 41.36834468630184 -99.29456661947671
25 11.920180545073023 7.09488638567646
26 -60.46841183320706 20.108933541628147
27 -59.621443444489366 85.30234820250783
28 13.866698889704438 -53.44632310708683
29 -75.120281468177 6.608095457591574
30 -71.79589209302317 -19.019788759736755
31 -59.06069952603641 -73.10689490129
32 30.339681701689983 91.84277890421035
33 -52.98577020324602 -66.02026567630705
34 -5.417208955860644 -6.7938108049216765
35 0.2316898622217991 -47.26284692200395
36 -84.77301740412497 -68.46948609061911
37 25.057825548755176 -65.2556914601478
38 -54.15325878231651 99.1427968156762
39 -97.0456306455779 80.68545995984084
40 -29.074398176170277 10.559189740736258
41 -41.70218987072396 -97.55757492582025
42 69.17217643317363 -72.76519759437909
43 -95.68764474858594 21.886686889206004
44 81.982398867705 96.9828375750441
45 82.49440121680075 -75.33639626745855
46 35.857848373228535 -13.781571993907235
47 -20.017058544300312 39.80001793434752
48 84.19141216676479 26.34681667777572
49 -58.44322378214126 99.75562298404529
50 31.68335775530869 70.0295159034307
51 -93.58400538078719 -49.42245065423345
52 -16.247776308074194 -41.27387866470047
53 94.63175883807378 28.106583515443816
54 23.656621801637016 -60.17643855401118
55 44.12502737577549 -6.277372186197681
56 61.64560990491046 -60.17136057213157
57 56.26130857996816 -68.09399826155877
58 -76.69324042775416 99.51373086546653
59 -53.37478126205886 51.93024468536106
60 -51.61726967562528 -92.43041696101535
61 17.265122690675526 7.291150851521564
62 56.67864079557549 -68.76672439431212
63 -32.325341228647005 -50.98412899306886
64 4.28408778503551 -64.47662517333912
65 44.00461612429126 62.78490058552643
66 1.185332655178854 -92.87153963612747
67 89.47507752341085 4.838895488675419
68 -9.555463055866937 -45.34078497749028
69 -96.31555549924921 -52.068683552034514
70 99.47473040009305 43.888337371220246
71 44.4882980664716 76.12692359688035
72 65.54056767067308 44.76660831383174
73 -86.65207049672001 -73.96474381575644
74 10.466571964761599 16.417554153308274
75 53.524618498080315 -37.89275260895148
76 -6.363858638100311 36.977053122892556
77 60.222529344565885 -5.087765298399631
78 -92.28388200428066 -2.941474192992004
79 -47.240501640975886 -96.14834360393604
80 98.14328745093428 18.788197870532898
81 91.07170927334417 9.554778782669217
82 -14.739235473850158 -63.2308692777861
83 -67.66536340746808 -43.759099384168046
84 -52.90623949822633 -17.003316870420022
85 -81.79063779786817 -89.37847355682644
86 -18.894215241092184 54.662232472884455
87 -40.80017902423878 61.45501621195871
88 4.877948764304989 -88.05409280002164
89 -60.16687600301136 12.655368256589682
90 78.50549551132312 -47.68671037629923
91 6.851733004442167 -97.10420931879867
92 -64.39262816156655 38.49501596749488
93 -77.6672769207766 -44.063202416556436
94 -4.803897103092567 19.242265279758968
95 64.62597640311154 68.44761232792473
96 93.25690020545235 75.11529348315577
EOF
