DIMENSION :97
NODE_COORD_SECTION
1 -3.5116611869663075 38.5568558727868
2 73.43572638527948 69.7325862522182
3 -51.051845805749394 -45.3141599959211
4 56.45061491537365 87.6421424405541
5 11.138117595757379 52.56275491693748
6 -62.232204958647365 -42.5572716579941
7 52.73581552690666 31.42005381104164
8 -18.568501328071065 29.34829918406416
9 9.552792435139821 37.14009552011021
10 -67.52363151558451 -13.591302861487648
11 27.753484695878356 93.13372758728943
12 95.82626679690162 -2.7057967030926307
13 22.229109448216207 54.31092508831409
14 55.58404341762753 -88.98929753665492
15 -20.03234704929899 -24.41969709963641
16 -86.30215551494123 -9.842057795737418
17 80.86255438791855 -45.52171926807138
18 84.2161639982792 88.13257401055981
19 -68.74574167702995 6.942840124971667
20 17.820348502918293 15.716555031369921
21 -90.39956224255847 -34.08921065451696
22 -48.950205626873796 -86.21923899428741
23 9.022134590769681 -45.66842658225199
24 75.61175446509466 -48.62750481583793
25 28.074772199836872 77.35471199406521
26 5.394097261170657 2.2448414451355916
27 -91.05561227786676 2.861997751560864
28 82.27602275358188 -82.07526941069554
29 51.37118593461716 55.17966641298713
30 -93.44171345398786 11.705751066471663
31 -59.046106722103374 -66.28020032543833
32 -96.18904725747792 -4.5092900013976305
33 22.09010185704568 -13.5356990845859
34 -52.836561185993894 70.19807407678002
35 18.65924310981471 -82.38116606436188
36 42.53799103258166 -39.514518867797136
37 59.656490146886 89.42815500470186
38 54.05439289511406 5.832523832861412
39 2.337345265115104 -9.941582591668706
40 -2.189705350078313 -27.435848187353116
41 62.03436588775969 -17.38404534582645
42 -35.53200596952348 35.184974871624604
43 55.658902615346875 -75.21377558873496
44 44.555237660981504 -9.56598586312974
45 45.0023618956277 54.240623744681386
46 -74.88604208280738 13.758232599671103
47 -73.69690219966394 71.87293415774243
48 -97.69233635182147 -54.557460770514
49 -45.85347111396663 23.09120746862041
50 -88.17544686019072 2.422790281211377
51 -89.38234810942221 -23.1949887098952
52 17.390094849484967 -48.15251933193967
53 34.726742352455716 32.4119996215519
54 17.42939661051284 -46.25712264733757
55 -87.5194409730979 47.001762780928146
56 30.896157193616517 82.67538204056558
57 94.57284593366884 68.15912174416815
58 -94.48838433817728 -27.90602431264948
59 56.51973447620088 -17.837041720663564
60 55.133511009948876 90.07470139374885
61 45.16683762676519 -56.95922399970139
62 77.70155071437432 51.47811528924936
63 -34.15318869317166 -65.14669827422968
64 31.182467668742305 99.06981972039264
65 -43.93265365708634 -62.25255789456923
66 -47.83563011723584 44.94314541068695
67 64.46136037536459 17.729935515246424
68 90.22659236160277 -46.37783140405127
69 -92.16734699155494 40.77827744434887
70 0.937759011231563 69.5123000235325
71 -85.51824160245758 23.819272483026154
72 91.31154629345016 -56.095251417130456
73 -21.40151864340605 -21.730043580306926
74 43.775913960886385 0.5302223463572631
75 48.3589624037495 76.24940106772254
76 -41.811628361625665 93.69627202300222
77 -50.53316801600034 75.23418879853244
78 46.15622662802329 -40.66821923187334
79 6.229476446666581 -26.155711109693883
80 87.89752170448097 36.8011735241634
81 -36.137904751892066 39.61017843072858
82 19.10471419141399 -51.86013081687668
83 -61.436322035628834 48.98608225810278
84 -46.250137988149945 -38.59822310444356
85 26.010709128995344 10.538305319550886
86 68.49662032102077 36.098457022432996
87 -15.73414029807536 4.151689579341706
88 75.36085979209062 -48.7511843554508
89 73.70059614164205 62.26120748170109
90 91.48832576287384 -49.65283306668788
91 84.38212330233364 43.529947687462084
92 -21.605682746284003 -97.40341464133888
93 10.476632011129581 5.058573889414447
94 67.73689123431143 -23.9564276239213
95 -58.42751207951557 66.12561717526572
96 16.671751382882817 45.78899214050392
97 -67.57159149100389 -25.378113973443718
EOF
