DIMENSION :97
NODE_COORD_SECTION
1 88.3714634101095 33.91690029917967
2 54.20312192552882 93.4145405582745
3 -11.200703946537473 -70.96654730608698
4 84.29342373295191 39.444380531975526
5 -46.89984980813322 0.832481802890058
6 71.63795756767635 43.58283813543551
7 -87.61976463603918 17.966129327916576
8 -94.76768530498347 7.302972889068229
9 -26.82128305019515 -34.99711229144435
10 37.636961639511924 -86.69033270618198
11 -84.90667529420364 -97.79730430948442
12 -26.891454216613184 -17.007180891791094
13 -8.980771345783992 89.6255818565146
14 4.599956496079585 69.1033427720451
15 -3.8061886799299174 78.92463496927547
16 29.591315461649117 -67.19639968884081
17 -4.908493190516765 -24.41172138470766
18 13.190569695769199 94.28292465349489
19 -0.685559574703106 -94.93927612344237
20 -13.330985110928367 17.418003560710233
21 74.97627384348166 78.08366662222664
22 -29.426418804886012 91.49686959653337
23 24.677990313409197 -56.23371815602398
24 93.78427403524782 6.8144125783760074
25 -62.97379383670396 -56.695308035477396
26 43.36175507729351 85.98630538178807
27 -74.25410677460533 -67.06392793318565
28 24.756604714844244 -70.88265740600315
29 90.79114896225983 31.626679683379137
30 37.92835097108346 -41.50078321393398
31 -74.54089096263115 67.15716047566443
32 82.14890163683421 -92.69811017200826
33 66.36371382582587 -56.31751915831311
34 90.74165709343211 -13.238302572874858
35 37.227538742230394 -65.49202908773711
36 -33.26597841559713 -12.341574871195988
37 72.80157629626697 -84.26301188706789
38 41.377705799734656 -75.58733861285361
39 25.824241615246365 99.60976957109716
40 9.717727151878904 13.92380077616275
41 -42.217336848721445 -99.2328360815611
42 -89.13249089536355 -3.691894815876225
43 93.34065215163272 -25.663145763339855
44 15.37422856592437 50.985307423285064
45 -21.35050857781522 1.653943442093862
46 -41.965062195466295 39.10131538913467
47 -74.64087526052967 67.59166796687998
48 -88.24943021579841 -87.93636322240353
49 -55.001048275167584 72.89214611887317
50 36.481675541917895 66.00515567207529
51 -17.501017215488005 -44.448873836350565
52 57.09608196793653 -6.718920457485794
53 -57.02631084960208 -42.77525548472943
54 24.875313328204214 -15.357244441865575
55 -27.50763700268189 -36.209639710296585
56 99.6732533396096 69.5212723343991
57 -98.5885199125645 73.60767039154592
58 -46.803051190035696 46.89281961420846
59 87.94608967380489 2.690183564047288
60 -61.3938702562836 -44.513352898701264
61 -89.99131181306525 -77.08852144831283
62 97.60451523762902 59.63584209462775
63 44.945850308133174 47.53445358297759
64 -16.577409548518787 -14.140089831367277
65 49.65417250974119 -72.23398004120149
66 -33.43194011968234 35.307402552030624
67 7.658885017280198 4.703674451800907
68 -40.05326577312849 -81.52421658540274
69 -54.910139291789164 72.9544819747106
70 -49.066727158219024 11.164882577050832
71 -65.90852249250037 -44.62897917512654
72 -39.80240944530642 -85.59076811757294
73 -99.94579618074029 62.762975513732414
74 60.56947261007048 16.173786623235628
75 -71.84253844787203 18.107035541983578
76 83.95042532078861 98.88644460496323
77 -74.9351865624699 -38.30808478936907
78 20.25830310232041 14.41995790702822
79 33.214056042917065 -78.20071690352053
80 69.61693184103112 56.924833181800096
81 17.99650529641552 -65.06448306597767
82 47.479427513410144 -96.04609338809766
83 -47.7788423522679 30.2932240342098
84 -37.89952926909515 67.60828359202068
85 -92.38899318770157 -44.964429171590204
86 84.74943051652531 99.97353691613512
87 29.680515895503333 10.160471819274036
88 -84.71730727427453 -69.09610550964389
89 -79.8054518506056 -8.88421111592281
90 -90.82979630642708 81.25148858318886
91 80.51085862651038 -16.999220777963913
92 76.79773923572338 90.92648962384214
93 79.45964651462083 47.102982075621924
94 -8.156972766415137 -71.28664271755338
95 -98.98464760424793 53.683973879926924
96 -47.24969144754332 9.557118245299037
97 -0.13270123046416415 65.34129305264614
EOF
