DIMENSION :97
NODE_COORD_SECTION
1 29.804665990432454 -64.92695038759256
2 -52.9024254540428 -44.0619455140765
3 -99.9662040981875 -5.678185230569937
4 -16.474204788782515 -37.99425908649412
5 -76.8583502753811 14.431517622576678
6 -85.11770935909384 6.689749211615606
7 43.9048027106472 -65.56312225853473
8 -19.177494790304436 -89.27865274099544
9 19.93904816989162 90.74511241487951
10 8.89724526805702 10.563755270328443
11 -31.52976330663097 48.92686932868773
12 -75.05524334327664 40.794068764492096
13 -98.28003709649377 94.06984185396863
14 -67.02774456920197 5.946938875471346
15 -22.256748068086225 0.7216594797620104
16 0.4461822652431522 -33.540201983324664
17 32.03198258588975 43.487716832957915
18 89.01182198990034 -5.976304871929457
19 -25.075703250983295 -19.361315330235925
20 56.01469490746794 13.557668284414007
21 40.83688464329683 -54.37849460337652
22 -81.20245907608742 42.188781361327074
23 57.56350811741885 15.156734945018528
24 21.598374133849887 60.03395824247866
25 67.35978078537411 87.64412536220388
26 -26.02344479995513 3.2438190058096836
27 -23.73930790729591 1.8874973001723703
28 40.04552589863846 -43.31721983651961
29 34.05400582250394 -46.31112297933291
30 -50.60774399040546 -58.21625080908292
31 54.559169245540886 26.65107820452694
32 73.41513951976944 -55.47016283386377
33 -25.662030473415925 43.5668404358922
34 -35.086426002759524 9.179474399122839
35 17.68970818974738 -33.93819069402058
36 -5.885967789005591 -64.73447308760456
37 -13.239760292323382 -77.30236852594791
38 30.91901112373 -41.43705990380138
39 27.8208038302121 29.530539758086377
40 21.01683517853428 -28.866428456653907
41 38.249080720531026 82.15981276843911
42 82.59171653838268 -58.77908303386479
43 73.47155769975979 -55.41031507407026
44 10.725244240500913 30.681494459794692
45 89.1027379251556 37.76713438051087
46 18.18186587941088 75.80371532221534
47 -89.25659044158616 -60.55272187033467
48 -35.877425777570494 -3.220853910820253
49 62.376669963701374 -52.92304450330629
50 26.39255350116636 -68.24490916715862
51 4.026964213099987 -73.32370332844994
52 -41.61993458086073 53.31155305111287
53 30.324035769109628 73.23702341183775
54 -61.95449974031975 -81.6303985542209
55 -36.159847699570456 -58.054564210361484
56 -35.42898137083115 26.95233905680763
57 40.54560985558092 74.57686428131328
58 -12.817253877529595 20.88364335698067
59 29.454018164439333 -58.30228049688186
60 61.04915489793933 40.42394576108987
61 54.50547601968401 -51.14991144748788
62 16.76068536827981 -24.993572602234934
63 -6.037678582138085 -86.31695996391247
64 2.74735545204517 93.65093915515334
65 -78.93137319143686 -88.9662044777135
66 14.092585330513742 21.297175840583506
67 19.451267670545107 -95.74900458676285
68 -43.446951679275216 39.21261332747642
69 -42.28314088280272 -66.40862751949152
70 -88.80406398077332 30.794716060528316
71 39.925559483943175 16.31020781132034
72 62.916556569334745 68.50118165141231
73 -37.90092312010766 -71.89507495965366
74 35.20080286786532 43.305794266181266
75 99.64706068355653 81.86041328371985
76 -66.15146692015176 74.9917687169847
77 -73.42764603494308 -2.816447840945429
78 43.975480765786045 -90.24166806944105
79 24.542320222538592 -36.99645432486742
80 47.46288770028548 -88.96952332587587
81 -21.61002894354492 35.55380824811846
82 32.12566185588926 -19.974148721796524
83 74.3351548510316 85.34006809077522
84 49.22128848472883 4.546749735689559
85 -81.80735001011578 9.238510742253524
86 -57.47657133056612 27.629365474866162
87 73.06061278037188 57.656835831894
88 20.035647316178753 52.096344780180914
89 -20.540718715142162 91.73015058948158
90 68.52223888377381 52.722958385716225
91 -34.38346303176442 81.81266518582711
92 21.384735708896457 -45.35892631204075
93 81.57337281059029 86.06524731606683
94 82.01422668612591 54.769288453761305
95 -1.9910496239139377 -93.27204096237169
96 77.60118462029715 12.471635781692527
97 99.16145721133373 11.705761587269919
EOF
