DIMENSION :97
NODE_COORD_SECTION
1 2.7698161193288087 71.75232153535856
2 -51.92851036650718 -64.91046746070606
3 -65.5556931501227 26.012718385949213
4 24.11067824941935 87.63959339866602
5 -85.21973619640141 -98.94450524379843
6 -9.589982489084207 97.91514285785314
7 -98.67805365413733 5.156323627731268
8 -33.53013996962524 -89.56372187830777
9 -54.638025864346716 -45.68142509891824
10 -56.16273035517523 -63.70924147243624
11 22.535746188540415 93.91965270835027
12 61.09864667046031 -3.9835090634886114
13 2.1100566054116143 -59.62370154746572
14 29.398225860376357 13.890307079050217
15 -85.97036026264644 -52.35548788036222
16 42.253181180257684 -37.32306729354888
17 92.51186927947072 74.65886309452273
18 -11.212356993052694 19.806287456675918
19 -24.043452605918418 32.35494935934807
20 -43.89045557380005 89.1110658323314
21 -74.8358969060839 -77.29210227418982
22 54.405649381798696 -33.32917232431831
23 -14.667779520955747 47.25881240861142
24 -72.56811089148421 84.97279615252481
25 62.027442298743296 -41.10982255656914
26 -78.57253923494144 -43.486431770458964
27 -92.69521126725746 -41.84979352693971
28 -22.917142064820368 -43.86985807936527
29 19.375112812219086 -5.78464600299921
30 82.04355832282289 -69.23737892709106
31 47.69634443541952 -79.38095564491016
32 -24.46747172646893 -93.98496722966334
33 -34.908509082346015 77.16394017710911
34 -67.97352135463208 70.79483686920614
35 -80.52733259579989 21.974012739525776
36 67.5221382272153 64.47560881963659
37 -90.02292338966724 -78.56821563414296
38 -90.21945127330746 -34.558347320042614
39 45.797478994588715 20.785152250277235
40 -46.961129307220695 85.53715537351115
41 -59.283946799093144 -35.50268903431011
42 -21.96924957494464 -88.14328148774509
43 -27.672600598558688 -87.04769647520988
44 59.75790116974298 -94.52196407339729
45 92.16271215102162 10.917776345633541
46 8.307036779912053 -33.84834612238011
47 11.40389654841097 3.205705080729487
48 92.10799630929296 2.6267693557468164
49 -93.3970397228664 64.2607340646945
50 78.38026237317524 10.206044861782047
51 90.79841129179619 10.944963929268042
52 92.11686748530235 -49.71342622912975
53 -22.352813191825163 1.577064809779813
54 -57.19396330084161 -48.94191796751768
55 -70.3329976379125 -10.677367444654735
56 -2.807396374273054 -95.80639214934405
57 26.410711903367385 -5.678275425240216
58 -13.267222529933491 19.281942234237917
59 14.370709180186793 86.47870709658932
60 -70.00264370435721 -84.0848885678932
61 -92.36189843357351 29.628472640715188
62 23.130116359202546 -17.241686892941416
63 96.81784037102796 27.832204345344394
64 -94.43042406199858 13.59379687981091
65 -6.572436888125921 -64.15507191079689
66 -56.40599883602171 -57.75584407252696
67 -12.01543954484086 48.33616965839914
68 90.85101249650296 41.444637869743644
69 32.21170462958531 -33.76594899430626
70 82.88469606472987 25.14810411873796
71 69.26987674277103 53.60226892850963
72 1.7747867772441879 99.4103668802737
73 30.65087111317385 44.748425417219096
74 7.3539390248082555 -56.0823697185083
75 -5.658602579385047 38.80128540987434
76 73.07071448110301 74.38191296182751
77 -43.90464589061671 27.783528038236298
78 87.41751910270574 35.44430011557074
79 -95.87195518731791 44.24573564641574
80 85.94417883270359 4.390027002886228
81 -92.72731989648962 -14.183734008568806
82 64.2295163304114 47.89334294179869
83 -72.38402291408595 -23.43911791834168
84 -11.215211127779767 67.17434543527864
85 50.856252146285044 -41.16501603125728
86 70.7144266956212 -8.636215821223786
87 -8.895979899010669 74.35033126708342
88 96.06106718179987 34.53617088888319
89 71.57158719013606 89.46727615339708
90 17.11347597675686 18.78538885499097
91 8.574780723069807 47.262559322744096
92 -99.4425675749324 83.88114474278049
93 -66.50359275100952 87.7117571746331
94 -98.79866546239388 -46.54131613698209
95 -24.16224329640346 -32.63544792309567
96 -15.890292939549866 -91.64183690134114
97 0.21082237918679425 31.180108044398054
EOF
