DIMENSION :97
NODE_COORD_SECTION
1 83.05034283571524 57.28832936977412
2 -14.315543465801568 -79.96261229785466
3 32.09121136157438 -0.9176452512161148
4 88.58302919761039 10.017458436894316
5 -63.51485772901133 22.092012189890298
6 58.65680024696667 55.560597057099784
7 5.430417230451326 21.643563601970754
8 -39.11585883015087 44.80039412670678
9 16.512165856217422 -6.338495545656869
10 63.53562812887668 -17.015064665165454
11 -89.84295265215655 -56.18365428945567
12 -95.52098920071319 82.67362008213195
13 51.685265499219156 -56.28535916682287
14 25.145636969138025 71.76789622392744
15 -79.29266513018092 60.724346896676536
16 -57.44980284896255 -86.3553107329073
17 54.21439302205431 -18.807497710573358
18 11.982204967601916 -32.54961406415515
19 17.562541636098643 -28.77352895648326
20 96.46418589470375 -18.347674345920666
21 6.653236065406247 -25.126126380587195
22 3.7980822548430666 -89.76627199196345
23 -5.036782098709409 -63.54947384916638
24 77.997997475625 -31.542829541064293
25 -69.32081254406907 51.92968443850009
26 -60.86605144631181 3.9106724951303278
27 -37.95611024529326 3.7199870375765016
28 -45.91223058769969 -51.41038907595892
29 23.121812832202295 -86.17639963628349
30 -9.550921039996638 39.05664503123677
31 -52.45560099844315 -37.7199879870344
32 -43.244472751761265 44.26102287285741
33 -5.603898720773117 -39.03490419752911
34 -35.49167321694371 -75.6124684039244
35 68.25416870709577 47.22909000135894
36 60.870472680370426 -40.85536318565141
37 -5.503200632279558 67.52117956912028
38 -24.318265541276276 30.190179333636877
39 -28.654412115915306 -41.93753710691386
40 2.40097806029695 19.932270903390716
41 -38.29002821291119 97.79310324850456
42 -10.187017034023981 -2.2680654119365755
43 -89.24714143940223 8.233623610574185
44 59.813530853895855 4.573204610672477
45 79.19813516190558 -94.43578690261157
46 86.3129237046839 18.555405956047537
47 67.75246741609661 72.14014046020048
48 -28.725062045037106 86.10141703669555
49 74.61515741466062 7.825288813973103
50 -63.86552669936327 37.56476308961604
51 -24.098415010331138 45.940032263276066
52 10.313981284343583 70.95747713441898
53 -52.092800770885404 -25.71645066207286
54 43.28511380570134 -16.19025734268071
55 -39.50939021734998 -11.395023870967577
56 92.59878837663712 -39.28871257658402
57 -37.54405488867019 24.061598975641544
58 -52.46678531598214 -17.12627564823792
59 -47.33387103291402 -40.38342912710109
60 36.4862032632401 -83.90803004979712
61 -15.279639630422864 -29.007429990919718
62 35.964477166689846 -45.22801274326822
63 88.38056517631958 19.7119126109704
64 -50.000642721179744 -47.76886368925626
65 -92.46675017760407 -91.08228130834577
66 61.04471885598147 51.26653479383506
67 -47.67532768931781 -88.9152452922162
68 -33.110288311058085 -55.97421868404084
69 -57.79117971666399 78.39268459588988
70 -87.15476193328186 36.503623893872884
71 -23.000732446253338 -16.551531624832094
72 4.43983286069485 -29.472965334338625
73 14.617559884561032 6.208731311081863
74 43.08705774229006 -35.11966256096683
75 -42.91770154287005 -17.63293433152755
76 65.66315548277066 77.26108322743457
77 -49.6153532813443 59.13512630163632
78 -11.339751800180451 -39.95362712596644
79 89.2476457003466 -33.73942580636937
80 58.55692154114857 -14.611556848414267
81 -15.631876135105955 3.2890092167327225
82 92.27459426922101 -51.05262439851861
83 -2.4082470668793405 68.49091649288431
84 -44.93535556584969 -73.3921398539855
85 -20.426876685231605 10.538937754449591
86 -32.10213878498911 54.81598856946661
87 54.82450367816713 70.93466835924494
88 -37.59574535941261 32.71111101944271
89 -9.341622646847085 3.3483515925053524
90 -91.3620675438228 3.016924314912984
91 -40.61956478826589 5.448841596938706
92 29.4182480125543 -41.305106080231305
93 57.191271597694595 79.46526716839713
94 84.7250064177401 -56.34769909383841
95 -21.393348714611776 49.6359984226838
96 60.60204526065493 68.33615935214186
97 -38.1923470791681 7.864379746095906
EOF
