DIMENSION :97
NODE_COORD_SECTION
1 54.44354073855351 77.50756094392759
2 39.174131717597845 21.87201882535976
3 26.435212737597 -86.89485641481389
4 -61.57048419192155 -80.09104934241773
5 32.83695866801156 1.4014502176620738
6 54.64214978616931 33.28787409115213
7 -2.2775631977849145 -60.38497157456209
8 89.11176913643706 -50.67684017987324
9 2.5484241932501845 88.06742424019333
10 9.090378790281932 48.9938409708316
11 85.34216562758982 91.98752684713111
12 43.908414780461555 70.65215186019131
13 -88.5771134943914 41.84382922364688
14 -42.125075504419705 76.50856338161665
15 43.56884010914379 -43.975930945333076
16 -20.867315792864332 -60.98626087491992
17 -62.607176803631326 -55.90395484462989
18 77.12570924698807 79.29678170382758
19 66.79068798551336 14.547167877696182
20 -23.93678318818857 36.10829581560793
21 -55.321151621284685 27.814597287311855
22 -32.25937514842427 -78.74422113860126
23 45.83850818542575 -36.418202073855134
24 44.30470524861147 -73.6920196357828
25 -38.46428777673743 70.73133942913904
26 -89.9732924958499 -14.616087463622065
27 -80.31200386568808 -0.992020063298682
28 50.873617820481854 70.13118487851858
29 89.69998820551788 73.35997749691919
30 41.644507560565785 -4.462435259616299
31 57.69179940319685 65.09076760954835
32 52.665287335482816 49.00851344343312
33 -94.30435919941178 -61.632883912479784
34 81.51193201694517 20.182712561061635
35 57.49768158209875 -93.70605177199285
36 -20.04141494461234 -94.75349758679754
37 64.15375651245648 -82.3198364142182
38 72.32380849572866 87.04734550826566
39 -6.1910803145145366 13.783691612780075
40 68.61444381120236 -48.90465276645837
41 63.30271888998226 43.73828006472539
42 64.34344710662629 87.5810658983408
43 3.1432548574908736 8.02836780637584
44 88.62446828318619 50.82687127694311
45 -17.214998361521367 11.29264835156117
46 -86.87761211136855 -99.8719753144571
47 -60.25336655685136 48.90083211439688
48 66.66592781242429 29.729026563380472
49 53.956897731922595 26.162310634287508
50 13.804629572676646 -89.28050509369885
51 87.81796431603058 -85.3106244524688
52 50.31931758746819 -86.07686944301804
53 -27.17261603337593 -12.648186271261608
54 44.671624228641036 -39.60765011569967
55 -34.79880937669215 41.42364078104407
56 -88.39524473911058 -45.0899083419809
57 -84.20755666823985 18.93694263377712
58 42.584171113631584 -2.0603723373173324
59 -96.29913541428078 63.92170912619275
60 37.49351357820265 42.75192145809663
61 68.32098056260617 18.12474228112424
62 -17.02240289673982 -33.000475192731386
63 -58.82247201618684 49.96465117977931
64 5.050877097849678 -38.20528067733695
65 -73.25129757429835 -64.10586756050748
66 87.06637341411621 -93.61104216627135
67 10.579121240618477 69.00473323521888
68 -11.133410687969842 -7.16055325976231
69 83.33615323608018 -43.37668581059959
70 -71.08551999676571 92.58807563574098
71 61.06469243967197 -13.186384665293602
72 98.42917808484953 15.666666571661139
73 54.74711175291117 -6.889737502476251
74 65.02769864519544 -96.71817310560388
75 -3.6234050841131875 27.476695792956292
76 93.1003378007201 -84.17844579204849
77 -35.8962916631958 -36.60747136106819
78 -40.87580177327443 -69.13503862446495
79 -34.38245838426175 94.13991572035613
80 -27.654309587844423 -50.43457419446844
81 -63.2255776784753 -34.227402177764745
82 24.739520243739847 -75.18335788902786
83 -8.411368151439632 89.91526331262747
84 -11.121858967201462 -29.099997309442188
85 -79.94875751255131 -81.54491611947978
86 58.322341451741465 -8.149070348884706
87 -28.155309686776064 -69.64880840294516
88 82.37005936773755 74.57067945285831
89 86.87223552612508 80.20197807089068
90 -14.522820230947573 -67.25060861914261
91 -62.37685421930161 -11.125734601701282
92 -18.60941243642766 58.95504313341701
93 33.74578899199537 -81.5877825457845
94 93.01032948670147 44.7821253984572
95 -94.19732244194121 -33.39177709835337
96 71.22427447784537 -37.25706960257993
97 33.03273339750393 41.03179734848294
EOF
