DIMENSION :97
NODE_COORD_SECTION
1 -81.71675712988196 -30.183665958143166
2 -22.484321511097363 73.52743482569232
3 59.188346822169365 72.063419701946
4 -53.25057977918486 7.430982474221707
5 -39.171315414918894 40.687929916439884
6 86.42099680500155 -17.012940974739223
7 51.28074862751805 97.65983635612884
8 -30.83795770661837 9.893683428022399
9 63.81363649328057 -78.3737747995174
10 39.824636534152745 77.42196341221742
11 65.49298440266409 -35.14895000425089
12 47.45559220916522 53.4196415098387
13 89.1030897617731 13.19631522961808
14 -17.344987851290753 32.35276605402143
15 51.669725315408584 -63.07088174400881
16 -34.191420160765134 -38.0918477787503
17 37.59269118307839 -73.57200432196353
18 -7.965274064354702 14.593499616134636
19 0.37364022550356424 84.40116403522595
20 -19.710836481661033 -61.06411873344353
21 94.15142128207694 55.01825734049217
22 -3.078866699319576 -75.70640497801043
23 -15.266422643728589 10.39620660952842
24 28.076991992850452 -56.039759255481236
25 9.539349575691318 -13.83095541928708
26 60.69852584201644 -96.84584296711876
27 -43.15402631036689 60.41038710048531
28 98.46483789888268 11.650152277249475
29 -83.04326148945616 3.9664898324194695
30 86.87825605920963 25.224818826063085
31 -78.61427476075167 -4.703204905433637
32 -49.203745378572705 -44.249473749672404
33 -69.11922867092622 -10.792073308808796
34 58.06299121707448 -63.31258726956273
35 -40.91720021475616 -43.59377981355061
36 14.495512972281816 -51.113305303951485
37 -74.15390954731151 69.58288653280613
38 -31.668587220439775 61.032695024286994
39 22.720796913027314 1.7849801102760097
40 -43.65390426878275 -80.2849817846045
41 -57.174556015826575 24.11437672594225
42 59.19955340384533 36.036420068969846
43 78.31375333094024 -57.663840337958796
44 50.173951353857206 -41.17406125667811
45 -79.13327920474904 95.76662600335894
46 19.315035755526893 98.94092866732998
47 14.117411720292168 56.85048509278329
48 -65.90820169823554 -25.19428505579468
49 -98.35749062114428 -83.87437662834853
50 58.04051093339436 -13.751398944955142
51 -9.868798081302188 -85.18694656316379
52 -9.539281448891401 91.8631254531083
53 -95.43143028950651 96.05862271265295
54 13.082449005955937 -35.466638234594356
55 -49.252789195211896 -14.10781235158936
56 33.72527064065042 -69.57266646366065
57 -79.85263329070405 86.25893200599558
58 -97.6783475361034 58.67647203680616
59 73.2023852148686 -34.983289973544544
60 41.27839508808708 -37.876782241541584
61 -80.80703039348012 -38.417806401423825
62 -19.998371300641168 -6.067058455297072
63 -25.50984663748767 -8.052192056481488
64 -87.48763511276437 -19.469639260895462
65 25.593526906864113 33.0804103754453
66 7.431149102857944 18.234713170934725
67 -50.612155307771836 -5.7482230920225135
68 91.21198984010596 -20.86796514053961
69 50.26762274046831 41.639994293322076
70 98.35720092418003 21.136930240422444
71 -37.74397937749854 32.57992971430096
72 -63.55357868634428 -22.139696013958286
73 33.9706959787614 -62.86995108211324
74 -50.83535690320235 15.813521894523745
75 -34.73393220285823 -22.838166968927283
76 -22.884354524126493 -10.356352873148225
77 96.60782940213934 96.9671758370981
78 -85.9413008435388 -99.49165102416129
79 -34.2877666445399 94.41821829596807
80 35.308111438761955 -31.636793303688535
81 -59.290869474224635 88.0030240422683
82 35.386671469191015 65.8481714257145
83 -84.93559533362173 -27.40024938084329
84 53.62556597159016 29.624015149940874
85 6.723950276781608 -74.35916808399253
86 -10.744955828001196 64.42367807912919
87 -57.58213778917525 65.35791464747012
88 -88.36851690254139 85.74742038437662
89 -72.20978075644598 34.08724499376308
90 -43.40174377644883 9.044847308783503
91 -95.00377389886663 -17.845684170250735
92 -33.42077270822924 86.39089528057917
93 -18.364874661222814 -38.35436321367507
94 79.85534326054272 16.07683618971285
95 78.36391879911426 -95.58543188114047
96 -96.42371355840883 -93.79837685083197
97 87.26335746262495 -45.0428422845075
EOF
