DIMENSION :97
NODE_COORD_SECTION
1 87.32722964606012 -44.74661393004566
2 -28.1123342783753 37.88753616851085
3 -71.28235509437646 74.47252619748784
4 82.94485460864163 -57.554092438963835
5 3.1948045021134703 85.8535353152125
6 -79.0515398640172 -71.98476512708342
7 68.52272794502167 -92.05739565461613
8 -39.70351843744204 59.69374717987384
9 -55.506097082065445 -79.00181980990557
10 -96.1701062933456 -47.27773729959406
11 89.8442329078292 -67.14020366343836
12 -89.34476133001306 7.1385164571687625
13 -56.374862207907306 23.069415570461544
14 -32.849521412407 25.997264104434592
15 69.19805678893059 -24.27480171218444
16 29.65158520769765 -37.50093018376233
17 39.993206006006545 -85.9136542858273
18 33.91856127651596 34.53491038017552
19 88.40101817731926 83.73696949532135
20 14.331479264247832 69.56776572081031
21 2.641207276912354 96.15587480382337
22 4.868442163407764 98.43631037140781
23 1.1810075318786204 -59.17174130721119
24 -95.73090654493717 -96.41992078482372
25 -59.74931706558546 -98.42564035770336
26 79.38876428073536 45.34936271334965
27 17.23096417920999 -28.44082972576254
28 -46.40005527121605 39.4772593994127
29 -78.83637881363366 51.48641027555456
30 -18.80059242342496 39.455326631431205
31 -48.637025344500096 -63.231050660008606
32 44.13065409698979 -10.531660965459636
33 -23.917308913952056 52.007047576118
34 23.933215183876186 -43.2922182272987
35 35.418719214136274 74.89469331953504
36 99.68164227141855 26.297658186134726
37 -93.89404972372589 6.7135199529407
38 1.7787209518358509 -52.269657993284646
39 40.59249406584121 92.86279436180018
40 11.818990451839895 58.62427317623204
41 -31.24771872818232 74.41295990891973
42 -59.65982956006168 79.77925939992701
43 -92.17689677174523 -39.540578263358086
44 37.13169327254931 -25.080633441542986
45 -35.36621503549617 51.09219900302497
46 -7.128907442514489 -0.8227569327039674
47 -66.08915989884292 -87.91378583459655
48 76.21057040353742 -77.71198700506437
49 97.43139654317432 4.955965151657594
50 17.037623152088315 5.624720002217941
51 11.015815391360078 -90.19248930416344
52 94.48511596837113 36.621510627234784
53 29.83000168670847 -56.54033987318581
54 17.367904785170253 -20.205225328362687
55 67.1938857761271 71.59532133171643
56 -4.925538622244716 -9.513517681836106
57 8.06923626591356 -58.756893411443855
58 88.54373270551551 55.618049611746414
59 -94.37358242259022 18.678301957424523
60 -96.19119326326542 -24.842872279965405
61 -22.233700433464378 7.871323928561537
62 -55.30923023120402 -21.336187481307817
63 90.20017708866331 -54.09901605832981
64 76.57745321113617 -16.803296113657055
65 63.66694787792596 24.288750574465354
66 -30.17647733414826 -57.97650557856397
67 -24.90646138683772 68.99950358911465
68 89.15979896179402 -92.00536524602
69 35.98099398926587 -73.10693707115101
70 -25.398638025476146 -58.89711494032122
71 26.025303345694212 -47.2998988044218
72 19.695450403664495 26.66540320885757
73 35.958513710556105 -31.865100185892388
74 94.55182757164602 -61.27069653495896
75 30.822363369920396 73.54660656338808
76 -16.050225854528662 82.71552026380988
77 83.36303280620882 -67.45032313027255
78 -85.08253235267631 -18.020062681008156
79 46.96246963061026 21.363182222663113
80 33.53109054082191 34.88482191920633
81 -61.50207324911277 37.12783106564001
82 -42.71753373084859 62.137625872347854
83 -16.251663337076778 -6.741430472700415
84 77.21578801283243 -11.431696701482991
85 -58.55770373538185 94.92963954504995
86 -86.86469673185064 -40.81964996470562
87 -33.23064663124329 84.07811334180298
88 -64.46238876273136 76.22481066472366
89 -98.84742065097139 -29.1490395890158
90 59.52369394348892 -37.78935667201095
91 82.30714603337933 -72.79026252796066
92 88.79730846892431 -96.82125124424617
93 -42.91388639210014 8.446076922862517
94 -58.041922310237794 7.231206672208941
95 -50.658786301463856 89.65023149267037
96 -71.35099714504732 25.221158317501533
97 -13.99706211390388 -43.28606241696023
EOF
