DIMENSION :97
NODE_COORD_SECTION
1 87.7073840895722 -75.37025589955475
2 -19.066182758362515 37.52832143071885
3 -19.87690779799658 54.25658578511005
4 53.28256202436336 -36.469692246641515
5 31.598202988958832 98.89768767979518
6 -88.43089654420156 14.27504125882595
7 -95.90958422279647 70.84593881296632
8 -89.12027960453115 87.9542422201693
9 88.455202001662 13.292623332671553
10 78.22496972479638 -26.943171011943946
11 -10.887970226543203 -76.65831269198777
12 -66.8797570353806 83.06126133068733
13 66.56982457092656 69.87209955061087
14 -21.752163154255683 -41.62113847010518
15 -96.09335912715133 49.3451966737336
16 13.502571551846955 85.3833723865535
17 -91.97493619792019 -81.05703943056272
18 -62.92553464080248 69.27598696880654
19 -17.51857569348492 -26.037631349592957
20 88.82364693635583 15.69921121182189
21 -84.08647114479106 -4.8201694222706095
22 64.0541513275889 -74.57306193231955
23 18.56808135560233 81.9389622518888
24 79.89488707626242 -12.877845081019885
25 -90.844399914412 -91.99611004953906
26 11.847561163998549 65.0678936191216
27 -94.76283849742448 -10.240637253559655
28 -65.33704421251531 21.94087008746817
29 2.573911674492635 -59.87186496760077
30 -0.4415153267046037 -8.888402765171733
31 -57.653207019388205 96.61490117173582
32 -41.1084432871351 -81.38144599681851
33 -40.119521275862866 -41.82459983236215
34 9.754753430192721 31.87828265337498
35 84.48221655338003 -56.851865416824076
36 69.56053286115122 -39.64286072656744
37 -82.76738035747853 89.27538565391225
38 -80.46544551757673 32.844688174332646
39 52.04222007934314 56.879179094840964
40 56.138469294018165 6.632643469935445
41 -74.9859928168002 -32.453087796454156
42 -24.205588164449836 -54.18263689455498
43 78.12883740044632 13.22048058023384
44 -15.114880526113069 -40.891986909559066
45 5.497071981447974 4.371730526293675
46 74.85509103959325 31.93654138021273
47 -86.10349999358935 90.98619108806739
48 -68.66017546148065 43.32962113984567
49 74.04297125243633 -13.633957459061378
50 -43.398361760773895 44.916879109919364
51 -34.98307098142675 -48.697593799855674
52 76.15226538665593 -2.3862755919650027
53 -78.50455664956752 -45.043965481299054
54 73.29385818155524 10.931171785026294
55 81.91598127646745 18.82457294761612
56 49.41170342962698 -89.47090214018816
57 -94.57527341803014 -28.536321496904222
58 -56.79658278873738 71.54346858937618
59 -23.56127037949649 94.16822963535307
60 58.63103350192955 98.38212688219724
61 47.87786148189082 21.60902929360971
62 49.2338951186332 -93.90228108635858
63 87.59901052545328 -23.540584497081767
64 -14.458128159075414 64.11058225503527
65 87.29155643531575 -36.664731132517225
66 -7.320029619868421 99.96822399019428
67 -30.930294232946267 -75.08906309614815
68 86.85692365249324 28.99233921867875
69 82.22390754224108 71.86275681940546
70 62.28202242391484 75.07817923756235
71 -78.93003107530905 38.330757896300724
72 -15.844133416148935 -21.424724064499017
73 14.561249465365393 -14.121641935073526
74 28.73239953493868 49.092519141885646
75 39.305718536776624 81.46880176447965
76 78.05106763604948 14.23464401144885
77 89.8563104386728 -91.2337636480766
78 24.78958685821189 -60.30866314750598
79 -96.38044940275063 -62.89167145401269
80 -28.21071807948809 51.76408527962107
81 82.45397648957936 -31.213583881629432
82 21.15655738752706 -19.669896269934227
83 -20.9935705372841 -87.19175189984745
84 -60.5543268561245 -41.59336927454538
85 -76.9390710507454 92.1073802169104
86 58.27947930346173 63.89298635646071
87 51.65129644761967 -18.797482598842578
88 -76.13364660068135 69.73187512701318
89 -23.58465443501656 -7.401138496801025
90 44.223171326454604 80.64543111039166
91 72.64495666706773 82.76295327890597
92 -0.4842908670456154 77.76558133357312
93 -93.28702451722037 -67.70881031415219
94 -21.220632309958205 -33.10762210697884
95 32.03438489481968 69.93163164312674
96 85.38476301753451 -68.22199538645071
97 78.4457858646964 -43.59262919355788
EOF
