DIMENSION :97
NODE_COORD_SECTION
1 15.386926976098977 -58.53632004253988
2 -27.780022508658945 -11.883779118727887
3 -17.879897468885957 -30.983131282742704
4 32.12908241257762 79.39418200021024
5 72.3810304658991 -13.238330809907922
6 -91.39503322065903 56.14500596315938
7 -52.15961671197604 -18.318826753003762
8 69.19221728916423 -58.026963415354096
9 -53.52745649404154 27.2933340641695
10 -6.669902494130042 90.64830677214147
11 -61.94292009698346 82.49696077360912
12 84.41193683201283 -88.13354229678067
13 61.85884314583913 -3.378651891126225
14 -85.42445079546626 -74.72653389686128
15 90.02318385374056 45.124160781076995
16 47.030662072602524 -49.49945769123272
17 58.074158570365825 94.79616706924611
18 94.20574626202963 -44.00637511026222
19 -16.994785507143504 2.9955712554063894
20 64.72333282640312 35.71093395376525
21 -50.1965180134069 92.34867841075231
22 28.18936537083931 -39.69881099942791
23 -11.149753770687425 -89.48224943056742
24 84.00882158546216 -41.83596163626948
25 -10.50818486188409 -15.949081749631006
26 -41.0837697377334 21.833412065144756
27 -0.8234777889694698 -94.00686895650621
28 77.63644468034298 -93.58646826570892
29 42.90516695438549 58.851124166018906
30 52.06748706200642 89.33635998695425
31 64.34382601014934 -32.33045745993692
32 16.603836276142346 94.49836519743334
33 -62.20061519825801 -97.61069334549177
34 -99.30477810262606 -51.12648837408711
35 -70.6401180953024 -95.6765485754593
36 -25.537631934128697 -64.01149756994661
37 95.8531737490652 98.49969858687646
38 29.16782022106409 38.18523001548027
39 -98.12094192414504 -28.216883338661034
40 -38.43349013396953 -81.61531227235875
41 8.021557678107953 46.10621923771157
42 -80.36271240490045 -17.894639913381965
43 -62.550396918461914 56.79797284781014
44 -63.0768097019744 -18.221537855286954
45 -36.53405855379761 -42.082719055096554
46 -66.31521181353031 -22.058775483109216
47 77.16564373187228 19.66041364294395
48 95.29755723060259 55.67866989052342
49 92.21712776918349 -42.67383412652899
50 -48.19932414758497 9.723224502987435
51 22.880247742973324 36.98630476489444
52 -22.76865233132372 57.91072473573851
53 31.727470383961958 39.92320110215593
54 3.3552219127956278 -79.76967845466334
55 85.1357658835561 36.06039554391393
56 -0.3699463228730764 -90.505107970354
57 -22.531543936170607 -83.97399429998174
58 9.716342799703881 19.697680058780207
59 -11.032313044663127 -37.8470283842004
60 54.575235585970006 -30.5901841495525
61 -72.27006868140032 0.6340722843980728
62 13.170524231180082 -39.88736188049886
63 72.73830823859683 70.21391029184977
64 74.0181586346605 -56.85246056237041
65 -17.222755999073186 67.21388371178747
66 -85.6967593711575 54.005359177860726
67 65.15641749097074 82.35044691776409
68 -91.98896871375268 -31.033708357674428
69 8.522555884038326 -68.27912641342223
70 -9.5049231428969 66.64031565606342
71 75.63927273955085 -97.5051340884508
72 -85.86790561517093 35.74729797547761
73 24.866541297929018 -16.735567270657953
74 -81.8101475061029 -39.48506509143779
75 83.1731251282022 29.668414362051777
76 -94.23919190541173 -63.638216808533166
77 -71.13323783807613 27.8222598588048
78 71.59090951699761 -78.92838640157993
79 58.82848612356037 61.24760270434771
80 -43.14063059742232 10.4545566073553
81 12.88897175355821 -38.58975776211824
82 -79.55803654637651 42.52935497161755
83 -92.91350091945101 -72.3607217295393
84 10.916862257832477 -19.449708038888673
85 -12.10247122679246 39.11417496875447
86 -0.4514149999039745 -97.25871276341339
87 61.13252557380525 -50.22945466544393
88 91.71222991561461 35.3888259537365
89 72.04126494149807 -43.61044315857316
90 -27.303286350630614 -94.01567799869088
91 17.273307985966113 60.79995172375348
92 -36.44766867377265 -35.60426221960556
93 -45.308992939559964 9.035659662019228
94 -36.37562386856612 -77.41281733694645
95 -56.36609034371298 -16.543917331070347
96 -61.35860518315512 -2.8056047853403783
97 96.08498799683804 48.250226684420966
EOF
