DIMENSION :97
NODE_COORD_SECTION
1 71.52223683039762 54.11590498630957
2 83.11757672176896 16.168784320660222
3 -98.37184654473701 -64.78788283053083
4 81.60133501272563 -74.41932290238316
5 59.720483500269296 11.576162720871793
6 -84.8453782943716 46.481510037202156
7 -10.804391187797037 -73.57364675918008
8 -73.03703392925556 8.435792892255847
9 11.309158497911852 -63.73283591979242
10 95.57292136787856 -9.765053577955229
11 -91.51729926584848 -89.31884044417433
12 67.90699812190084 -7.768501793065113
13 82.51067041798456 41.275665244548605
14 89.55741779806519 -43.362764155512764
15 -63.42502043943548 -1.8065015650765162
16 93.47311556653452 5.932932348394672
17 24.701439411863873 -81.11364101943097
18 -31.493870946144114 6.451467455212523
19 -11.731532029533213 91.38836576699228
20 70.88492398265439 -67.6398385463329
21 -43.594649437751286 -96.88363365603033
22 -35.466052712154834 -95.31780775094975
23 -74.40633546552587 -33.73731757905193
24 -19.739957548004554 -89.33892131940732
25 53.51228673885592 -97.86495421422366
26 69.17813594843386 70.68624057160875
27 3.1426879115633852 69.33752049911712
28 -7.649975982776056 -86.8383041010241
29 55.37803332202412 -45.52475139794132
30 -63.53828717037913 42.11408742480509
31 71.85597663945998 9.104990439949859
32 -25.533699641645583 38.00016797736944
33 -65.53824148086456 12.942367968788517
34 0.47100483726860887 19.088080216721153
35 13.924638347489093 -29.124015407521057
36 59.74839520521792 8.95073951368883
37 -72.84264578990651 -89.87262542346288
38 -32.39639255972007 -94.97631956650108
39 -68.53517689237611 -66.06490716072753
40 -35.069303548639226 23.843891029654714
41 -26.525133621258945 -90.56989286942445
42 93.64302722366708 -89.49993780909034
43 61.620299689196344 19.908818835059904
44 -8.235993845761499 -57.011073368669905
45 63.228286655410386 95.4990628851424
46 -94.1838146223456 36.586250435748184
47 40.74948873359887 -48.746484744206356
48 97.24811219348487 59.005239922612844
49 36.385923596677145 -92.0060301115122
50 79.99013355548473 4.0290925808553055
51 -9.64674172568904 48.769120431724815
52 67.83165888664965 -60.5314566126808
53 35.23962373739457 -27.422689888464276
54 33.164149503258784 44.70928955728721
55 -52.60034335757382 47.04508942728165
56 82.73555288360373 83.77826375404786
57 56.049119155607514 33.04116007339272
58 41.413496839252076 21.771742814531223
59 11.701874771968207 56.744648134928696
60 1.5561443861029005 -14.347595049262935
61 97.81767770810771 38.475465982480586
62 -56.55888973664636 -5.163534395970586
63 33.00570384225395 52.633720232428345
64 -38.695533792691485 42.656079672988824
65 55.85539079175808 89.38415129895975
66 -60.106582441618194 -3.303677472510657
67 -89.55732254641893 -83.73931015664706
68 -81.96228441654077 4.170003722491614
69 -42.21372074130378 -3.3448456342887027
70 48.59658797612775 37.90782035326984
71 27.005231328722815 -87.80664875961457
72 18.23932234725399 99.20516159019681
73 -10.344487892590394 57.290765701338074
74 25.869446682087684 5.681224513133714
75 -8.299967516395455 -73.28083478211039
76 -64.89623993706667 35.46991508883778
77 9.792973712088738 -99.19554650046372
78 14.069265875580328 -26.523765286531912
79 -87.9641548676843 47.91521370642252
80 -45.11758457958639 -88.90416943532755
81 98.0894250384192 -89.80955886994657
82 25.526769116758558 87.70948662268401
83 69.50205099716092 -84.00602029374878
84 48.44673358322132 -69.57159142381222
85 -61.658491980736116 -28.627695838261815
86 23.026489441754094 47.98012349970827
87 -79.30580424074785 -77.16869910082127
88 13.224917534679776 65.28904074347815
89 81.32185492967338 -44.96320145116614
90 6.988828228276731 47.2196436305189
91 -3.2572685255900495 -10.41734767205243
92 20.6683648444246 53.11437318568812
93 -13.769455515904582 -15.24079014723658
94 -30.489992453028506 88.1723911172746
95 -76.29875228627881 -98.70588306666086
96 -45.59578920321727 -26.620600239884624
97 -11.815852876288062 -4.673554428630126
EOF
