DIMENSION :97
NODE_COORD_SECTION
1 67.84822126196809 -63.1588891648257
2 -88.77644183128857 99.5060306759161
3 68.4484363307595 -82.8708727621088
4 97.75816626250477 10.80401573360885
5 66.97395645119809 51.15761749703506
6 -86.78075607379816 58.22078184685037
7 63.41624428717333 74.29880666450958
8 43.13247566539127 83.40804694043428
9 27.95013285857759 -52.33111159957051
10 -72.82072753537486 -66.11285047343807
11 -36.46865209709333 -31.919873166622082
12 -30.961718083057036 -21.80122341891972
13 -32.60363699521656 -47.32196943787292
14 -17.990261656695367 -17.747951366218345
15 88.90723744082999 82.86450365641969
16 31.634762586880328 -22.725382481977135
17 4.035541762163945 91.52176720924456
18 -25.001647877735095 -10.195593724530312
19 30.881206231203322 -91.78391604170606
20 -83.8686271817673 -24.54721738991472
21 -4.026430920465614 38.974255059106014
22 97.90333837184161 0.707886818810664
23 -72.29652462792322 50.39001081718081
24 33.02444905544834 50.83605681560667
25 -98.9130527131176 -47.76859837884724
26 -59.74818308785517 6.978231525818245
27 -12.837668620099521 28.384418427830752
28 -3.378582670545512 -68.1727102280721
29 -29.325437310598474 -47.117922367398066
30 -57.49610477832767 30.811476918293238
31 91.30161369438144 45.932355275776985
32 -16.49116260827448 -85.50210574690603
33 -63.47013346210251 74.27230756022502
34 -78.26123969592776 77.96932870686723
35 -31.61335171212818 80.83987389968848
36 18.620580299583793 34.216621751568624
37 1.5897069704579252 -59.3311503287775
38 42.51894877851984 91.12787051525731
39 67.27505518040994 83.07662163133014
40 86.56230368956614 -54.55517242982842
41 94.3160910874229 94.62831268055947
42 55.58914457746823 82.09593638752813
43 -80.65148432011493 -76.97495606976257
44 15.848565554448072 13.604471338059867
45 96.96709448187605 -61.021933004222404
46 77.06564278410275 71.80934270076409
47 23.16188691531235 -18.705401222435185
48 -66.2912219863385 -27.07483184502466
49 7.913180996416315 -90.18473106999755
50 30.772830483375145 -82.99272282149073
51 -63.0342013434787 -78.49287794157824
52 -60.88178178693957 -45.82356057996717
53 48.15518430110117 -53.06982605222539
54 -73.61712766722084 -47.50298470459573
55 -85.74092918558868 37.459654480305005
56 91.71046324665909 -63.80849313852322
57 -27.79978742679461 -21.93998887917583
58 -3.985139170339849 27.91332584336999
59 67.52716559123283 16.070945952862118
60 64.22735447758873 -74.91116604202257
61 93.45168466031774 -16.620308284035374
62 -38.050287141464146 -32.12129534267025
63 95.3228860151772 7.517904763228358
64 56.162823878226334 15.09764650918541
65 -15.730197779211807 56.63555703700044
66 -41.88300052046843 -65.5292300413868
67 57.84566744906812 -56.031752294693305
68 16.256865090559643 -65.10626361610414
69 60.858670693396135 -70.67150642287905
70 78.01005759663167 20.903037290187626
71 -63.82439026755491 98.31557826409772
72 71.49577470060149 -66.64823618773644
73 -86.86366366265112 74.35255354844887
74 -28.314496588374354 55.32528084199021
75 -39.681443686303666 -75.67682863480849
76 -89.72493287267665 -91.37971374550207
77 89.74397156599062 -44.50456582280913
78 -35.4964664446465 43.649825800376675
79 -58.7815321306884 69.58267539925015
80 -82.61882479112413 -65.57416200904325
81 98.3504802856798 39.20699704442558
82 20.265156153870436 -69.69004681201368
83 91.89332375122225 -97.30595569573539
84 -91.55170332680107 -12.48777560892664
85 31.408777814956323 35.042140627841064
86 -78.59733529455404 5.856659010026078
87 72.8508121703446 -53.927135778185644
88 -38.453458210843316 -69.878667345705
89 77.51993513907053 81.18418199248339
90 88.87957004170707 -59.69991820639138
91 46.94004692764193 55.791400921158385
92 93.55774089518357 51.421704936853814
93 28.561538932542902 41.455118900357036
94 -85.54372804359794 71.1017732809218
95 -21.204417968365988 39.859599562612146
96 -21.0049761117902 -78.20889437790998
97 -57.26357120738035 -69.78110002526768
EOF
