DIMENSION :97
NODE_COORD_SECTION
1 -28.37628638314517 -11.450484608716138
2 -18.060133637914277 51.56137320832116
3 -49.43269564768236 -80.33000755097154
4 -53.16474618769451 -74.91143986381542
5 31.26471937417122 -63.015418989211035
6 -68.91846698234806 -15.324472611857189
7 46.71664746252412 -44.457805066418345
8 -75.0096571062074 99.23097427182032
9 -64.15959035376576 -29.602704671089583
10 5.132115241414908 -76.83919438405215
11 -97.11886895291806 -25.2383248701135
12 -3.643855494950074 67.41654251554573
13 48.857489284182265 50.485390425343155
14 -9.03199580986849 -5.183197772854342
15 -9.15586556101971 43.20204127593078
16 -1.6141514357226328 41.52789690858188
17 95.24432376423954 -78.61235402735076
18 24.573616300732425 -5.871442374169035
19 -57.1921144687918 -63.25352400673272
20 87.77590428330763 -89.52706835513911
21 -83.99877770002604 52.75123054149216
22 65.55562240979734 -37.39499437562242
23 -46.562416859006085 -11.17103935219015
24 37.862299429097504 1.2666865222262516
25 -48.57257405747228 39.598376223084415
26 -58.164653471523444 94.08085429843612
27 9.31027742316843 -28.27204364271742
28 86.2731734086004 73.27974411824206
29 -86.9190334179671 -24.601353174962924
30 -12.824328264309742 -56.11194052810542
31 -69.07519425138614 53.01877545195009
32 80.49405432866473 49.55936276257583
33 -45.3722844996719 -35.247037705804146
34 -55.80134271295651 -29.196809237667736
35 62.42898982161577 -81.409113118987
36 -80.99808145953901 39.12963070785415
37 -98.26417833914083 -7.904251598869564
38 55.550119465670264 90.67691933698413
39 94.22039890266083 3.6364355648967717
40 -64.37563270956899 54.17687698200021
41 -48.82816694609404 12.821375829976873
42 -84.13254671186547 -29.348086101299018
43 -46.42313744124309 23.01617001198531
44 -75.21984375983513 76.02655726872771
45 99.2546938324378 -16.75884510971261
46 -92.79309860199916 42.87531593739345
47 -51.52695176136981 42.40907757153781
48 -44.742721400116906 -26.182061783948967
49 9.823941849177558 -4.222823345541826
50 90.58657557241 66.61212397981308
51 -0.26067863245322087 -18.348029184828192
52 -29.81505358359287 29.782731464260934
53 81.87828889936492 -64.20080925853273
54 76.3014356841555 -82.33427805184863
55 46.71910938179778 91.67525140296112
56 20.85565734925001 75.0340380461285
57 -72.95913493356917 -73.48917305823008
58 45.666482370764584 -65.98825424025648
59 -38.418909784391666 -3.5588886821910535
60 32.05358865769824 89.77176190136694
61 -82.9926204894688 78.29135537443238
62 -53.15556767192764 -3.4483798640948464
63 -42.55760165169751 -58.70954704155906
64 46.54559960983221 -28.1892287982718
65 -88.86655517551844 -91.10071209899668
66 -62.58586304985836 -26.108068560017486
67 -74.54088919004427 -60.895288021242735
68 -53.6089025525986 27.338101829329915
69 -75.68270207446915 50.94402293778367
70 -3.664083624530633 10.05596702252862
71 -13.95971775071007 -44.31109838320933
72 98.72698106227608 -12.19463601458321
73 -54.66580708027764 -86.96817105958586
74 77.97018738050468 -15.966372873179196
75 -10.658257711790057 -74.2179182274809
76 23.683933909669335 6.862704386680534
77 -34.221311523532805 10.99238807395082
78 30.80550204612419 -79.92406298538017
79 -49.804032519895934 41.101537305109844
80 32.0903324679152 -58.75951944400608
81 -70.22886653771543 -64.40786575241344
82 -46.447643733420385 -22.35952883636911
83 52.634188942243696 1.8268732791912612
84 30.619968754306683 69.48496241178032
85 -35.415490703658676 -26.859308036192118
86 -88.74106579960504 99.8938978250566
87 -90.84291178746045 -27.069686879154034
88 -57.960082718227035 52.45427875763477
89 -97.65202997035244 45.39660694777771
90 -15.89489548063878 49.67788873747722
91 9.910211108551167 36.75945658675289
92 38.214698772299585 -10.519128277645606
93 -47.016715195859284 85.17865563522383
94 71.53087180800887 11.844669340673804
95 -53.07949868716095 -16.721313350375567
96 -66.4769096166195 74.10670506419979
97 38.530435776664234 14.08896769799071
EOF
