DIMENSION :97
NODE_COORD_SECTION
1 45.77207388908337 -26.883216728797635
2 -45.36627472064269 8.698965292801589
3 20.14049026909494 -33.57180075727402
4 92.12850215752161 31.1982097271717
5 39.50194145601131 -18.407113859784644
6 71.43661098901603 40.718649042005666
7 -41.526037382811154 -71.06950122623601
8 43.82720683077187 -74.51499679482103
9 88.89923655962752 98.37312375626556
10 61.68869145730122 24.90114687540843
11 12.78740456771375 -63.08595065923242
12 -32.97431669785536 61.43050756181577
13 31.10379193228573 -41.95242750169046
14 35.98413438204787 87.56379912903228
15 20.26171161050563 -18.722832920054273
16 55.655862341233245 57.37723739640134
17 22.2766300268962 -19.566482987679606
18 79.14025077000565 -46.52650046050986
19 -70.1080366557201 31.457924331378138
20 55.817480486630615 -47.36332409507795
21 -55.41207243683361 -6.529340038796192
22 66.01419480885781 97.32165548149888
23 83.23635478312752 31.35792953412883
24 2.7190564281299032 -44.86270710662392
25 88.26598804147525 93.77508946948547
26 37.732255117975996 -5.228111341421226
27 56.55430249941534 -2.6220217264479686
28 85.60954302811899 84.34849875124456
29 -56.13648259483271 36.2581166249347
30 -64.01203431026391 26.986737806980727
31 24.489949630831973 34.97170907710978
32 -36.64300010441968 -11.613322891630617
33 -10.102548906604753 94.21637330594584
34 -56.93463011359261 42.53963763887006
35 55.45733624763059 -59.87636626157384
36 -96.6695466427675 64.20963931913667
37 11.01852782751753 -18.7007128328095
38 -74.75643105310724 30.61838045051087
39 -1.1165066195191145 -97.84230188236047
40 -33.75874553344613 59.80567776991822
41 -68.13308053205952 76.76031660178162
42 -72.76107735899777 9.426336111596953
43 74.46565716952358 74.28266124139077
44 -90.39986681233701 -12.716488020162828
45 1.7701525175461938 45.39805506188168
46 -84.658956043649 83.68768007484047
47 -76.40105958880517 28.280566369682646
48 -67.55373315462268 25.76936260533887
49 15.439563553371173 -6.406419894584332
50 16.898965886377468 75.16287680975756
51 -66.86936140809635 -40.25549606390306
52 34.0045118045922 -56.98260781566296
53 -95.17848328790417 -47.14977937418572
54 -46.18643292972513 -19.919342131049618
55 91.59744062990447 -39.728070402208004
56 8.927159683669956 14.639802864712621
57 87.25968958600271 -67.75797326463575
58 17.69266564577137 -42.607241617899305
59 88.10182423246056 -76.98014497905932
60 -48.22359866234889 69.86277183840664
61 5.124612441596966 31.177155992227227
62 -15.675076800151373 1.7576765179495766
63 13.983842014646726 98.02803307699949
64 -6.596245882266686 -57.2854331200515
65 -57.93322841210558 -46.11750528562584
66 15.128865360321015 -94.84035926667622
67 77.44456189561032 -36.283492770466054
68 41.88270865852027 57.55198545775829
69 51.04948415831308 -82.984321103335
70 43.23323094882335 -38.93086273366604
71 -8.722550124975086 -69.03628317755201
72 -49.34913886970165 -72.16854167305144
73 -20.682211922052332 -8.18916801579536
74 -8.155054192683366 -84.94886052056161
75 -56.136132191527025 46.171410330168925
76 -13.482217262504804 -2.968959951881999
77 -74.54033376112761 -27.83577574866021
78 22.560907886685527 -84.27261892131588
79 -86.41097654167655 -90.27737168390601
80 -79.80518657557607 -99.37050825970417
81 13.715757758168053 -89.93385727277806
82 61.279911001975165 69.99886398865144
83 -63.165450090811134 76.23900964996545
84 -87.99687753344982 78.04877238984508
85 -79.30611422786873 -90.21479527049325
86 99.37089235272563 56.434869893723516
87 -10.295970727213358 53.04366037873899
88 15.416236319430524 -86.53385448640059
89 -60.35541108596665 22.211321990728933
90 17.753761177493587 -99.26526373933501
91 -6.362381600220928 63.23582837079903
92 -28.906738335381192 34.402168324209754
93 -82.5460185414625 -69.23633086167138
94 -68.45088267934256 67.16861667929899
95 -94.92785632251906 -10.21633067831398
96 14.059109822933124 46.99082831050413
97 -50.48989009136735 -29.73020056212519
EOF
