DIMENSION :97
NODE_COORD_SECTION
1 -74.15146231990173 -24.485122119087848
2 -52.641785921477165 85.10622841515055
3 53.664320361199145 -78.90740460827715
4 -48.378378667320646 33.10917959536357
5 -47.67751724184768 27.210112146939423
6 2.730695586986954 88.45095123985251
7 95.86738009568089 -61.63858296192579
8 7.0390270758662155 -11.395066175779561
9 -88.18290789715411 -43.852190667488536
10 70.85231406025801 86.78919738764844
11 39.9872984811999 92.34807869597935
12 -80.00586955981794 -17.79608728214326
13 -97.28868041310177 -7.09206327869569
14 -80.88678061694212 61.510849446321316
15 -64.73375381362379 -88.99581202491756
16 75.18672985970082 -77.61365821541715
17 -58.0835578679836 50.503204557707335
18 -58.09979569427248 33.76793273541179
19 40.83739841524786 75.54739938342638
20 55.06188286856499 2.45429107254553
21 -59.715545448581395 -12.33264369165714
22 23.93533336640867 62.0067262649398
23 48.72240582308527 -91.26859932868676
24 79.35093360550337 77.43997440490477
25 -36.76630584744138 -23.791562613530658
26 -63.31651797165887 67.97881125983125
27 3.37427733486723 -43.36602641339511
28 70.25955304784534 -9.803841781672801
29 61.748032749146745 -86.16677004770206
30 -84.51507133757583 95.13744174467183
31 -72.07807353869156 -69.63060250670719
32 -84.04102627927246 -24.4250006931632
33 8.90585228709999 73.84912261357954
34 -84.93070525790706 53.32537804942342
35 17.27262153145776 -75.86865117883391
36 -44.96326451730071 -78.39852941441868
37 -72.90497002519234 33.14969949703914
38 91.10713532308347 53.66046789294444
39 -91.77137727080444 75.9727123199018
40 -45.43689225785401 -83.45232817518621
41 41.07025194035728 -30.109761461138973
42 -94.54470214868118 87.52527832760708
43 -13.22582964327313 87.72838108948554
44 -95.5704789029867 -39.18570079241186
45 42.008814250881755 72.25943773747184
46 -97.24756071165888 53.56691568035657
47 -57.310792949820645 70.48740324575684
48 0.6151961039936964 -27.47455003793678
49 -2.2787532920499416 49.753539845315686
50 56.02087175158596 -13.386575309643177
51 31.645943236105666 32.020711635412226
52 40.038264916755026 65.74308211551389
53 -5.827041512702706 -11.640818306550997
54 28.931002979286006 -7.587142215032316
55 -45.055355916348816 -27.42937690409235
56 99.64759883134658 -69.79264520522541
57 -56.52684688003438 41.0511758785521
58 -47.61538516700898 42.10142804593994
59 -82.95523040707118 5.408461393765322
60 22.411615126620887 -8.490915816403557
61 43.487308740699746 95.01148097072783
62 -36.92673150076864 30.30686213954752
63 71.04780882145823 -31.433546916175658
64 82.86032541163829 80.60058377501011
65 24.229427887300673 6.975611185051363
66 1.6680304294813766 -49.20673009500503
67 12.288015885133689 44.15019528864386
68 54.83680797080922 -8.448853619082897
69 -33.8096963970502 48.1127401851258
70 18.29681215029821 93.5537914160835
71 30.187315719888034 -48.36201677860315
72 -45.88553980394274 -43.54662157752658
73 -74.24188211608431 49.84574847149102
74 -17.03445966546684 17.257214530835626
75 78.53060065156185 -68.42687491189012
76 -21.463817695681243 -83.61331580337641
77 52.88752832757265 -7.982541407671832
78 -51.42056314555295 -99.04513602280292
79 74.3176961909584 -13.944350088239958
80 18.331805216295024 -82.6558819070708
81 -63.826442466972736 24.809324020584313
82 64.22065948029726 -71.04600477734901
83 -14.651754586200624 92.43954634489742
84 -40.73001915000178 10.02889202523707
85 -39.51347097386731 -34.181227278408315
86 86.3385069493055 12.763939041566715
87 16.695738188498026 -43.3581946070301
88 51.300798531174735 82.42670091803541
89 -87.67571769519931 -36.29844678830641
90 -14.49149983666507 4.021240458931288
91 56.226968884135744 -77.53042948209247
92 65.34537706658605 -95.9397377094808
93 -81.96210859511821 69.7852111162608
94 96.41655367099898 2.3000692767241304
95 -10.676864589487025 -96.62844669479797
96 10.888670850256688 -89.16785811886999
97 50.08724028192856 -90.93996342296997
EOF
