DIMENSION :97
NODE_COORD_SECTION
1 42.32125296028647 -9.235036946819093
2 15.311264243836106 -11.785195321748532
3 12.815937872371293 -39.475270072244605
4 -46.52010556489883 81.06896215205794
5 -37.25751636038104 80.39947791277913
6 -52.269514492298974 -71.41087231821987
7 -55.7308870072482 6.713829018115078
8 -36.478306318766606 82.44805370420173
9 44.15346870489137 1.2052825246164502
10 -24.38880306253563 -5.378482630474068
11 84.46899971846437 54.36913749535904
12 69.78891334111339 23.83919328332918
13 1.6831674336270197 16.307133212637126
14 -58.02863489215015 9.588687960516282
15 -45.14968293600836 18.313403468409064
16 12.31470377454167 70.83209391532426
17 92.78382295999069 74.09551217337912
18 66.73042403828754 -67.1163739494277
19 70.4235031434568 86.44228139276973
20 14.164359034509857 -36.564169319959674
21 46.21595667956865 -46.685741122184155
22 5.226129277367519 7.511026680486594
23 15.176996662155261 66.74676202252522
24 -3.767275238771333 51.1536227511767
25 -63.593041996876984 28.619362706233233
26 62.4565613175761 -85.03197423997511
27 -0.8188527395618337 69.25992846179895
28 -34.65518641013523 -18.853969442061384
29 -61.66060374301507 48.0152333242161
30 60.703442577147484 -8.583594528825884
31 -42.44995718731748 39.33428665093683
32 -1.6840881093624063 18.38876592605783
33 -51.874567387682326 -36.42535613664688
34 8.193067041371947 9.052566248174983
35 -98.58250515457469 -91.3441163950541
36 94.62738491894683 26.731388306615315
37 -95.57653966896895 -93.15136787770469
38 -33.548920184117236 76.5815179536838
39 81.08346272681536 -19.598471205325055
40 20.374486545923617 -10.236880777085958
41 95.8533020367455 50.37255932212591
42 -35.99266435119462 62.701089971285995
43 -28.512912243997235 14.945306656295259
44 -83.8576357442016 0.3920465537272406
45 -10.433775081077684 -53.32534515495586
46 54.10713476905232 -3.4973260715330383
47 -59.83732706108342 -67.4793386531035
48 91.46654024850511 98.0439612139831
49 -33.87408070572417 -13.806784802117605
50 64.08503082497626 -51.30527589776297
51 -92.16518316804714 99.24430580674971
52 78.53413831006858 -17.61294536215661
53 -4.1431689263142175 65.50875135678814
54 34.0574988398518 -52.444776576728856
55 -38.19104173613033 12.908187072220144
56 67.78205235257587 82.48876879906953
57 -58.1840019709251 7.297367473531381
58 -7.409295838001142 -66.4805451302984
59 -67.6864373308467 54.945764370230165
60 98.04834863802057 -89.68901305950226
61 24.5446567288312 -76.58848838219106
62 -33.000409709440646 6.309228051896
63 -8.049746963248452 24.978881112087365
64 23.933164643045984 77.44991784227815
65 33.75593245889746 -37.505524586678085
66 -24.065382548175606 68.50989928924201
67 -11.591929986161276 24.351414301888013
68 -66.97470921936815 4.026791765241725
69 -77.88523872106575 -66.46518546556445
70 1.9122997716658432 19.501378193639155
71 70.59814479699887 -94.94398325001879
72 -64.3492558706501 -1.364283571298614
73 66.2663699417231 -53.233053778207086
74 -8.554134531611666 -96.35062587589988
75 18.365060247574917 -49.539830120624416
76 99.79958148099419 38.254916957296075
77 -69.73042839630617 63.32421946332903
78 -19.567753973915032 66.66317834517395
79 -64.06890703351294 -95.76219857918755
80 -46.112859842194155 27.027593417242386
81 -83.40898320977249 -4.949347095703843
82 92.45169344083831 24.026177139065325
83 19.229631136777698 -86.08728292317456
84 30.00605970834212 -37.18134287049413
85 39.816831887204586 -54.12238621899479
86 7.636209148108435 -4.594630647579862
87 -42.71602273953672 5.420101940627703
88 -29.674776240621938 90.45360769246292
89 -91.76230627463326 -63.82829404241652
90 -50.236893924609284 -91.05384931712274
91 -22.212138109610564 -44.907666700435115
92 -30.70804423861901 -29.454222371105374
93 -51.536223000689674 1.46008820638977
94 89.22988295813792 -70.64140502701126
95 -2.9561865913239274 75.4753710397886
96 -25.706322059596914 42.81819317883773
97 58.22566630104748 -93.060522599658
EOF
