DIMENSION :98
NODE_COORD_SECTION
1 39.18947758020525 82.14180264062185
2 7.910536150410437 -81.66501549971841
3 -48.86346988377599 69.7662346890105
4 3.1779892072171094 -91.73020921935921
5 47.33681410125726 4.000241146614698
6 -59.97902932877581 78.17528254037512
7 -83.28179990313845 -96.11302781942825
8 44.183708759871706 -39.09220603533177
9 12.619538294224128 62.0733908929127
10 23.333686231727356 26.926850405319172
11 -27.65847321054335 -64.6003555520243
12 75.21240200648288 93.54495426773158
13 55.39666988765012 -31.479905163401398
14 25.14498320474769 75.54953820661942
15 -61.57173250552708 -59.47211377659825
16 68.08566172261857 23.9071757950816
17 49.49499093853896 -79.15586571208763
18 0.7276864175453852 -13.82559093506488
19 -49.605857325280446 48.17166793952208
20 -79.19220915895156 -59.596537475415026
21 -17.07679102872939 -94.89744517582596
22 -56.413087026843556 -96.25470672675682
23 83.45601343904835 51.00748421594815
24 -60.4096098930069 97.61635808658707
25 -60.06382363889007 97.12429568414785
26 33.04251069390568 -36.79030568946566
27 -83.6327356488481 -39.69805775966366
28 17.031699219016502 64.29483986212102
29 2.105520934002115 15.645269463948466
30 -60.70560729505341 88.66525033781815
31 56.73766942164926 -16.655031236644206
32 91.60699781221982 65.25593100841448
33 16.05280508083038 -68.73373680193527
34 96.12706892655038 -49.13198186185017
35 -99.40602779701263 -47.59112992705903
36 -76.37370410058716 -91.39880060172906
37 25.501590709572767 85.13976741346698
38 -98.59046706222354 99.50879654350064
39 -51.16255258546734 84.13957244550835
40 72.8155411507667 39.65450692005726
41 15.30455862597168 -78.70787638811714
42 55.54686011454254 -63.33618855551861
43 53.254682467961544 -1.7137985563624625
44 12.677609880527797 -86.97285316756344
45 65.1020075120891 -13.512865978889891
46 98.03968295530751 47.82593025190877
47 14.737832909278836 -25.324700754309433
48 -33.21064468510497 -75.78328079046827
49 60.26793324742496 1.5374450942975812
50 52.30783542239237 56.92270555448218
51 6.370582696992557 77.33592629372012
52 -97.80907512465478 -7.854080576437397
53 -42.20004735278875 57.96993055444932
54 -61.06557391053266 21.727491837483058
55 -55.9638934538585 24.681891310844023
56 -34.976384418840084 -65.95249225574452
57 54.80933941778409 -56.048675631678016
58 -32.51347089478148 36.06985901084195
59 -22.796751133573466 -65.34263955521438
60 93.57250165717977 24.101770602634204
61 -42.732597869023834 53.38037266033774
62 67.06883472010904 -44.7484012344499
63 -77.45285947177987 -76.24791488159124
64 -6.129859296556589 -22.76738506137778
65 -3.335553314542665 -17.9472972033808
66 65.76642603450563 11.07453111548267
67 -86.93941131588905 -11.207475324079354
68 -86.98249540411449 49.468634492270496
69 92.23760819126227 -35.195248334541816
70 79.13297156102189 -67.11362712905961
71 -14.687585313842334 50.415084034062204
72 95.3784846881187 -3.7246285855725034
73 -93.57623058654066 -42.45710374997196
74 -82.1193969226385 41.05092755504057
75 -22.491003649644867 87.12774391707535
76 56.80418155846692 80.26499731772486
77 -8.806180581239715 18.064115108606742
78 -25.07234935666159 29.24886595984472
79 -38.98467777117851 -61.133697605349546
80 62.0432171135661 -30.310295801079732
81 72.92452767555432 89.57440283427496
82 -98.03940186432602 2.015265956270838
83 77.99173814528709 8.95151275222392
84 40.49432846653153 19.125039784284297
85 73.46424701803065 -59.18881882726317
86 35.666411802737684 -16.07971046684611
87 -92.19731975665111 -56.64665315635769
88 25.457512693446475 73.74941365407935
89 -84.95126884431421 66.6759601626666
90 -16.208461862393975 -33.20088647456127
91 -65.14637006263224 16.168613821266447
92 52.039950593732726 -11.373951069047578
93 6.72328758946054 3.2835183092030604
94 31.183808508225667 11.437469655126975
95 -59.48747011882438 0.2182572708470616
96 98.87295620641609 -95.60633301694862
97 -40.07247073593907 -38.66617911767627
98 75.97351257038395 -29.881031540509184
EOF
