DIMENSION :98
NODE_COORD_SECTION
1 2.2525337166658943 42.128355053276294
2 36.84766001468395 69.25142089312021
3 -28.35799893446685 81.1665990082164
4 -83.00802108569329 -22.72598598389186
5 68.88585285543812 -54.17154811111533
6 -35.86800729012316 -72.12606761620532
7 -87.52769959984046 80.3247832254138
8 -2.1312809863633646 79.14153978571329
9 76.2976973971036 9.93205952987195
10 -94.61315250270832 11.762837295305289
11 -76.88334889358981 -26.96775989491529
12 15.189297161611634 19.09966678222507
13 55.76347091316336 -86.22785761806142
14 -78.08086566280372 -54.8638658138753
15 31.927425902150986 45.62685957704818
16 -29.741600545189414 62.31403105327746
17 -17.009146599360975 -57.5594422440598
18 66.2448529628602 -81.80605183193947
19 -46.58431458476324 91.05734068138139
20 25.94931958296098 48.04293938450104
21 -65.60940552379408 48.44367789088997
22 94.3077651694077 -50.1363476688369
23 -96.07254573299511 -13.756842439222623
24 -28.996083111425833 -50.95616573136783
25 -94.67761292412902 76.99325217403347
26 65.64970908667073 -58.28072747961026
27 96.87327293542282 78.77290527756026
28 -28.88760684862943 99.10721174941855
29 -12.027885952986054 8.838802410476276
30 91.68885545970588 39.481441680679694
31 -59.83279807182089 -38.152740924277275
32 -8.070963498156488 -69.87579491467613
33 56.51667731816593 -75.45228042985221
34 -57.737912503592305 68.5042213961006
35 8.531530046873542 66.37284701851672
36 -70.81966506689128 -89.90583584784954
37 -42.76731435793357 44.139427880271626
38 70.58781175646257 59.65495700194006
39 -86.67651602799873 -50.88680935419221
40 -68.97845327937311 23.478367533660588
41 51.20521804795408 45.97975339868779
42 66.80543379513955 -68.00657123889277
43 42.54015965744759 5.803101498575188
44 47.798110847437414 -14.69379234987204
45 7.292961350373588 -81.15817729693887
46 0.24771513907968767 48.656630886607445
47 -6.342112172429637 -11.867358038831725
48 -5.631930318890937 30.44005888958975
49 -6.994068600126596 51.03968396561825
50 -39.397663795336804 12.355311261351545
51 -28.037619274543758 -46.4930019644336
52 60.14177524133672 -30.594906904190992
53 60.95204811067077 -89.45900458004294
54 -41.8811823388775 -83.11140977398117
55 77.02580236997031 -73.5115276639676
56 51.995145181705965 52.190277709691856
57 -21.491209658064392 -80.03510250635202
58 -6.982846838812691 -78.91708205389514
59 49.98708115797882 0.8268540213239675
60 5.2126727693286625 31.426825388516846
61 -1.6237650595591901 -19.628581916479206
62 -45.745689588221914 61.56157398993187
63 -95.70829309285513 60.98442908714935
64 47.61652106086464 66.35031996890922
65 -82.3323491130661 -52.25134907300672
66 57.80490135346946 70.75099992119183
67 -87.4527865434967 -47.93815249710378
68 52.037853404568864 -41.0472019712703
69 23.19396924525519 16.10390306437492
70 -15.387694918889494 16.530175988380307
71 72.15069471845891 -22.968855112008683
72 -37.713262082540936 63.73101836439068
73 -29.401656930075575 11.065124361192986
74 -71.63363006926271 29.92934314550402
75 22.344467382563238 50.18212776133865
76 -72.22320256124664 62.43718224749307
77 94.99706283692493 47.89881359535656
78 13.26410800526692 37.284274035839445
79 35.35627733854639 85.68837386559426
80 31.960932177859945 45.238299524393256
81 -99.21695993670889 57.850706627626494
82 -8.090504846936227 63.25235393999071
83 -45.71982356999656 50.199165378202565
84 49.734314870274005 -10.30942481869792
85 -71.75182018547531 -63.28453946828421
86 -16.491292284519886 -78.90324868405447
87 0.3543965707550427 -41.63653206984743
88 -81.03909927695385 -21.065088399254336
89 44.68082347300705 -80.45843381320141
90 62.517002934777565 -43.355122162382976
91 22.2924595939904 -59.80762095737659
92 61.27976372188573 -49.48010631859048
93 57.59454819376211 35.37780006630038
94 -42.10646887483578 -37.67256008868818
95 10.323717245877376 -40.83387238996043
96 -62.65257739459085 17.258463805904228
97 -2.25544640543049 -54.032583566691564
98 -26.879723932459143 27.704289027192573
EOF
