DIMENSION :98
NODE_COORD_SECTION
1 15.342182420386962 -97.53845827717058
2 -11.601861258296992 -0.9924224627076939
3 -4.512759262619554 -29.25956527516196
4 99.09065247024321 44.46624388745383
5 81.18157750665074 -24.327092946106973
6 49.89987225411119 60.97385009561998
7 -13.884293086016442 48.65848040427093
8 -11.876928565882821 -41.05871522662501
9 7.033786613408054 -85.08417437511187
10 -45.67395928819482 -41.02770612254201
11 13.664327117918788 -53.682496568882684
12 74.40210241167267 -83.34236665845363
13 12.580677354887044 -62.89381670388288
14 30.849610234248587 -35.37369240019305
15 1.2816000996510297 -83.9028482004687
16 -30.109730278988394 70.32195970943559
17 29.758745051474534 -88.48919494885791
18 -32.34789944624143 -98.86352197776971
19 -30.95555113517389 18.368126432903622
20 26.492533325252097 -87.05306713496914
21 49.70984380042495 -16.57909968167462
22 -98.36138496448059 33.76612897141814
23 -21.990233363183464 18.877811627478522
24 68.67288731227126 -98.86904984919052
25 -36.652370259826306 83.72637240095949
26 33.995097896660496 -69.98313696869573
27 97.95982651482035 30.23983714777782
28 -36.75861589275029 -62.518995464352024
29 18.195980955397076 3.297265869485443
30 56.744197996745044 30.90024774897853
31 46.49776302277064 -98.56603459084985
32 36.46783005244379 -21.41519386534172
33 64.15562941269542 -38.921394347267956
34 -74.54416380498733 -75.28803713553171
35 -2.8505731234286174 9.222429706920138
36 -1.32162808842169 84.93850465987461
37 10.855273844389586 44.80484356714632
38 -36.731116041071374 -35.28534868828615
39 -95.87218032519895 -44.610944167305576
40 86.4912601664208 79.23619929723313
41 -30.756583579111734 -46.75982652847226
42 -68.61993338933965 -77.8643123192004
43 -58.583597610180725 -76.29261010515292
44 -17.151986866721387 29.427557360795106
45 0.07718467853538868 -81.14897235621505
46 -48.843541337101385 15.886159042829846
47 -96.17254692802048 -99.45595303543193
48 -75.00376054522606 22.9497118283781
49 41.96432938933114 -60.18309917171414
50 13.027701021921118 -89.59273860330188
51 67.69184065957234 13.003588301115698
52 60.58037726730831 -51.46026026196353
53 41.61476265744821 -99.71418992002836
54 57.31430899943251 -76.94957994981544
55 58.83631133104862 88.52117903056012
56 -38.00341177193798 52.0339496640845
57 -41.04223416582451 7.780657553211242
58 62.14822922328432 -67.60266131525444
59 -74.49528163285976 -10.190825410765996
60 59.16807215252146 82.56026088059369
61 -30.218820617853012 26.662713464483716
62 23.641959254312695 -71.07379653995596
63 63.87926066698864 -70.93594977116595
64 0.8970240551015962 95.52985623745792
65 38.548848821751676 36.55846104489072
66 -36.53757474769961 -0.569587689526017
67 93.8581325736929 15.339760799629047
68 4.949518715366466 28.83443755055771
69 84.05249136908623 94.65608478657964
70 -51.034084892976516 -13.404100672465418
71 32.745738070238986 -61.006095124417236
72 -92.97046288816556 18.655284902626804
73 10.554339354732889 30.77783932873183
74 -38.949721231333335 -84.85653240632436
75 -35.488233797023256 -52.88714356623076
76 68.79843027668392 71.29037862089478
77 -72.92330327948189 54.13454005406035
78 94.88069170345145 -74.05770874144757
79 52.27534784883204 -86.17781996263949
80 -44.90398743839592 -42.59415357713028
81 -72.50521594495595 -99.3315589463214
82 28.64517979771594 -90.49915325864848
83 -8.329398885766253 -40.611467032300695
84 40.51958433845536 45.117963203896124
85 54.088995054102895 99.89072812023926
86 -54.50382965614757 80.24157243092492
87 52.74970650578783 -77.98069084002427
88 -44.48288960234552 38.31198532936182
89 -82.78707056404602 -9.880100122215254
90 -56.16562975064703 -17.03458605061836
91 -91.92009590270224 36.266340146729846
92 32.15081383481336 36.604033494143636
93 93.73334456908287 -38.97270995981652
94 21.09113030412533 72.91262438633211
95 94.69053148142146 21.939772263131857
96 59.68739827750258 -16.647698458182347
97 76.89838041160917 52.39593983159966
98 -33.834375040464295 60.825939316530736
EOF
