DIMENSION :98
NODE_COORD_SECTION
1 2.1835374362116937 -69.12617845691395
2 46.17275235384582 78.03803769468541
3 87.10134911464715 -93.91511389333427
4 42.62124933381972 83.32930281766198
5 -34.592297198683866 55.4176016914455
6 -44.24221501012404 70.03619254396895
7 -80.61362518640533 -53.541566857135294
8 -37.52934930487126 -93.69640223582235
9 60.82242322302736 48.59122359371804
10 19.917398889231606 -47.55975101857231
11 -47.8907180178884 70.87489609963595
12 97.05491228214629 -23.928051310332492
13 77.15233193536969 7.556045751037871
14 53.246836742098594 -71.51492933931813
15 -15.78139328798538 -79.94439800894821
16 20.180097885052135 39.61261529183972
17 11.358879984326961 74.30768437206197
18 -2.576269804804454 69.77939010994476
19 -25.245123976456597 73.61790931471083
20 -92.68521006115375 68.23675180098644
21 51.32101313428862 79.74742958888396
22 -28.542181602880973 31.681510036244987
23 -80.88349677385682 98.71811977340394
24 -31.024276999151866 30.367678382837596
25 32.60036865189275 22.873238004765483
26 -84.24838593151323 75.08369815629501
27 -95.51168594707214 67.01716313938866
28 -35.7473730108034 35.181983367339456
29 41.94715434145294 13.99664024723539
30 65.12841360556209 86.01154884871102
31 -57.91113070422771 93.87526913759805
32 -45.37156433524974 63.51866440548358
33 90.20303686398799 -39.10822818505266
34 -64.01616908585393 -65.5555126803146
35 23.892947108368006 -96.31808750525876
36 -91.74880460221861 -47.537378290501906
37 27.257218105318515 -73.21724288663066
38 -37.28290497977176 -36.236213565635936
39 -98.5146805882477 75.22722565911158
40 14.813840132676148 -49.991328754607835
41 -78.28799274626036 -60.924233273595284
42 -31.401597087109167 52.23418994964359
43 -65.2978457227932 71.02122345258903
44 21.198169082149974 6.212416365139205
45 -22.08588943389836 77.74190778356044
46 -93.77144574508738 -62.074456406921065
47 7.716254716957337 4.466967104426601
48 -51.96078160383502 17.23418300039272
49 -86.99210269102431 -77.74272209942481
50 -47.25287485610321 -51.51940522115823
51 -39.77758341626077 -51.20596870018237
52 -2.6337305402571474 88.68223024515063
53 -33.333128695682774 86.0063827862584
54 94.94540904948451 -72.86476723468142
55 31.37909067768595 41.658453846897686
56 -88.52319125550198 -65.33843189086858
57 -33.840371081954345 17.055177957994843
58 -10.559583617850194 -3.602593958790365
59 64.16268391566916 89.31543473762963
60 93.19961481285895 -21.065407220837585
61 -80.59345366800193 94.20000767435585
62 -66.93386749306887 50.79101407669259
63 67.79070701329044 24.271052123077652
64 47.7032829294545 -25.400246548829998
65 58.68342776384418 97.19864341274328
66 28.638348009336568 -79.92903000662317
67 -14.130032065914904 20.319227705847382
68 -43.99362669055489 8.694566868316045
69 -92.37162911353545 -19.91026476635733
70 81.24924165526903 -5.684311923755885
71 -32.07381306073955 -81.12979838038285
72 40.34551581001861 8.129192137754956
73 -5.791872695020686 -73.49312611093752
74 10.247998559769727 -47.69668661929201
75 91.97115947683895 70.4767329072607
76 31.557622822159203 -86.64319403436667
77 82.30016814933 -84.1064751373271
78 12.063743844206073 84.57783261904615
79 -64.23621239076809 -54.53564727728819
80 98.63257148111518 -63.81293014103957
81 44.546710288859515 79.525102234678
82 -40.97302256084498 -47.38858512822377
83 44.4211762535723 -82.42818068715492
84 50.592487581165386 -31.851113779395405
85 -50.86299289589142 -24.755566871878273
86 -30.65417839495437 -24.530805676079922
87 -7.963859734194315 74.50812723649801
88 70.85397294159961 55.808751277321136
89 -16.82593455504191 -40.18318344533112
90 -66.60672870183886 -14.617286068376572
91 -15.042748412356872 -40.667781613207566
92 94.2295024868288 -90.54910568351436
93 85.28211804230986 87.8110034124835
94 31.461766404644663 43.638342056856914
95 4.387753115865195 -3.438251236003879
96 -13.275808773491065 61.52549478016161
97 10.111047275105832 15.912261221110583
98 -71.85871657931095 58.18686756462
EOF
