DIMENSION :98
NODE_COORD_SECTION
1 48.71818562022662 58.96320736065752
2 67.01998640032525 -4.97884699296624
3 -93.94358056114487 -12.61106938131175
4 45.737828052884225 -85.64047727906399
5 -32.38810844008046 43.88354459228873
6 73.7901404645082 97.33081179436434
7 95.54151659772555 -30.31234618194307
8 -53.172574418284555 12.569480004312766
9 24.296743645171446 26.818956164097003
10 -3.3183941986035563 -98.18568720333003
11 20.36168589928525 87.71879565890643
12 -13.051690485642496 -5.8244658405374565
13 91.55582365483497 -85.56937355752572
14 -88.92136140233231 -91.7843649294466
15 -79.99597563267324 11.227604704618983
16 32.41526092318341 35.62451733670571
17 -56.14673270592392 87.145618176641
18 -77.79081558159808 -56.56651889677025
19 45.04192456354889 48.66710785282487
20 -50.49483303073501 6.126684232227149
21 -86.09586823029198 -42.15990029668624
22 55.88525544154916 -15.327134165634632
23 -43.88174981377622 -62.59403691921512
24 -91.58847433429614 -93.58602697556489
25 -16.515013590961985 -17.951598711200205
26 65.710626952698 -32.088353764027815
27 87.2473966451378 43.665332551055144
28 14.994362636756705 82.26636540180903
29 31.141446065884708 -1.3957361310153829
30 41.91202683646688 -76.9117553715047
31 21.09241202550926 -23.90899738025287
32 80.48181146764406 79.21253366779413
33 9.44898701177182 29.620390872997234
34 -43.04982864016607 27.416801774897223
35 -26.126511290904602 66.86700187661123
36 -10.720407896402136 54.81107988241607
37 74.48315925771115 -81.2873112572386
38 -66.93324011103371 18.23603826285077
39 37.56404427855921 24.27698399239216
40 -24.955332794756586 -85.08142262208425
41 -59.84440092042593 36.37537388944261
42 66.92383398892892 56.798058726727504
43 -22.969344220291646 -89.38038392812851
44 -34.820711432871306 -9.649329565754414
45 -19.92803983718747 -68.58681284226431
46 96.4916001367892 -15.596689635731224
47 29.773091299651554 49.38420203514269
48 3.901720957077927 -79.65748155235073
49 49.56807922267785 57.33699933724702
50 45.34109318529036 -37.71194602073611
51 5.920668662813355 -84.40716612040175
52 14.04987187445927 59.214767362476806
53 50.580630116265354 -47.3709437575029
54 29.4978468628357 -63.329564674515694
55 36.14125225807797 -86.78471902633562
56 7.77406541121141 -27.34862804764073
57 -87.9915085945507 -96.21590823349902
58 62.012836688248 20.36159097912129
59 -34.88094031552495 -6.43711211697844
60 -93.72474721128742 39.99547705286966
61 -91.77892904377583 -29.96743511996715
62 -59.59298791222625 -67.65212795537312
63 38.25758177809689 -81.43226590628637
64 -21.255133538102157 28.969599375407654
65 88.36987958874138 98.65229517513188
66 -47.85445846823484 86.75054094505111
67 -20.736139276649922 22.853268018354782
68 -39.337414968265506 -40.773623881037246
69 39.159569051351355 -90.2253022093406
70 -16.701851426728936 -27.430824896495636
71 6.270335933915433 -21.497252374008013
72 -38.39173794893933 21.13616820309396
73 53.73467715910866 -20.408070428632413
74 65.54171476003324 -84.38502965582042
75 -15.849430538255291 -83.56836995362565
76 -77.25573340661228 -33.782324439696396
77 29.338362425274852 -99.12887207322036
78 46.6614036224816 -35.9597283031204
79 -39.31494385088061 -91.72975006023263
80 34.12447823885893 35.617901484975164
81 66.39935761523162 49.68207957331617
82 -80.29340653206629 88.87053188406483
83 -15.76663081266048 62.66298411736031
84 -28.013805222222786 -56.95230946772172
85 -8.296600780634435 37.24445741260058
86 -4.042170029775136 -59.05503592039509
87 -49.431068766313714 -60.10980995065967
88 66.18120273647557 78.57904732410833
89 78.30535482375609 75.80098806135109
90 -43.138930106303604 55.67213243161817
91 76.53260065546547 38.7191142555655
92 -42.09774140486988 -50.28943940675623
93 84.83837839091726 -62.577286382232764
94 70.08546121343934 47.006721606607556
95 48.16137944405327 -40.60990751141909
96 -42.13877962852386 -73.8928825289529
97 -13.123790368818561 34.652646104825294
98 -95.13910628218132 -17.946210057961906
EOF
