DIMENSION :98
NODE_COORD_SECTION
1 17.432030821441117 -25.77219840062955
2 88.77607145315457 32.608132241597275
3 -13.34167468130822 -30.27459597142979
4 -0.0019636021697948536 9.039797868557557
5 55.6226295298537 83.23373331817035
6 -89.0626720765584 -51.556581442136306
7 -10.041094780733275 -42.53198668442235
8 38.517048183609916 -91.41310664490805
9 18.66914341263862 91.80102280285331
10 -17.736768009852284 -41.31754099698337
11 3.8464760869605357 41.85493756695834
12 24.104290097988 32.352704243331175
13 -17.29546771453016 15.25351949819597
14 -4.5861969138114205 84.21851549474155
15 61.87522946080426 62.68621568177707
16 50.340904129548534 -97.12626604431223
17 -17.58634806862642 -96.52515245086974
18 -11.425995526940326 -36.32445089433203
19 -6.324617914328897 96.12267244924647
20 -43.96486524247432 66.69360504511738
21 -24.79191111434737 -33.13545854539419
22 18.603817708501367 -1.6750601021183513
23 28.025738674310503 43.02609294499203
24 51.82089977249939 79.49585101419041
25 20.110505086490036 -96.96115770860298
26 18.624326897876614 19.03593162308745
27 15.713808376120014 -48.752815727404794
28 17.520476654812796 -22.27647291427411
29 -55.99535417527775 53.18235907095388
30 75.19610194958298 -33.334041645928565
31 69.83982247376949 25.767487862791725
32 -69.57236119295331 53.09187186897091
33 17.907361866658448 66.9568452409386
34 10.246117155698983 -72.70278648603916
35 71.22081381922018 -69.39839105644651
36 34.66743661102757 -3.5996997059173736
37 15.918851337500612 4.873388771863404
38 2.8994689862121135 -86.27437120025641
39 -63.44894066334605 36.365898081225
40 -88.2111332913787 -72.95002981029018
41 79.50735153983507 57.034186864316496
42 36.37209216512596 34.60856833224992
43 -3.024889821152229 -82.58007988649616
44 -37.25325482380508 74.6731268805093
45 59.784574211601125 -92.84974710897636
46 5.080793051089955 -57.3225601982722
47 84.72969149299962 52.486912429662
48 -38.57105396438853 -70.71942900259467
49 60.42810992765965 20.741189356329784
50 -32.87318123764129 -96.5784795093654
51 -24.489343850594693 -67.34050509689287
52 89.88534312338263 -73.6666012568683
53 -46.092957004697844 -13.576597200446173
54 77.30918123094486 75.64920739335724
55 84.22134442445034 30.69689452644201
56 -84.58537280834318 -16.854674466806046
57 93.66706364258502 89.19289591491767
58 -14.175954477145197 45.3329639825092
59 -38.24151220228356 -64.48008721854978
60 19.66529602953206 53.021812290248306
61 94.93126669576489 -55.391027418633065
62 -62.193599880843806 -95.85578692534816
63 -9.50800157614593 5.809891343585562
64 39.90705057313244 -86.45771405947397
65 6.772966758086824 72.78506111044237
66 58.870248459308186 14.084417052649783
67 -73.90516242668308 -53.382019850684074
68 -67.37112159833995 55.39165997925406
69 48.1166907739962 -58.907099491563855
70 -38.19640542420011 49.61859936785632
71 -16.620774373544606 -37.10917813513292
72 -80.38000946736427 -11.852608480595237
73 -69.67632051885937 54.486385958074806
74 59.57446659187687 -41.28244397008074
75 13.795465891219578 -6.180928476341336
76 26.689980830391974 -70.57156880754658
77 39.01809886736916 -77.64872489740353
78 19.804210678264994 -65.78498750248073
79 -27.75038050300563 -18.08511823774475
80 -24.815645430478824 93.81214883351572
81 -2.189791801524038 -19.212988895671955
82 45.864345434271996 -63.11402681228553
83 -79.10374553901454 -19.275357217977913
84 36.45173139234984 47.925646453841125
85 -13.427220388789209 -0.7730420620540883
86 -80.24682200326268 -38.347509295001856
87 67.56256131397538 -44.916762893589144
88 -90.58104884147164 48.11759954756201
89 36.92697560416897 -49.69676614493173
90 -8.091538588602447 88.32318396412882
91 -13.539937147783363 -22.18395985346335
92 -68.56963740616683 -72.88307650326591
93 -22.406066772517022 -28.137557049289214
94 -46.88763837463652 8.272614588666727
95 18.840158248216696 -23.205065904448176
96 -17.492522957329214 -53.915479139491154
97 -47.731635878059244 -99.96148091953981
98 73.64489889633509 -31.533076225034137
EOF
