DIMENSION :98
NODE_COORD_SECTION
1 29.23024464153795 64.31545861987678
2 -64.20059753051518 -80.86224324888742
3 -57.02753358123387 -93.57029034216049
4 70.5664454656359 61.23793935711785
5 22.806972723526926 81.2369330135248
6 77.64486199138943 79.93047855307935
7 52.600335047663606 -20.06094993017895
8 -56.648194242820395 -35.79714156301377
9 51.35820122271565 95.27422199508982
10 -86.69585280006751 -13.569738211209412
11 75.31270754120797 71.89643600319573
12 -58.46834774736547 76.44798012041372
13 -91.65607191864433 -32.912227677612776
14 76.18166335947788 12.050827536581934
15 -69.53678474834244 46.34560044959102
16 86.87513553627775 10.325142996278132
17 5.062749075173073 -9.074021087497371
18 -44.62459880478562 47.38290445771591
19 -42.13779924557497 -21.786358052689806
20 49.082571131429546 -91.51835463623624
21 -66.04001147406642 -89.17203256918893
22 75.96812683449869 -23.822164213312064
23 14.123181589986913 -83.33656426213551
24 79.91572013685192 -98.924457189795
25 -52.57342524266375 -80.39783412258011
26 -22.964166267839346 -32.10384918542243
27 -85.4218091204398 -10.574983797912083
28 56.37349312794413 -30.990949065984736
29 74.7448651367329 -80.51291494408561
30 72.52974952538273 -71.77269364013226
31 68.418188108643 52.01222566348932
32 43.06930507576732 79.58620841570527
33 49.83771867742709 -26.59958437004167
34 30.18809614139238 98.98689685341185
35 4.71480862338008 -64.26912527239479
36 33.966333623846396 -88.99885288008555
37 72.47703147486206 -74.31721136306106
38 53.633933356482686 48.79751916046132
39 -63.02024012720895 -1.6153339683596641
40 -16.37303042945817 -67.93682639470846
41 75.60798377762023 21.242401041523394
42 -97.18476206399988 -54.0403809213595
43 -36.081987757583576 -68.41491664020714
44 88.13262994055285 53.56489696644016
45 21.44528102176872 2.006792103555938
46 -62.05644399560508 54.91849520396795
47 -45.96889705676779 28.571579954936993
48 -74.16973131305548 -82.3003017181523
49 -1.0024055838942587 9.587955751885374
50 -77.91258793258773 47.73376773230203
51 11.726815540329568 -33.55176629061056
52 -81.93821330030097 -58.06524873996031
53 -54.323509142576484 73.06713285308041
54 -32.42322491738376 -28.04248081925185
55 72.59142096487517 6.743186674155083
56 20.032585265099897 83.74585210497486
57 65.64609501624514 10.805431313719822
58 61.374802253227585 -33.672607755336514
59 25.48077984675217 -31.802938098647445
60 1.975576410658391 -57.37965581115467
61 67.56967353437093 25.186628336027667
62 54.57310580717143 65.68088306723547
63 9.08654118522935 -24.31334431229466
64 -69.23322045904989 65.73432551783961
65 -5.590477244508605 -80.8016927641108
66 51.16682453107629 86.49705702274113
67 -19.366300057844825 39.190120585540654
68 -87.85109130384608 -26.2895441285292
69 67.93624711218945 -86.2423630505827
70 -18.73427703062096 34.47195360266963
71 -95.63425887555645 -33.30008808279155
72 3.71905748691961 72.86253520975103
73 20.6038110807054 94.68804349465356
74 -6.102437194625708 -74.46603139942403
75 -42.52638345092872 -35.01027939005749
76 58.83681898213092 70.33320748171724
77 37.44656060526427 -31.746988520884088
78 -45.43997255110899 -38.29461369246674
79 1.124854873043546 -67.85831852164628
80 -88.39091381601052 -41.46907284308181
81 80.6544374609139 54.15322468664161
82 -17.322560122912975 53.21637524602468
83 14.248992967018353 95.74007530122935
84 -36.89228609520605 85.27252920232371
85 19.482700175846702 94.89338069178547
86 14.11847577688971 -71.72232769179278
87 37.73560984353756 -99.36221449237838
88 78.97638751761951 76.0375830396325
89 38.15234368971551 -89.57512785605542
90 23.93119697219217 -78.08179524860459
91 26.701215293547804 -99.79824684912613
92 -41.41711613437933 24.740851833930492
93 44.3975119974065 -23.029409306684528
94 -5.548376424389261 -14.706090810632716
95 58.48122824855972 54.943701416380236
96 -14.127033015849605 19.42903317832767
97 51.316097444895746 58.93810133515089
98 -36.05795383172501 -93.1260342600974
EOF
