DIMENSION :98
NODE_COORD_SECTION
1 -5.99669552729101 92.44233608882408
2 22.082254422146136 -80.69192578668097
3 -44.820123939051236 72.8274714566287
4 -59.08455305081557 -13.089208596225504
5 -59.8017290461901 32.46333941829113
6 50.462176117570436 -50.492668877186844
7 -18.139715325561156 12.039959149432676
8 -80.69787464064171 56.59987821526971
9 -88.89511363547078 31.183335498795884
10 33.17638992556303 -70.01324869336744
11 -75.47374970419582 11.493816760151176
12 79.61491649382225 -16.664085883225795
13 -64.67526884362915 -51.57587775312431
14 -9.476157190682926 4.993406285958727
15 -54.72982397769663 80.95352898053488
16 -88.73082023695491 53.47127358761543
17 -92.51658761507113 91.8033972676231
18 -37.35526400590761 -10.526426986965461
19 -36.68154926777769 85.97860584915264
20 41.21380157560577 73.98326084540165
21 -68.64561168078521 41.70825928476543
22 -36.13434090969958 98.8466305468369
23 -97.51736101824444 5.398317021712074
24 4.029519143805786 84.45623288318467
25 -47.698367793812224 -89.00231290981158
26 89.84012913433136 78.5470457619542
27 -79.4923129227227 -55.78148996667458
28 38.650745109014395 20.784980690338386
29 -73.30260595030605 43.34030004125481
30 -12.359201937057037 -0.25935200284463633
31 -7.026702733623608 30.866837815226774
32 46.86718965764919 -77.99450854986938
33 25.97131106738206 4.093588650269297
34 -51.04045182139636 37.62147078123468
35 74.40483731280884 -22.317388795088917
36 98.76154774142981 -78.3405731514864
37 22.94711823422074 -32.369058353817294
38 -63.42820872432664 -1.3045545207629488
39 -90.75007601230239 -66.44250110581149
40 -79.7605845475266 -84.90144199371615
41 58.12320510583672 55.02262676044839
42 -95.77888799133869 13.457122178635757
43 15.376995588068823 -92.36659172670207
44 47.80778214302359 44.135377430195604
45 33.553262879718375 25.97707098863293
46 20.08065610906189 60.86571010914838
47 12.752117813298185 92.96369063941913
48 -14.241706367180157 -9.553864054240762
49 -68.0167187014511 -21.05137708833125
50 53.94733995701526 41.02672169423923
51 -80.04975874699012 69.04403253993394
52 -49.08843396132574 -80.86739601653701
53 8.901170646152323 -36.68193316757209
54 38.32528360441026 -37.51461711210822
55 91.15720101060066 -87.8808396725023
56 40.07874109891367 -36.15125591361128
57 55.155183503697714 57.55214134696271
58 -36.44536236700904 60.53814306853138
59 -83.68132179395235 92.17174502924607
60 -94.6033614768233 -5.10139853845952
61 -22.202536329291107 -82.7516604433266
62 -82.85795051810732 -87.03150070225409
63 57.092382589734655 85.49962119615358
64 72.692656007088 61.71161285390181
65 -3.191047947178504 46.97115562389641
66 -72.55092775149694 69.6133653976722
67 41.25971624409007 81.78767852266193
68 88.03569048591288 -48.89837284550467
69 5.361856221428994 99.78614577425782
70 21.89470050231286 -37.83372632961375
71 88.25316121349388 14.580609938052831
72 -72.37060929086039 -47.284160488423275
73 91.27600732447516 -41.602039002295555
74 59.82835250693 -89.37634091532607
75 88.45561080611196 -5.937195075774753
76 -43.79609704861669 -26.920039331556907
77 67.32526784016687 1.79862865447366
78 -49.77052406065925 92.78041987620534
79 -91.0720187145691 71.05160305379053
80 -30.937578568325137 -10.354231837308902
81 -91.94964889423194 11.332360937320757
82 -85.60990498852516 -6.818925578053367
83 48.22123577829964 -88.88980796720271
84 -97.06122172778117 86.24741624470141
85 40.73416693941638 20.083106301503207
86 -96.26350752556347 97.93273366680671
87 -87.07083841239971 7.686378653043775
88 50.82229963206473 -38.62736524109218
89 88.19606173770433 59.491093501634964
90 -67.053680921516 51.78612104650176
91 38.63812661366967 -86.81652031461253
92 65.9062030799112 50.655126790401425
93 -88.93884471618266 7.104645441671067
94 -61.4826417582101 -56.109070779907924
95 27.93002643249163 16.86961923353762
96 89.81581797578352 54.99445774308626
97 47.1609891670102 -10.626509874606597
98 22.944198267930147 38.63172916489731
EOF
