DIMENSION :98
NODE_COORD_SECTION
1 -76.10085712584309 24.10643651527002
2 31.09190811179576 -30.821435666297575
3 86.14645357946696 -24.106032895882095
4 59.69796675190406 -26.855215593190735
5 89.18110411930698 -98.5710256893932
6 -66.88046586067928 -43.459642299730675
7 26.543470841524325 -66.81572230132568
8 82.02019056117933 20.90833923021887
9 54.004059786761786 -59.730086229413025
10 78.00302752586171 -41.326397371432535
11 73.8944271197272 -42.158750888143715
12 -6.294273017877089 -5.911380551122562
13 -56.96781543206275 -5.234206499001999
14 22.344887043337877 -43.71385970095807
15 45.7257063403722 -21.338757706133606
16 -8.347891622536551 6.539759958134368
17 30.570699178789283 6.206439104343204
18 29.996162165564442 -58.752884859887274
19 48.227285098413944 -93.33420131604397
20 -53.41313852728171 -77.18524978396451
21 -52.90698623139423 -2.1429204440564007
22 73.00804841235515 52.53765853404647
23 -15.23649755180871 16.331203303093858
24 -20.071480609202624 92.7305673139719
25 95.39922112436176 -62.6780205067429
26 30.69135392077297 69.78210793513588
27 16.593333413103537 -34.93725749701535
28 -37.4163567159447 45.467067999385534
29 24.062161276941254 -29.644205410782206
30 -3.0598321854266715 30.766046243292436
31 48.4563464698177 79.81977450780366
32 -29.163839334493375 34.6057520126966
33 -44.18263073244641 -19.97101690478935
34 55.97588883447233 -10.652576820641201
35 -38.31933094120743 -10.202035911816026
36 -15.514802844240762 -24.485230874119196
37 -81.44689765132648 75.15341664949179
38 -63.332032847974105 -19.8330265302113
39 -32.53085415295085 -65.92509767816577
40 -37.61225996017971 -33.51366560107488
41 -23.44329973669548 61.87454578841093
42 5.587525280332969 -93.43580194265111
43 -96.98001153700086 -76.87467580047478
44 80.56229097881916 35.03285400613291
45 -90.32642528532573 2.336270706827065
46 -91.04985903110875 -81.89479489812209
47 -56.86186727830061 -16.887758111629864
48 -31.990143298385078 0.7479961839648013
49 -61.96497048390235 14.324847373099686
50 23.604031011508113 94.1285503278857
51 49.99359162953155 -38.13983084176555
52 25.408415649823553 -3.8610842249300816
53 -59.98882673955428 -84.20194743926339
54 -72.78005283319821 99.71545543941554
55 -66.31699024413828 25.4167532930837
56 -38.162780167955155 36.83598165913608
57 61.04518113325227 -31.794185777556933
58 -52.16109459897829 -69.50945137069911
59 -53.7493091305983 24.10903618670504
60 -65.31290778743369 82.58613358882636
61 61.025178139709055 22.508642527361445
62 -97.06587329205118 -87.340549231058
63 -18.174628517947127 -42.999432932704586
64 -72.08694644165017 80.43623411270767
65 -2.1500696658762024 21.800042655272804
66 -11.85661030824123 -25.310590579736697
67 -94.47107571889744 13.655673486970628
68 53.78543757946221 -68.48743554481867
69 94.84467443662115 64.43916271216295
70 25.827998824022984 57.03926402284168
71 83.81334902917268 -77.88291231128531
72 -86.70417916382502 -27.197201257117527
73 89.68325007391834 81.5999875010265
74 -66.38527199684461 -23.655036230623907
75 38.882155936636906 -17.996757562596116
76 0.37398138219082 15.346645680692859
77 12.472881420233193 33.143249555924854
78 -76.92314160913945 -89.5330978490213
79 99.85253931904049 11.631378293128478
80 -14.927863378699954 30.241445873235307
81 -9.342240935888796 -24.282633316944086
82 -11.28933431645666 -79.1946581604775
83 -26.68550726216074 88.07284048844019
84 -39.12727349901146 23.868960088593212
85 -71.6022415535835 6.994623610450972
86 97.36357563101521 -21.70987912716423
87 5.943142737586243 9.046738680186323
88 -8.7240298314413 93.74958450605942
89 -41.921537913449015 -60.05114516400778
90 -61.729810521502635 9.450954043113597
91 -38.179426922712324 55.55820617652731
92 -59.17653033613408 -93.56973152220662
93 11.608841313655489 11.080883528269482
94 -56.147490097035345 -71.02547805554752
95 -12.876629624542517 84.18759135222379
96 25.714087284115266 88.81239021769994
97 -90.83729339467126 -23.502018979449772
98 -58.559456212143644 75.15466903045916
EOF
