DIMENSION :98
NODE_COORD_SECTION
1 -62.61848284318674 63.14113230778102
2 84.64132363219872 39.48791955186226
3 73.04258571262275 -91.24751731074616
4 86.72872822631945 18.759849579373267
5 -90.18934235067006 57.54470822881666
6 -49.8310373850984 23.421480487877602
7 72.64167371416102 -98.82396642194722
8 90.22370293924499 -66.83930193083063
9 16.22922537767147 -49.52437502815048
10 90.4185886470498 -86.79351057156659
11 83.8429758576296 -72.6006438260854
12 -47.78460510880207 78.25331844336446
13 53.20116058544059 2.68815996876927
14 41.98748469275591 69.41283725792312
15 -99.68419049935362 -69.08040744601806
16 -9.055890652769264 40.12194779509673
17 31.976035387804956 -94.067635678068
18 -10.998922977107384 -91.14978847843426
19 -61.48882265307838 62.14263628278067
20 -19.80351007219643 29.61371669870826
21 -99.29774674926641 81.05990935445138
22 15.102099260226097 55.716487848475396
23 48.18668418027684 -72.65047725477885
24 44.78224767987055 -72.19528320303024
25 -88.57220192084883 -64.92238193971534
26 -48.796066550438596 4.2329898726535475
27 35.29722604883926 92.31373117877223
28 0.6031820739488296 -30.094038877053592
29 29.544865533964895 31.05505924321193
30 -20.83564483912606 -90.82724875177601
31 19.907594157031497 -80.5244111881951
32 24.470703426279925 9.01557974160994
33 33.3345698720598 -25.207643618784445
34 1.5359252796200593 -29.311838540436213
35 1.783371906380495 67.58006958805655
36 -11.171831681852538 -48.876584772573196
37 1.2680216763140066 72.15452493036557
38 37.549331488122675 -70.15586352676934
39 56.31622412939876 32.68421215688329
40 46.534256882969885 2.7743501322142947
41 -65.2800317203857 60.978557159942625
42 -44.514171785089914 41.26310801548951
43 33.43998526976799 -40.55956380179382
44 -99.13640524524465 22.796538410074803
45 -86.24867645763854 71.45948627651808
46 -98.40484892840682 -60.711912738720784
47 82.19366790481934 1.5619534496125027
48 45.88096328747935 -80.49914939804097
49 33.6167594159366 18.92174876650303
50 35.71504114311432 64.07005648528724
51 -26.41228657307751 -39.62340428211435
52 -87.65475727555713 84.7577628611964
53 19.6536635998758 82.88202754105322
54 33.748717898050046 -36.014095772161525
55 44.42971803848647 -19.62475120815583
56 -95.70055466178313 -93.642085314075
57 68.20870278044976 -23.690178202847562
58 67.1564792981685 40.79318285823922
59 34.765873920797134 -69.33883165483672
60 -38.49702423034924 50.06264739614548
61 -88.74180407938385 -41.00791139858151
62 19.617736581485218 -46.07204375765277
63 -58.4056069959342 -48.79358109987564
64 -67.13751994310171 52.7506722254098
65 -47.621360092947086 -1.091936470345729
66 -48.98030640954365 -49.64806853961004
67 61.50713978786894 92.82171641131345
68 96.01743101375203 18.067262021255146
69 -28.276451189126718 -64.47936333887262
70 68.92894980734704 36.35515867307913
71 44.91573914923649 29.74586934661491
72 8.236792076729742 55.98205730986555
73 -52.33712692819139 -51.109541684173564
74 -82.29774962054086 -42.27941304064058
75 34.51842582070469 73.7611181960309
76 -76.21705546689279 -42.33815057336683
77 -7.258683675348095 88.51906589705752
78 -54.607351114789516 4.656642504665726
79 10.663837400597444 -31.25939744165693
80 62.89913531272197 47.064573029132816
81 51.61171037950436 65.82724348053307
82 58.60734337665335 -92.09587260616017
83 -83.73194218901256 -5.4658172795421365
84 67.57675691561238 0.6606933703637026
85 58.59975564380437 -35.82509597779999
86 25.473414196521205 -57.57626795254893
87 -16.05889438497931 -40.90105826300074
88 29.258598939143383 76.68832346678388
89 -97.44364842732539 -29.671289703692196
90 36.86770473388165 5.070285212085707
91 -62.020824400828545 -92.21949597209277
92 -76.36555016809159 45.348266969804996
93 -3.346221758032783 81.28371698538282
94 -13.932865288754257 82.66015226252327
95 -6.121179418469282 28.65152779404403
96 -62.31482805321795 -38.65473921948919
97 -99.21802699794833 -9.65475741697135
98 76.97568567709527 -23.162122585841843
EOF
