DIMENSION :99
NODE_COORD_SECTION
1 -97.57003037464425 -35.093175532635755
2 -6.3927827815471545 -73.79133722291192
3 -44.52124754897358 40.725660456101
4 21.593762901354864 -3.47300432781563
5 -61.08962848289969 1.2599925719386675
6 -34.52316030943243 64.60572018402428
7 -63.89753045759894 -32.84301044728841
8 87.43927193543882 52.64181999077786
9 42.46849848752731 -72.13815297155139
10 99.15312908360926 -41.23428863601599
11 -37.545029175708365 26.770830842973183
12 82.12414465420557 62.44772136870665
13 5.376930128650855 -49.72221300365063
14 84.1357364277564 -64.69740526640466
15 66.88975805164131 37.639157972002266
16 97.04774429592612 -37.79470710303563
17 -9.878028292495955 -12.628342994502063
18 -5.943440638032953 27.045512356263686
19 88.97022271255753 -74.06427037219208
20 -41.3750973091231 98.11238948306772
21 -14.215710507321575 -74.25296514539133
22 -27.3588962850106 60.014840979065355
23 66.64642824916521 12.097326228506788
24 47.96916875381228 82.20721116371908
25 -10.324074274685046 82.35496878679638
26 83.40271710514463 88.60380199784336
27 -4.733593525211049 -24.14538089989304
28 -91.86289240135524 98.43002136392539
29 61.8898790780633 -20.82549179630793
30 33.22601618922988 -54.628093747084414
31 27.07812162095506 -70.96111435134311
32 74.08990075263523 -49.75014911668312
33 50.41857130103406 -16.127773106703614
34 -70.00429523380727 -78.14354632155131
35 33.87844990785723 75.07090100467167
36 10.528448028506347 -8.737624777305015
37 34.49737844767952 20.347001076669898
38 84.42705221186048 46.808335395701874
39 -94.53463765555281 84.03817643026545
40 92.75829156723927 -69.83478678645858
41 -16.170471991881328 3.066284461992325
42 -83.74571243509541 78.2584461900451
43 6.54958265587284 -37.73316824646498
44 15.740549198921755 -48.483035796380356
45 -18.65142240425574 99.10014708143865
46 74.93315042811736 -24.179150836289182
47 64.78197509964974 45.29436599793851
48 66.48513740127265 43.6861378840849
49 7.174775024512186 -28.24067841048037
50 -64.98613556400642 69.63907351987439
51 12.552881914224372 -6.8504774258686325
52 -55.05745896133198 75.39632232344101
53 -68.5785337510813 9.743471644271409
54 76.34074912072077 -7.618329121255613
55 -44.7802737439233 -83.15443166370034
56 68.55035800723036 12.273733862946898
57 13.507897197665457 -4.293977092511184
58 9.234752318847697 90.69338276905208
59 88.41903927425872 14.993175419872372
60 -54.40912254107823 -85.19647128851828
61 55.6345804433665 -81.85831663146412
62 54.815156203637684 82.50809982991726
63 37.11924953025857 -50.5608091100179
64 52.5159450621768 9.100991582265493
65 8.077532506161461 80.50300991920639
66 -59.38333691054518 -23.3701076492097
67 -60.929590196635644 38.83755315301309
68 -99.60461857740349 -28.096032201601147
69 73.9575959469571 -88.54777910014322
70 -78.34182183181773 -79.01163429986273
71 45.307192038836604 -0.941447756244429
72 25.645146026478088 21.192691462521978
73 11.141108834793783 -69.84550319465627
74 87.11946999204673 95.97455023511031
75 60.36128822616041 9.342742114336588
76 90.1915828661599 53.84335078558209
77 -21.071824022805828 -29.48093725169616
78 -37.217996488893235 19.263673120185913
79 94.83962098037611 -66.894257729418
80 -73.77209118248265 -78.27845533987411
81 -72.81519997235782 18.294230793315023
82 -30.60980050453132 78.53092478946485
83 -46.975559481001405 -27.69987487672924
84 10.71926751754431 -12.37802097631318
85 -24.424928275246344 64.92275983446979
86 -52.91068170705997 -41.533428049034256
87 -71.8483016035209 84.24073517841265
88 -95.18743803358014 -47.53942353080687
89 80.54975933367291 32.0636559956036
90 6.096291787641974 78.49666248794006
91 -71.97611355257123 -60.20039783865978
92 43.30730068514407 -4.8747253677233715
93 -62.25254368887874 70.68675781466382
94 13.75969107947752 7.6155027921864615
95 3.6135718581323175 51.87674800514611
96 -90.65623844977432 -83.608216330044
97 -82.53540998827069 -11.35366501029334
98 78.16510755637779 72.73621397915412
99 3.313940497209728 -46.946892087214785
EOF
