DIMENSION :99
NODE_COORD_SECTION
1 -50.3355983729511 -42.46876576817644
2 63.207169924734444 -38.98420962643452
3 -86.3949951565021 -55.07660057781645
4 -78.80092099889806 54.687812826505535
5 -82.94118125887931 94.12676203216904
6 -43.77571179042561 3.461651487166435
7 86.616644120512 86.5279556118148
8 -44.95077104374949 -94.99535349426674
9 -37.438088738593336 12.70088093516199
10 16.25361400301979 -48.528732337639326
11 64.87997337151953 74.7255039201473
12 17.31518817973823 97.9189016410325
13 8.777059042777836 -68.35426901208139
14 47.33269015987648 -43.57812706445152
15 -93.88372097749307 13.975771846555432
16 -45.99857674458898 -26.468507418216774
17 83.90478257325182 -20.546511805733658
18 -86.19241390145918 85.64384275090603
19 26.942634491696026 -40.22169648056719
20 -23.99104509657346 -84.99885880077008
21 -91.02945457127294 -43.139766436903024
22 53.821090735871934 -31.533413351686406
23 -84.86975556020855 87.14573944316277
24 40.32986057433317 31.876635889448238
25 -21.72231797012263 -56.124865282443956
26 12.002557930009175 14.688729611579348
27 -47.33398577093406 -50.33460951879767
28 49.27152880584529 92.8065308782532
29 30.741665601987506 5.60108092570492
30 51.5156895536374 -78.1211308447624
31 -27.726434174942625 8.055536390970914
32 52.86700746175998 -50.967477385090135
33 59.76196774635494 -99.24690504748447
34 -44.37954138124163 37.91316319070637
35 20.050023447605824 57.122528303890476
36 89.62758606172446 -59.927223450647446
37 59.287770717638296 -53.21924650908309
38 -21.094567756503963 -4.844049186535955
39 46.874708248617935 30.025043509881613
40 -49.2060650502109 23.0014574710506
41 -46.26621469410641 45.50085761536761
42 -41.65320626045761 82.68972512702285
43 -98.7538765621845 -91.24824477605509
44 3.242029427307358 16.730672629233624
45 9.402398164775732 -76.85340753374643
46 44.35024761484962 73.00065577501132
47 46.203349762346136 -80.28144143200797
48 56.20011156265889 2.7011389271431625
49 75.06842979685305 88.7394518812556
50 -38.067939423424924 69.525925162846
51 72.9882223306999 43.39175998681836
52 -93.06707772629402 -26.61224192195047
53 49.382743428789155 64.69019251396102
54 -37.80442418915448 -8.530862864933653
55 -65.89558088237739 -83.15669274361034
56 50.54948768789836 70.02641250581675
57 22.75093383327598 93.53498139715427
58 74.25932994470881 -37.70996324216116
59 68.42984257128273 58.14448369461155
60 89.09067598465867 0.9681882294962492
61 -8.656623436392422 -25.286892710694843
62 -82.20689152327596 -81.72519257671556
63 41.03838442624718 -8.495836895737028
64 25.05280127438334 82.06729430136483
65 90.89289496998452 -64.70758172842591
66 -13.681851942288034 3.593164553626238
67 -29.61248078148371 -97.94201501672917
68 74.50350114950385 -9.49108963013829
69 -52.0637803348057 88.54875907630472
70 -38.57222478548283 -31.75145956598216
71 65.52777041257306 99.21463742908904
72 84.94615105089846 -26.516760612579773
73 -3.8443934127658963 84.30567939280024
74 68.08466158609795 35.32757796193269
75 45.99047526518788 17.465543197366145
76 93.08908231823392 -96.88798955430526
77 55.47676001431515 4.940616595896103
78 -68.84897152183757 -46.04484219348224
79 67.00996237139171 -66.43586812868251
80 7.675797032070136 19.033650643649253
81 -78.42062547424904 10.963882257654163
82 43.30798527601516 4.361303425661703
83 22.736512883061337 28.981030854887507
84 52.53252251222935 50.05340822391139
85 -36.52348173990963 90.07660373362677
86 4.5203091898591055 -28.533908423366782
87 -49.903776184120716 76.54138645832546
88 54.98923450526959 56.264665254367856
89 -23.180877709833837 -86.38606322702952
90 -56.7971595585959 -46.61106189998632
91 -94.04582427244985 80.15051814915762
92 -85.16946188083661 -16.952297281104748
93 -9.418208984160529 54.279797301406234
94 -20.75517132176701 -78.71162083780065
95 -59.76301406986764 46.514261778442375
96 38.93251318628029 -31.647857116842346
97 -25.213755412289785 69.07931656759635
98 39.048424096286425 -3.0612569318290213
99 37.67116591064527 -82.2398621999335
EOF
