DIMENSION :99
NODE_COORD_SECTION
1 -56.34662516352067 -30.670667526342797
2 -5.1760382370626274 -98.20710810324536
3 -36.63712131500603 79.31816836107365
4 3.4171284720617763 -15.344264358137423
5 -78.17473950265754 45.008443561270184
6 -18.485948264628462 -66.21788935998578
7 76.11722824513859 72.8071046221726
8 3.206723878961455 -69.21282434840393
9 26.909757831089223 28.68324719137945
10 65.96469885025391 -66.87664780275675
11 -84.8282080057875 -58.96548996152984
12 17.07334726728797 -80.5677544180918
13 72.52783418138728 91.21770185040728
14 5.22555814627998 69.08483025749095
15 83.35664034213713 -5.979754768057546
16 24.436290492654052 -18.20019390754169
17 55.194689076711796 -89.61186204548137
18 -78.44950738280846 -26.105950945167194
19 -86.26531426357317 -93.98485412602471
20 -76.03308039650763 -50.36675861271909
21 -60.31397106014313 71.9370607154415
22 -89.19845959074277 -60.68533275180839
23 -53.009404197855424 -42.93616229567245
24 98.56612409576508 -79.87158606155145
25 65.36377538780741 -72.37841427031356
26 -58.46108761530513 -8.492915847761878
27 34.857386569068524 64.76534681161405
28 57.35595595180453 -36.411594155596916
29 46.117500626376795 -60.83723450155431
30 79.95330033066006 -64.42106183242569
31 67.23681084906988 -39.862298829759155
32 -85.15837413338508 90.22137711460292
33 86.57786034721667 -12.997972912509255
34 -74.20332150917909 -88.7681638465526
35 -29.33017255500158 -88.5072142611083
36 -82.59979041558027 -57.512315837439075
37 87.25822971475336 -27.228986592980434
38 -5.5320780874885855 50.91047825922311
39 75.81348828137763 50.227681388169174
40 77.25223323890148 -70.59738884933817
41 -38.71919459992377 94.38101404810172
42 30.40945855915379 81.86049844798231
43 1.5803547946199927 2.4388229781794735
44 24.072435485622762 -30.799117199191954
45 35.34345524525503 22.638321369039716
46 86.97119076409098 -36.49872983491116
47 53.59679706434153 -19.734934707367174
48 34.39592449390568 56.76926810091544
49 57.58351444011805 58.29167541655349
50 57.89796109004851 -98.48015907710032
51 -15.36363102012723 -63.13391099220376
52 48.97602609654365 -77.74652220602158
53 -15.005176793986735 -1.5818770557068689
54 -4.403206299981051 -69.90763404612895
55 14.684560769481394 38.94225477438022
56 -61.750010989441904 97.24566955007452
57 -26.945769799441408 91.0534734850965
58 1.3402056752968434 -96.36078784618766
59 58.29112665675146 -39.297753306387165
60 -73.93109547786499 -45.04128844603659
61 40.21379852337441 -93.02635057270933
62 -77.43824468853491 -10.480003330703198
63 -43.13373934057141 -46.81530179779858
64 -68.1519979213946 -59.206447318678634
65 -70.08495864518314 7.533174146214378
66 -57.59985880043028 3.074831188760882
67 -36.423123590295134 92.84007161197809
68 41.29362602654027 59.705905130562655
69 -57.21868765100364 -62.532977874429086
70 -3.351881038936 -23.582009902298168
71 -21.500764300953975 -36.7209456456135
72 -34.136898867575454 -63.221512154491144
73 -38.35529089446208 -78.43789954823734
74 3.262410862960067 2.3902869685497734
75 81.68417715618662 74.09371486339992
76 1.1137727534702435 17.405067888295676
77 -57.936318103406734 94.1046258489516
78 -60.40908756532837 45.07639691713422
79 -38.20883259034584 -29.342371007035865
80 44.09746356770441 -76.50739378769251
81 -9.012352140967067 -59.990391476531315
82 52.47344730890836 58.293324359702126
83 87.94750511960171 38.811298878709124
84 79.9565716361314 32.087689860232615
85 6.22477153588936 76.53872337659365
86 -63.62770158781687 3.4563863227415226
87 -77.51120556793384 58.33904086735262
88 -2.1219140212247254 -7.1664563740158655
89 99.36925817057926 -45.48718289276903
90 64.68877715810567 8.228828883182345
91 -77.7629027834148 9.143662933423414
92 46.56177572984083 -49.33614166012394
93 74.84437875250484 -92.07470548939938
94 9.422057278907786 -42.63859930237197
95 -74.02712681028987 84.02512757823658
96 89.35876199857361 90.13965878034188
97 87.71742867629831 30.862610142727732
98 34.32658412220562 57.12813083829187
99 -24.242949769877683 -88.03054046401186
EOF
