DIMENSION :99
NODE_COORD_SECTION
1 -74.91474799554206 31.14409294713124
2 50.11014748456918 27.975874033939178
3 -18.878157552935363 -6.716645623683675
4 90.4340061235352 -24.050197569634975
5 83.5856713865407 -76.8317285548981
6 -66.27038934882205 -24.934371993143813
7 -36.311481157206174 -12.224755318996117
8 -12.665359789343242 -52.696017780701986
9 -38.30151583804029 -29.95462577110702
10 94.73398595820422 21.60376678718802
11 -4.311931709099781 70.00372309887885
12 -94.10705744957986 -40.72151801673671
13 83.49670947271909 22.400201839537132
14 -22.226769297761734 -83.30303776705239
15 74.43240870735161 -30.913739347598806
16 45.63851565203393 -37.94402535053707
17 35.713716001694706 14.380466312742925
18 59.85775164469763 43.736086758234364
19 -91.62018145054502 -87.03474245078154
20 18.266086395609847 -80.3536473898829
21 -1.6268946425499422 92.39617433891621
22 -59.25524076825683 -99.87260521693857
23 0.7250814492811344 -3.90608788438189
24 -69.46710826074643 -68.60351630529489
25 -31.74686911046389 -52.271392476507806
26 -54.11429142828135 -47.817606853651796
27 -69.09781521334217 -15.805107418221382
28 66.04521374432056 -6.888263219762365
29 -52.15820059269887 -18.084809262587072
30 77.09100314161029 -43.427359005770484
31 31.655922703077977 -90.00204295019662
32 -73.90966436970483 14.195643093995216
33 22.438967933067417 -16.18354017362688
34 -3.9317398713969 89.75577106483868
35 -90.66145977379205 63.862876336836564
36 39.6701287309312 -42.78618139058652
37 98.06164703769457 47.271483743661605
38 -24.009688111884955 76.77891178695512
39 -94.91223546400572 33.19383333645126
40 2.8925971974079516 16.288473356414272
41 -77.19120244258777 -91.75218322534528
42 6.249291598217212 -39.13416063342352
43 44.542403255420965 94.55158355515093
44 57.87753220561143 0.7297448055731905
45 64.34182478936091 -69.60758808628917
46 85.5529880226338 5.194049709618852
47 73.75183046494169 -87.63039141829623
48 -28.66738705589198 -59.68992167059044
49 -33.86293558469487 17.889611294657698
50 -11.480282375549365 68.26802124027677
51 28.935517971897667 -51.81944838350074
52 22.95615233351971 -21.41205892597837
53 55.16648958293072 -15.46745510215824
54 40.92800772120228 44.29493445916793
55 37.748966806615925 34.25912062504625
56 -36.17724826182198 70.6871026751661
57 -76.33712770056987 -42.08585864821788
58 88.77729869033132 9.969064166498384
59 99.71220392707917 15.587782515473364
60 54.90811775506273 51.93771103747568
61 57.62569562201307 47.6440358587987
62 96.31593954418051 -30.9288823550462
63 43.45712608817277 14.051423473337792
64 -54.09069316898179 93.78545174521025
65 34.724006586678115 -43.502434348387986
66 58.19271021548525 -63.71120417768683
67 -91.55004132458853 -81.23269965628074
68 4.516592678725061 13.375032734280737
69 -35.74746234767781 63.403219966671
70 -39.111856617589204 -48.33527297114717
71 48.84505632485556 -43.54354031597809
72 -43.70672262328385 -46.78577830081969
73 -8.202765552541535 -42.82537085703852
74 -21.418143177639678 67.07816212824596
75 -92.87370624239055 45.76293894664758
76 -54.68035142550465 -2.675317665090077
77 -58.73342726908361 49.89350006518717
78 -61.38779362349916 -3.8334178728581207
79 55.19230792328287 89.42696664809841
80 -24.242657406712652 -59.714075195615756
81 16.94481278460738 -51.15034740446664
82 -58.31556375843745 -30.90651663750819
83 -49.458155648843835 8.218394027285967
84 -55.50961412106592 75.57852861455396
85 -61.776525688050455 -84.0555684074296
86 71.98363816097455 -16.431381968323763
87 -94.78456844947311 -29.46332809284749
88 -75.00087755659759 -80.36705713908228
89 -70.3327022207915 -6.536230139087024
90 -17.651257574507724 93.52695665461641
91 15.14969149327581 -78.41647073354052
92 12.623322103160078 37.990124841671474
93 39.07092907974811 25.1271036145027
94 -10.336202878916481 26.872517612590002
95 47.600445945136045 -33.985295511248424
96 91.37068460146534 -10.019783797075576
97 -93.83743485375796 51.31842622794201
98 -34.37724593612066 73.69345999303678
99 -65.70902116723238 7.976908147093724
EOF
