DIMENSION :99
NODE_COORD_SECTION
1 -67.57298494868249 58.32554890866797
2 -45.389183237651174 7.405734012811905
3 -41.9759091243528 36.354586375189626
4 -32.05841389908464 -97.56371962526195
5 84.52429323669477 80.07421744982938
6 29.991087293663043 -95.94491130135947
7 -72.24857345516861 82.87353406664374
8 49.83676281593915 21.704618537865585
9 66.32293158033582 -54.729536607502816
10 -43.63239710996065 -81.5544541148939
11 36.59642863417969 -5.013080855127285
12 -13.913768014315792 -8.930393031877884
13 20.9644040825564 -20.231860027911424
14 -65.85252218427948 75.29125014106404
15 -28.919730682218628 -47.68733139956336
16 80.23607693512997 -2.5647068213462916
17 42.95058127249271 78.59346856087478
18 -48.137009307498225 46.576870021059506
19 37.42986731377448 44.014782584149714
20 -80.11382276256379 -75.12092340596794
21 37.50592814428853 -93.73662591285563
22 34.53827798854431 48.91267516503092
23 12.865147563573572 -50.623185790984195
24 -95.0296931026269 21.031428885801645
25 22.57889862950219 -69.53434555321164
26 1.2968515060684922 67.41550772802057
27 -11.64639808252457 78.6902567551362
28 -84.64495140684573 48.184670058567264
29 33.638723811385205 -94.49281097080014
30 54.86597781741864 85.02185642828209
31 87.98836926644898 -84.13584297916417
32 -34.58621418388881 -76.96307151872952
33 41.42386037708329 71.93646971047832
34 -24.36563038390294 46.139340594897135
35 0.14612583054764627 -45.83786874283269
36 -56.76792278404312 98.97765818240566
37 -57.2016423918273 -11.253294370568256
38 -57.08070005205119 -66.45721580891492
39 -94.41902426845645 66.473121800549
40 -17.899386103684407 -5.179103261879419
41 -65.12763082755265 -35.434243212840116
42 56.09944772806418 -12.578802374868971
43 37.61066683289317 1.5220455087215043
44 61.95202969559614 23.89250147138526
45 32.54309632957572 -95.76091032881689
46 78.26973899054016 -54.51810350105251
47 -40.44868845617895 -52.573341296264985
48 88.39778456939507 27.37769481267003
49 -60.387624597501954 37.21211276291271
50 -24.925625442505492 33.01796036725375
51 94.5569003177273 -45.99312533623041
52 -52.978553756196604 -34.16496713932156
53 -66.3628262245588 44.1180180742013
54 71.37434880760912 81.84535751493664
55 93.01985459693182 55.25274362855993
56 80.58451127964946 -27.216769188411718
57 74.66925644425345 -52.02252981950748
58 98.4057143055893 7.015931374995759
59 72.68886372059339 -16.642607545012012
60 -13.198880970742891 -75.7331167005758
61 98.04026502819451 -13.583631265911905
62 54.08476435248096 -79.78749246058854
63 16.660259998396526 15.721153259124264
64 84.33783091819075 -71.69247625317195
65 1.3484459369097976 -68.69209477435416
66 49.116494016476935 8.732428744047581
67 64.39916603603206 -53.666865032086484
68 44.69479128066348 -11.85385727476276
69 -14.19672294769596 -27.754804888276354
70 -38.43751064758727 -41.03437372180068
71 80.94669384703809 22.936483508063077
72 -62.37555334857199 -56.81651723613339
73 62.08430263473366 -69.74927157177602
74 -27.475414001926964 -46.72632919953479
75 -60.530586554249986 -58.616425875482946
76 -12.255855786824938 41.52431156289089
77 80.8703200149881 18.12890659650961
78 -94.39956357530328 -80.82411134018872
79 2.307374926274619 38.58741582874501
80 -10.001179425070376 -51.968025341053625
81 -1.8047439063139308 13.867835526354739
82 -57.2326237963664 -40.251128035434206
83 -64.3231027481115 75.4754831570221
84 81.63002260431554 41.799445889625446
85 35.78696810664036 -36.50324551878852
86 -60.64930272589795 -55.85436609889835
87 43.184409249892184 51.35223586741978
88 18.307535564171886 -93.05689035014248
89 46.545159156320636 -20.1947545220182
90 10.732678340865661 87.14061088507435
91 -46.69244545379607 -58.923403110019265
92 -47.92012035209896 -29.37440687536963
93 45.31476068714221 -46.66949119054091
94 -86.54141381497769 -3.3931639373368796
95 -54.00014959492747 96.46059998496489
96 -41.200134772586615 92.21379755432616
97 -84.8890737888901 42.0189701610355
98 -6.6041167222171 -82.16856044891708
99 53.57512561923906 -96.70450618508268
EOF
