DIMENSION :99
NODE_COORD_SECTION
1 93.16115391668941 52.99763960308914
2 61.04118973452137 -73.94875243674326
3 31.55879321403313 83.10190641929665
4 96.32297838407467 27.314696574272304
5 75.56983076435651 -16.98054969337386
6 86.7201448705436 89.01504041801692
7 -53.16144217803418 32.90863646136225
8 -23.07436848134212 -35.784468048476455
9 46.99893632689927 3.764793508799812
10 19.85592415676423 33.84811514513734
11 -80.7625007389001 -89.94667254143852
12 -68.57190545273974 -24.995937740425674
13 -69.63802621059841 10.07176206911386
14 42.90858997435751 57.95027602364374
15 6.658072551476707 -48.17485258887384
16 46.32325600149386 -48.606165292888306
17 51.54352542132676 -91.5117418490669
18 -11.230277455950073 52.43174717076866
19 49.00491027848909 -74.93279656270153
20 -86.92529514286986 -74.21347527192479
21 14.029446120087115 -93.33799451092794
22 -34.9095533497934 -63.657356487350555
23 89.72050405495347 -81.22913421348608
24 92.02607786043285 -10.337231063257164
25 10.51208791379716 -58.634202988420945
26 41.56113126882704 57.07674112553045
27 51.874115196706555 -78.99150932377752
28 38.09018497361686 55.10047591705822
29 69.12695211815759 99.06422298447941
30 60.29900251846985 73.3558370059825
31 91.46014478619776 -40.88924230868112
32 73.37418055307063 -99.17321989251336
33 -18.023125475284502 -67.07179990089385
34 79.4999200388796 87.20092052836802
35 -99.43775529244594 31.99489783485555
36 41.8969830539296 -5.7900193785532394
37 -86.39992375954509 30.203458753931415
38 10.510552745987084 41.29640045446462
39 83.03937747584615 -86.44994073855257
40 -68.44472505036796 30.597643675650488
41 -62.96166692254077 33.83931938133935
42 58.47722641979797 48.15366488777204
43 -24.609877164690033 -44.01398623364716
44 -1.5057307312336974 -18.592841687665526
45 -4.838530547271063 -27.716050656075524
46 26.72766864302814 -32.51980431432632
47 -64.54855956063136 72.05153301802548
48 -20.960495597615704 92.37498220224413
49 34.90445502887064 1.3523790966923457
50 -4.958071982650665 -1.8395016693000485
51 -28.411829804068162 -74.97136388299378
52 24.345920639315153 -76.62917599901459
53 -87.92665269135614 -87.92646380502825
54 -68.03130831501284 -98.74489397303192
55 35.02947810070131 5.408937631169437
56 42.92050839485975 -28.816972642187594
57 -85.6236430760351 8.42251176942203
58 51.34327063195428 -79.57609736823206
59 -51.991430624905654 -76.84158161040166
60 -13.825318247379087 66.68138665818873
61 0.3362058166651565 8.844343379918925
62 -26.836512768526262 -83.8200021436054
63 -9.638181383014043 94.47677814964658
64 62.16274328077145 -12.236350831623227
65 -98.25986299201077 75.47556016214091
66 -1.020266986240287 80.38042467817141
67 17.243670073320033 51.957711790969654
68 -87.33739284644 -20.50802312323829
69 87.28376850587205 -75.03029585681804
70 61.95544155152254 47.359911769273424
71 30.613492015460366 57.05628156212907
72 38.755043721344805 -77.17439965157828
73 35.064978683627004 24.833134734773665
74 -38.2458166473951 68.11397257208927
75 -22.849349590518926 -56.2303191600473
76 10.057754120986402 -56.644132147806324
77 -88.41575931338237 -70.822674189906
78 -55.59027251310369 -36.06246150524333
79 -4.745950062738984 -27.562365057055842
80 42.770432271645376 -98.54993636222251
81 4.90747250114012 57.79390127798493
82 -62.66477829536434 25.925430010674376
83 -16.21757902837406 -77.43134153699727
84 -18.31286374113921 55.21008686341915
85 -90.3522289317436 72.45871839833615
86 -0.37220445988567974 76.74089462574162
87 15.191557348035673 -96.40152722872463
88 -28.667806492819324 37.6523963441542
89 -88.57776732262776 54.37114193444498
90 -2.175173925259571 -38.941543676704214
91 -34.275217954055236 12.486768889731053
92 -48.62411127146884 -60.484670987571
93 68.44014606591372 -63.365123499361765
94 -32.731884280819685 -18.912687098919804
95 -14.687099243370866 17.058623854628067
96 -38.51381860166339 -60.899834031356924
97 -62.12126189184535 95.68653447363704
98 69.23222615888622 43.581589885205915
99 79.83984147445352 93.99678407567035
EOF
