DIMENSION :99
NODE_COORD_SECTION
1 22.555465596416994 -62.78336975717067
2 -33.34671135952611 36.37555993312475
3 84.67240334827426 -94.07831505762618
4 3.5464807116988766 -61.50289339921273
5 -37.076263390907236 -88.98152287384427
6 -70.92805878826589 -52.6819618311879
7 48.46563989090407 -72.24203774872053
8 29.007579300268503 -62.37227639082572
9 -78.2601356431861 14.540079589462579
10 77.66216022114392 49.77783638666483
11 26.99524959327519 0.2744622243161814
12 -58.36458292314553 -2.0732668684493945
13 -69.01010583250093 13.149838001099056
14 -62.15755355519374 92.534926032246
15 60.97283193681568 89.31929231693402
16 -32.829238218837446 -76.08043237032471
17 -35.10431360258511 -75.57755027339472
18 -91.38500501541347 18.71488284133467
19 -34.093750473139494 -13.470182967339483
20 3.4607568993235986 -22.62553648026295
21 -6.472369902655032 96.00855687285241
22 -14.9342292612275 28.39055685807682
23 -34.47198818627504 -4.026990392860142
24 -82.98707060463374 -6.305585084592849
25 -32.66222922997129 -13.602620637381222
26 90.88649671788409 -50.25913942194584
27 29.972188178547754 -24.368004573977828
28 -95.35075273884428 -9.930624003565683
29 -57.23043492925923 -85.02127005858293
30 -6.425119997522529 47.67293193343485
31 53.856117252483614 -74.8549350582429
32 17.91659079719024 -80.70503388775757
33 9.10059525722933 97.81055514370522
34 24.96934128020078 48.813938523125245
35 59.423141339865225 -38.79667864942129
36 -2.0902301764079425 73.16391459365627
37 -73.32558995271526 -64.50167717562684
38 79.77442523745023 11.778754473112272
39 59.90263430402962 -27.986659367483654
40 18.163413480781543 89.3365247141904
41 36.677772536092306 -30.407562464458366
42 14.733215857412489 -78.38023112066494
43 68.24354731608108 92.23096004188628
44 -16.731047263978155 -34.40359579516041
45 52.619602531046155 -26.0899881948542
46 21.102944330654807 -62.6349412916082
47 -13.62222788227578 -10.227452680875018
48 80.87295221986545 -64.60234019258111
49 -6.33221184206576 97.18718502815238
50 -6.909896800763661 71.5512253415553
51 -39.83049105446461 5.9099486678050965
52 -65.28697806049706 -91.39012073368613
53 -29.999814611390875 23.46824799142577
54 -35.09875002984661 -69.34293643758963
55 35.2069253567625 40.05536494968291
56 -43.65238831335518 31.36712059543109
57 -19.67398538327423 -33.362126478431705
58 -60.93419363148853 -4.655600573510583
59 -1.4076309000576828 -79.35754900083356
60 -56.764124526430805 -31.07287973849951
61 -68.2660732619387 -34.49739750172647
62 78.68707669937248 -30.58771779550338
63 -58.11265472549672 53.509829395523525
64 20.823886463224724 -34.552966002165135
65 -57.977032766492734 -4.172041261792202
66 86.2777333741407 -23.629176375870514
67 -69.63147162677545 -10.806708757521946
68 76.29345082178222 -15.418058738792013
69 34.6727092211336 65.73733454137772
70 41.8360213826426 32.54089493406266
71 13.751089487175605 0.5329781115254377
72 81.6297964891759 84.81230932678315
73 -13.391205593772852 -89.1210317490647
74 22.818943177809075 75.5859645842896
75 63.53550048853117 12.001696999209926
76 -46.3356936801264 33.406759792462225
77 -61.07985753510845 -44.232768385699714
78 78.66866830353453 77.38233622021849
79 -27.86579873086967 72.16074441108165
80 48.748653545803506 12.926311135845921
81 30.684042458137355 57.70446932039653
82 -17.45159311912036 20.13395802601022
83 -1.065775205051395 10.649342248743679
84 39.71647772123785 -75.823618019354
85 -33.94455209319038 -0.3103214636593066
86 32.94401661516605 -35.36181618604057
87 98.45216456423631 -28.885898154157402
88 -27.21101556646444 39.512798751198005
89 74.77664293068241 -51.27975153336273
90 27.787569028085272 89.60859878087805
91 -84.26235669551487 -38.51540352232943
92 -47.91943925405544 10.408058099244727
93 76.26358767102278 -54.10700439584553
94 -16.240862873211142 30.961259035844222
95 -15.818420420875398 13.00144825942023
96 -50.639202893054126 83.18408927175477
97 7.425174474945834 -55.28919440698159
98 23.423094289075536 99.97056361851989
99 -89.1145039242703 -10.596944048640424
EOF
