DIMENSION :99
NODE_COORD_SECTION
1 49.717351606509965 -44.06852321648505
2 -56.80721433735059 -25.511567080207982
3 46.40004632950183 53.860061367144965
4 87.38879641439217 23.24960627190393
5 -56.49985300991924 96.93312431119111
6 6.9922863455758915 47.50953849829838
7 86.66285113687857 4.080570496420208
8 91.39411329889614 -31.47165094954893
9 87.63248292568707 60.53650101817263
10 2.1633861073871117 -31.534250097980546
11 -29.24226509620169 41.810713289271916
12 44.57379067642049 95.52058626758415
13 57.44955695489364 -18.623953737489757
14 41.89269304378652 -68.0822371075714
15 -61.231419022822294 3.781797655515362
16 -29.870416670747787 86.00343531555512
17 96.67081591152115 31.817461934767493
18 -63.08306023015253 -2.751395270343764
19 26.041574730329813 94.51514471924938
20 -4.57682478459796 -98.24984623168642
21 82.49945761946739 12.193022383743397
22 -27.326109876424624 -4.14243070546658
23 -64.94646931737333 15.406310810838704
24 -38.61579779474506 56.84250311801017
25 38.048620349033826 -33.41374965116984
26 -24.61850186677124 32.06756626139787
27 -46.564997837930555 96.31172428916551
28 -99.07543093960787 -8.100387268068033
29 52.25049151007835 -59.427897073861935
30 89.70149577868929 -43.34794464285048
31 -96.69557973722046 71.04403656588815
32 -65.98457766819618 54.12957802276256
33 -82.59545305624968 47.31900009520976
34 -59.356255225462284 41.887892459177436
35 -42.930460603197254 -11.817628780554614
36 -22.91709085834701 37.11009313522803
37 44.52122530681913 58.458936691003856
38 -97.63246364429286 -62.95971013991666
39 4.852375097478429 -1.3961653544618287
40 -85.62089710268066 84.2043059484219
41 66.61726232139662 -13.868119292132633
42 46.53613108000309 33.18614741636674
43 -91.30601859077542 11.142411037065614
44 -71.01580539055452 9.518206127682575
45 -9.881098532786154 -27.389252005991096
46 -7.119246079200337 16.282038865382845
47 28.695225208783654 57.78155298618307
48 -58.90363784484774 -59.69424660317348
49 4.529323608425997 53.91320837725638
50 -65.36968568754011 37.383045952744965
51 56.249846678251316 59.78674696365215
52 -48.73457043080851 34.72799268961734
53 -89.48357578474474 13.806525363760144
54 -38.53687546368156 -21.081247033310177
55 39.5260839743392 -63.81574977079112
56 -63.77334133125587 78.87246318905358
57 -23.42269399558137 -5.388239553652554
58 52.636798192923294 -54.06741312900438
59 -63.646954484051 45.99225011591335
60 -5.009129968748141 16.939077877898697
61 84.43563801039312 -18.786516930572006
62 -37.04734569756094 -38.80918585714388
63 79.66815114787639 5.610754000916458
64 92.8471566548356 -81.5012417427067
65 73.32819377716834 -75.31864545994034
66 74.21083709111434 93.06739887880983
67 -9.318172907161525 -27.22361509031468
68 0.9344782177718116 -63.26889930534638
69 43.33680461915796 -78.09024475571945
70 -65.18760495067008 95.11100794315323
71 24.915780419991336 -61.51159850306544
72 79.03829942880057 61.547265180380975
73 27.921970605462576 -82.31830320155413
74 60.164605315052086 86.20036027135691
75 -13.729014211932423 18.312121821654586
76 -0.7313576588773572 -78.49560873320836
77 95.81437266673564 45.56336581849456
78 16.545743754839634 50.19426123721013
79 94.28180108838328 -15.533928850399974
80 -41.724327091507774 -61.58225760039417
81 -7.57945512987726 -25.96456784159298
82 61.08560020727518 -16.017544878781067
83 -60.28772528961328 -69.90094146739727
84 -24.340827715247343 -11.42310913401532
85 80.89896963303525 74.26743402810817
86 60.51796161271017 -27.15635596043586
87 -86.34893149442043 7.163441303312254
88 -73.77190787862361 -25.527889703215862
89 -6.937170410745523 75.94150248217997
90 61.36130437966588 -77.98311465270073
91 45.26111132654606 29.29083736902473
92 3.7664773091314885 -39.06267778031505
93 50.265656526385754 -72.46838599000097
94 -65.81602317369135 -76.60741078477628
95 33.34029843844442 -18.923477908539184
96 -36.03804905191337 -20.384246829945482
97 -35.57384567847397 27.444706734354057
98 -35.38990930440052 86.22943419235628
99 -93.15049483834284 -74.82122887373019
EOF
