DIMENSION :99
NODE_COORD_SECTION
1 -55.84692073525148 55.65462650445875
2 -20.651565195951903 42.429811696255285
3 -86.27760486804412 -89.19662075992345
4 -0.43589959714873316 48.63939942016614
5 -92.44818724934034 60.535076716117715
6 62.49388237760445 -20.338454836196604
7 -79.48163149069671 -66.1049233611856
8 -25.994734313952335 39.83173240750085
9 9.597295909275758 44.94361784780375
10 7.360986168033577 28.904138774804608
11 69.07579404777351 25.021898526025808
12 79.80733365315831 37.4422730152194
13 34.09726125696096 -44.40869835258814
14 -43.37072940734703 -58.83770764376195
15 93.08402331648881 -37.67915578656764
16 81.67742929384772 42.89231094882149
17 96.81325377132018 89.88692835413977
18 -93.77631155040409 -39.774885852886484
19 -59.602736404853054 -33.01140382344134
20 -57.896364675242154 -62.39428150323576
21 64.14599829025465 92.37050387503547
22 0.45562977441773 -26.490672530419218
23 -29.733955981986668 -74.81507519067998
24 -6.032057373788206 96.5291957172025
25 -15.422931861891499 -53.18683532118102
26 78.39686436902932 -1.3918826466941425
27 5.903174121294569 76.30574410936558
28 -11.779749630197585 39.31119881369392
29 80.52318089333804 67.88992360916049
30 -18.35734083296589 -28.048285798411627
31 -84.95956236564986 -3.4679562810974573
32 51.76961863045261 10.545822014343528
33 98.2593317281356 46.33134022514827
34 -16.37973235887881 55.98610439551288
35 41.13222039677501 -43.439082469679114
36 40.74909623088229 30.487841429041822
37 63.56702317921403 51.460521025193
38 -49.400888607255155 -68.72396802016614
39 57.862403158661834 -17.574953098321686
40 24.31030724055894 7.645261234727812
41 -59.236155006448584 -54.978448328014665
42 94.55885858032354 -10.061442352751087
43 69.6106987745651 -1.6932828696662057
44 84.10407864393162 -45.34454705584141
45 -57.229356463207615 10.205753163708351
46 28.07165823142813 -3.186540135834079
47 30.534724315341066 80.25279228501466
48 64.60335369478668 -1.1486422517814816
49 89.87256570054424 49.781886420863856
50 81.35479320972087 34.776677299393185
51 4.9240457229147125 99.69677323820531
52 -40.57535484068207 -71.07622436797556
53 64.83015570150337 57.236642099617484
54 91.64999747106995 0.6030937901355031
55 41.48243635831511 85.69424627996929
56 68.80427445486629 69.08614419963504
57 61.99684484294622 -85.16837794259202
58 -74.91432495237325 -32.21513946362276
59 84.19461836046915 84.77797083473013
60 -86.6143804055171 -77.85198282786496
61 -21.900985878363002 22.483070305571843
62 41.178264904174966 -17.288453672778047
63 -7.566279284485162 -52.66116233379847
64 -60.52630009934239 72.90345624915534
65 -57.66510326500374 11.37062692995336
66 60.12905616076384 -89.3816194742725
67 -7.034278535992854 -80.56105241789247
68 -99.0867555975559 93.24062527475482
69 33.44861511052352 -53.81868337934799
70 -56.92737220952297 -2.291241083599104
71 -63.49291738619562 -31.036914762749007
72 52.74656740897572 40.37884063085909
73 81.43551073384168 69.8950527424578
74 45.433203875304514 65.85737101920662
75 -18.50809669946358 25.014815694829622
76 -58.19249900838444 -10.360715157204098
77 -98.46486558695395 -4.982126942525284
78 -46.45481653441228 -93.69990337748848
79 -22.295249410389488 -40.53654698741666
80 29.407563326470836 93.155689474187
81 -41.83197603671254 95.16923422508268
82 64.69407503124404 88.71700480684547
83 72.43548601107611 -10.451840193889112
84 31.270697566134288 -94.068807194381
85 -93.52736752107647 -99.07051864704195
86 -79.26592184103572 52.114658346197785
87 -88.18767678277423 30.445446427449014
88 -90.12720553494667 -29.352355898316546
89 -90.90144049085802 -46.14610427977466
90 -44.56140238211468 -6.0860341383548615
91 59.96933203624195 -23.29373536374068
92 -95.65775746969376 -97.3664087467534
93 75.91239913055793 22.559438436576258
94 -34.260110765436224 -76.3501244888863
95 -91.29530565277602 -58.53099536514934
96 33.07775021462459 66.3972280698872
97 24.272463030933494 34.79054398459658
98 67.01415101195954 97.68913917902736
99 0.2859046981632929 -67.64539028410768
EOF
