DIMENSION :99
NODE_COORD_SECTION
1 78.5543297358468 57.813965174288995
2 76.5313957713939 41.491457617360396
3 -37.492047025608045 85.55740791561817
4 -37.644650890162424 25.995462571841173
5 69.33614178107197 42.77650101342789
6 18.513433197543677 -89.57796705997043
7 47.14973591575642 4.308834191048746
8 -50.70360113563193 -81.4213612681236
9 1.6261159567430212 40.68678855887697
10 -24.190426837361173 -40.27409239534509
11 -94.89085991678634 -43.01587697815798
12 49.709663475041424 -75.34412540036273
13 32.60519287896105 -90.24346603904681
14 -12.787712292238467 -96.73684137307926
15 -23.487520641770885 -51.89731874190813
16 -15.710586503704647 73.24901650465247
17 30.397270255100892 64.91145027733688
18 -21.922504233893775 -59.73780538685931
19 -48.14254868766164 -84.3498913768274
20 4.86858109328125 71.69458827111472
21 -84.50987201115066 -35.41275743763224
22 71.658252421259 59.513831433045794
23 49.20677478277403 52.133223547780744
24 -93.92407953910178 -28.071077748879162
25 -89.38415147084227 42.020247100159224
26 78.6243930942899 9.349066960587948
27 4.919420177246096 -96.66715689896111
28 1.5073064316877236 67.01011331416063
29 -28.25306641968426 -90.06106767513673
30 -0.07544102933717056 24.806750691426643
31 -24.424294476815334 -1.3394244015290582
32 24.567442984046764 34.28303071707052
33 -77.13557069599639 -82.43747663934343
34 28.146676075389962 53.3975057233647
35 -1.2475305630644584 17.025861369857623
36 -35.86176675435135 -8.406346673951745
37 67.15423579855496 -11.186975219994792
38 -17.46674082686117 70.87004377410545
39 -89.69538063980838 -57.880472282637506
40 95.2300812134138 -17.04102943447485
41 97.28791149617132 -79.35312479942804
42 -37.192239576785305 -71.6137916291447
43 65.80924984787296 -88.97991688387489
44 -85.22768729007366 60.09868923351789
45 -22.555799582614753 -29.58756171613335
46 56.968159622540554 22.510921158814142
47 63.82862180415805 -89.97099076287009
48 -57.30095906806474 -23.764977169072708
49 -80.27247413171267 11.139678494944391
50 -11.795866314269304 -70.5766350270378
51 -81.35175635552085 -78.35865411999423
52 -1.5133194978867266 -41.43320688640675
53 27.63970683202004 -16.33182000734783
54 36.09400368549632 -5.244437771091825
55 -19.85371283434489 -23.442275422447366
56 13.299368324486721 75.82408028143811
57 29.261142130170583 24.519801875432762
58 17.237673422841397 -79.53531623267678
59 -51.549389605586995 14.644207054410387
60 87.89854134830966 -32.690275470802916
61 -27.202259042693115 98.42222500973395
62 -39.518070786359296 40.145269059467694
63 -18.960369372714396 -91.25390526751987
64 -43.527051087695476 -50.166145721692246
65 7.1497837695279 14.389598729413038
66 -38.10580583834733 24.187661615896488
67 -60.05672030100031 55.26199841028685
68 66.54528867928178 -31.05224277449807
69 20.159062165730646 -45.733387331357434
70 -45.35885912277009 6.188856897127295
71 76.70032790571048 -14.61557181379041
72 -64.88822189426789 -89.11668129849642
73 -42.809576372064214 92.64213794171397
74 -21.07172173647851 -27.97792002059711
75 -97.27170479084799 -99.08688920361841
76 91.17087876860953 41.604252578293654
77 92.70410701227749 -62.96118491369105
78 -12.843135824633947 -97.02872909717834
79 42.76219591492307 88.54734361101805
80 -35.20256069970134 -10.624568825268852
81 -22.524994912187623 67.28470169119745
82 69.45433556859155 14.33679346485195
83 -80.9815885530989 16.563564147768233
84 -67.08153021636254 -62.74350381437552
85 34.11515507813394 2.9733526545830955
86 34.734523008302034 80.918528995227
87 -36.260111762828394 -32.21554820357042
88 -18.05312852748375 -58.07392354444823
89 23.55573208374699 -22.08149589141624
90 -67.55608583044265 90.78273495022876
91 -92.22105507734761 -87.2542221334757
92 97.42928849632503 -54.757224748985614
93 55.14472862101465 50.50964305898509
94 -49.84981597480604 -81.28119546961625
95 -57.12609476068997 -23.03274044268558
96 -59.13562289843619 94.94927222373218
97 63.01661452714205 28.87469785074731
98 -27.870724274297814 -39.20779863866504
99 5.275866137121923 -93.76634666673442
EOF
