DIMENSION :99
NODE_COORD_SECTION
1 -75.60294868220404 -15.972433998103284
2 -70.65244906954887 7.8484858261005
3 73.23649946860155 59.801518619015894
4 71.67727844301871 86.72522962897193
5 71.99731498408858 -1.735430591612186
6 -47.73205844180044 6.059365507234318
7 42.619227238761994 46.20644778045312
8 14.556214478503577 -80.97608799640537
9 -75.8178944769178 84.79455869795697
10 83.72681426383352 86.90259235068234
11 79.8014248628931 93.39198921222683
12 29.20302001156503 -96.11906882760518
13 -47.644210617424235 -48.99686751335541
14 4.695553598743857 -85.22196470991668
15 -92.78807197951767 -14.173388170176992
16 -5.692921256544565 71.06211404968502
17 -98.91107904582239 -14.065609024308714
18 59.79124134810033 -36.343183819525905
19 98.43010071677068 -82.1151701502553
20 31.916641455619015 -4.5404838435276105
21 20.127581123746012 -34.883282492985714
22 17.987780130608158 12.156740575179882
23 54.1709769437999 94.26014837260854
24 7.926529384746345 -3.1639532199737204
25 -16.231614918535726 -14.960571768039998
26 52.91925341742191 52.057637256093955
27 -4.28573517370647 18.231992306451005
28 -36.513742350436786 42.4631271475979
29 20.255510265425897 -93.81341241130954
30 27.931859619312547 -48.337077719638
31 23.433418467396834 71.6929286190603
32 87.48482436377921 19.057691789371802
33 23.855935125124134 33.5341449774713
34 21.040612604861764 65.41357888179027
35 -61.91890031658278 40.84234364159511
36 90.26837307166022 90.4247248014976
37 72.2691248397806 13.416760364676534
38 74.94708222378668 31.160843658019132
39 -27.51281135100912 91.45292564544093
40 88.74707099819847 -92.78835434536983
41 22.027478357544666 -24.329533245802693
42 7.274395510374632 46.50383955561293
43 31.325699914487416 -52.383901976712345
44 -36.952647364184756 85.18075265010395
45 -95.45627330310118 -0.0425148969948026
46 -33.824163783875335 -34.40162693158206
47 86.60672556417566 77.87275776672823
48 -5.134145231707393 18.40595969301515
49 95.46153876177303 35.1794036945511
50 66.47314562740192 7.843200236332564
51 26.54979624963312 -57.364519037361305
52 47.68122374630846 -56.19986567788209
53 79.96565425180603 50.88499433338259
54 91.48093831312346 -80.15001666981057
55 -94.50520472203287 6.808497846575534
56 -1.0198803748460392 23.379223491975793
57 86.70766729892111 49.57889972640197
58 95.6733402286306 82.10315787327559
59 -7.493271427520881 71.51166321044386
60 -15.346382649481782 60.66945567576511
61 -86.99616743428055 18.837471864729466
62 -6.650804234459898 -98.28396231656566
63 66.3306063847462 -71.18529764906984
64 65.72027446862242 -82.3361212001381
65 -86.03890656721998 -47.86205340223877
66 68.4520629324391 82.68931649151375
67 54.35265761936424 -6.612072936484708
68 -22.467921042366697 -51.26557129870704
69 -21.81245841228771 -82.69270171162032
70 -9.298789364119074 15.07829531022233
71 -36.775853938627904 14.975736141231536
72 71.6195988107026 17.905827852317984
73 -37.25635377614993 1.4969373891645859
74 -26.810045034279867 -25.52496863794063
75 98.80404662050438 25.59909637309599
76 10.332524615820262 -84.10242092131898
77 -90.00955721007729 11.58954267449765
78 -43.39253946260653 73.21168260608391
79 23.076783827066222 -74.60670385035814
80 24.431853747138746 43.34022735592845
81 18.990910720115778 58.94429378642158
82 -44.7596040507517 -45.308695233049015
83 -54.29863331049945 -39.012801037080955
84 -6.209980828335816 76.57223040625314
85 -5.879119412414994 7.386693011134199
86 -50.08941122096437 72.25231381121827
87 97.84809085600216 0.3302307938564155
88 61.35515337144429 -17.576396270318355
89 43.54562113468174 13.349314959668064
90 -36.99504556127224 43.97292888888015
91 85.97909003618491 -42.126595329720764
92 -59.46422898636181 -1.6073177178194271
93 50.218406389818284 37.069638796965876
94 0.7539948135054004 24.821756531068345
95 73.22898362107887 -25.989429805124885
96 -73.83788995756937 44.62215400368544
97 88.05733402363686 53.75129126208907
98 -2.0849409523116407 87.5608713550115
99 86.04189202665043 2.686189836284882
EOF
